"","t","","",""
"1",0.114776880559251,1.00550739928765,0.0843350794590775,0.0627114375121072
"2",-0.0308266182979756,1.00387753711644,-0.0761899291763099,0.0443306239419224
"3",0.284088008125003,1.02672227045719,0.100660367272946,0.209824000327025
"4",-0.0811999462723508,1.00994464242945,-0.032921479284771,-0.137493116095535
"5",0.235491366251587,1.05151064541373,0.232511324008715,0.227185214365096
"6",0.392077463004895,1.09885899913172,0.34654568743327,0.295630151530889
"7",0.307215580771796,1.03256265290047,0.16217244355285,0.199714122477495
"8",-0.0482835072822717,1.01138687282393,-0.151299404378155,-0.00344916734648211
"9",0.159214462696462,1.02048629053482,0.177532886437532,0.0993697308171341
"10",0.146001071632129,1.01531614848607,0.0846699278834844,0.153941172818665
"11",-0.288947543238341,1.02702940022662,-0.16825043438988,-0.162730391314788
"12",-0.112981130531696,1.0130139295085,-0.161849186309127,0.00143606035004713
"13",0.0598413193933895,1.00127274895846,0.048137041411163,0.015163873219345
"14",0.0464315205703369,1.0100245721244,0.12577416184967,0.0658065080830265
"15",-0.0548512128973483,1.00860473458087,-0.039722285463952,-0.125322187406978
"16",-0.126660303378518,1.01191922938933,-0.116296252218911,-0.102253159011037
"17",0.343084542536948,1.084332499191,0.358572760494623,0.217261465136079
"18",0.337754093416487,1.00261164826379,0.0325874278790227,0.0645614186528267
"19",0.273192563489144,1.01042569184899,0.00883508656055791,0.144506124416844
"20",0.279407258566581,1.05522343167921,0.238401933816294,0.238035729917821
"21",0.230278686266983,1.03224407352133,0.179162501528994,0.182834967568498
"22",0.317155465764816,1.08279165421004,0.351067272816621,0.221787142061983
"23",-0.233775920357096,1.02252590687521,-0.139761969002693,-0.161325206497473
"24",0.17735804650208,1.00460067607853,0.0583501103271559,0.0762743928343597
"25",-0.254733579436721,1.08293628615747,-0.222058141690065,-0.351341972422432
"26",-0.142425791229034,1.00814450411383,-0.105118080084435,0.0728390720306351
"27",-0.0284407722930247,1.0020635889891,-0.0283499620236677,0.0576863591413026
"28",-0.329549853679422,1.04759063832397,-0.199651635610037,-0.239969518694057
"29",-0.0234613483982306,1.0061621704152,0.0423569653096557,-0.102801754189186
"30",-0.491210084922008,1.19993889505674,-0.390332034576484,-0.536184907148065
"31",-0.146672498756797,1.01454998007309,-0.170114454781391,-0.0193063290333755
"32",0.0696757087708273,1.01252701376593,0.0713198864763887,0.14186059142252
"33",0.439573105834946,1.10754394222782,0.350173352730478,0.322540240904982
"34",-0.130413596996616,1.01502039333852,-0.169625265772721,-0.0386480025954946
"35",-0.205530381592737,1.00099932087213,-0.0212395029070069,-0.0393512884506602
"36",-0.457470201176121,1.14391837256007,-0.462683912818227,-0.307364343897748
"37",-0.261666205906311,1.04825534706134,-0.240299589412718,-0.202719954545123
"38",0.102000914150094,1.00075114514514,-0.0156994348731661,0.0354454828429169
"39",0.175582045063304,1.02293821538518,0.201772514622876,0.0754350372054442
"40",-0.27999294893015,1.0310829946236,-0.160563710127657,-0.193265198088025
"41",-0.260111190473326,1.03616409531433,-0.241317924915202,-0.124103551654172
"42",0.278351489562213,1.03135740464028,0.22147118746421,0.121031439012851
"43",0.25884942696274,1.01343806828986,0.0829585369153773,0.142037316969646
"44",-0.239349822481257,1.04873885509411,-0.242010637271967,-0.203184737692877
"45",-0.0315039370367113,1.01416895079552,-0.162497347577747,0.0461873661068972
"46",0.0164297108815477,1.00128585344255,0.0502798434530145,-0.00673035262866019
"47",0.262742694403253,1.02168163405925,0.180297507123444,0.106424481671564
"48",0.0999560562970712,1.00696956442464,0.111320082144192,0.0399442485090835
"49",-0.114398336491897,1.01704077873708,-0.0938387232579988,-0.159894464042497
"50",-0.113510489680313,1.00057448958674,0.00909237596725359,-0.0326594230052785
"51",-0.0879989399863068,1.01121943246981,-0.0965657065253787,-0.115064351246681
"52",-0.0993109895987373,1.00081931856033,-0.0380425538764276,-0.0138590222641205
"53",-0.0929492472235396,1.00401143692593,0.0779813010676631,-0.0442479622339755
"54",-0.12222964516479,1.01864624118663,-0.0890935558398178,-0.172344141157941
"55",0.204205220408152,1.05016543409805,0.104002609518259,0.303365944344028
"56",-0.662381003935765,1.22546082649288,-0.567517393291105,-0.423884707887272
"57",-0.048815422933535,1.0002384224939,-0.0195021837260283,-0.00982683382349353
"58",0.208666366743135,1.02529877309175,0.0907292364293988,0.207378349304829
"59",0.0527230115216668,1.00535739626807,0.0879764372047214,0.0548054808178862
"60",0.0910065347866051,1.00853286476959,0.0488510821927697,0.121458268919607
"61",-0.104461245678256,1.01292469017234,0.00525602394943078,-0.161210428238919
"62",0.0545299733445619,1.00268015619922,-0.000812147237473788,-0.0732586926757213
"63",-0.144384063112936,1.01418909642898,-0.0577526436280964,-0.158884094450634
"64",-0.129672366069419,1.00426834288998,0.00612810353021407,-0.0922894949499536
"65",-0.232601355544665,1.02391258210842,-0.124528818923158,-0.181354760228491
"66",0.213531528823491,1.0072616000371,0.0370150267957336,0.114916572784817
"67",0.0172088560284407,1.00320309894828,0.0664210359336615,0.0447739179092168
"68",0.135957063440454,1.02406272821016,0.113251260889447,0.189416533639994
"69",0.0763214775219948,1.00651381832103,0.0483789383337958,0.103583516048017
"70",-0.161344508870996,1.01086767406377,-0.0902295848050626,-0.117098575964922
"71",0.108432140795388,1.01045750399014,0.0212240502567433,0.143436073080261
"72",-0.0957551781173052,1.01313391466092,-0.127219599817348,-0.101269454716003
"73",0.334802518348937,1.10851207393453,0.353897914420098,0.32180006871928
"74",0.0137504356610317,1.00386002758664,-0.0330630156052554,-0.0814971900455951
"75",0.0109656841921569,1.00482699635155,0.0945632118687276,0.027112571953843
"76",-0.0453265150925463,1.00366108383013,0.0233743241649921,-0.082396675690864
"77",-0.421388603512795,1.05970237783652,-0.250584168333779,-0.245309404982434
"78",-0.0558848568454115,1.01270878833436,-0.152009938836162,-0.049719900087106
"79",-0.115108611553641,1.00599197219732,-0.0916430826340113,-0.0601780153443629
"80",0.090985105872593,1.00455803135294,0.0803975247735291,0.0517018023476186
"81",0.0283523687269411,1.00274098480687,0.0622476315910622,-0.0401835161819885
"82",0.371070054892879,1.04678667548102,0.283653578272608,0.123705260590482
"83",-0.0584996079129323,1.00480506267387,0.0629951153959468,-0.0752650610262582
"84",0.0395490501388047,1.00028828015729,-0.0234765535827643,-0.00504924270624353
"85",0.225672187441981,1.02867460398288,0.0577201354972539,0.234179048673242
"86",-0.455480973403175,1.13796701809676,-0.424732602077718,-0.33848360522827
"87",0.259202534068881,1.02524003499323,0.136427589953872,0.180290438050123
"88",0.355723409408438,1.06556228239109,0.191008276866982,0.314545411384122
"89",-0.072636707311065,1.00539280146785,0.0863925018392355,-0.0578880028100605
"90",0.298028857768513,1.05436652868869,0.283012523421843,0.177743321690112
"91",-0.113260981440944,1.01276288811256,-0.0122487479678965,-0.159808121543653
"92",0.375067789614071,1.04831463240387,0.148061361602926,0.277563329192354
"93",-0.0269687189670458,1.00029376741824,0.0212236528328312,0.0117122882563278
"94",-0.118186915972268,1.01181241171048,-0.0254370135026809,-0.152043792492297
"95",0.117811183582217,1.0028187354317,0.0724608471256629,0.0198706257242566
"96",0.167688436733307,1.02815036092388,0.229862857071913,0.0652398007863766
"97",0.0733580953313386,1.00755665209506,0.0385398498453644,0.116983277244705
"98",-0.12928630823913,1.02227383360553,-0.0586526724719898,-0.203969740124451
"99",-0.143532068950661,1.02524649541615,-0.134367322249879,-0.181867531666586
"100",0.24261398117915,1.02259582899502,0.160666371627293,0.141026758121048
"101",0.360861833598811,1.0450186249274,0.226384565652889,0.202024639287654
"102",0.044717201868443,1.00201781407775,0.0484518501569006,0.0411353612543529
"103",-0.153506807848506,1.01747940175393,-0.141799577909745,-0.123114632347887
"104",-0.0353873245229336,1.00405779097963,-0.0604695086142226,-0.0668990743945704
"105",-0.292494264812046,1.0396503013359,-0.244778414771449,-0.144762829240783
"106",-0.47727990956178,1.12106221396827,-0.381825142964305,-0.333151688856185
"107",0.0519768099146595,1.00377328790548,0.0694317248412865,0.0523454782969976
"108",-0.343602267338601,1.05561702665279,-0.286110441860104,-0.180189128467567
"109",0.432220718231708,1.10233468693626,0.336132226774437,0.319619911999438
"110",0.386022277441767,1.12360349621595,0.425054092534995,0.28603117859414
"111",0.0902670744687465,1.01273903611969,0.15996113618835,0.00726568578757492
"112",0.330968572327193,1.04626848135498,0.157769663237447,0.264171286173967
"113",0.0471616845580577,1.00422052692648,0.0849623810517629,0.0352173324729707
"114",-0.42806529384196,1.10959047206819,-0.331707199171647,-0.348082389273289
"115",0.199789198635141,1.02782165042955,0.14229660387618,0.190181549097263
"116",0.0368795238128782,1.00838645141277,-0.123883580686188,0.0386793721408438
"117",0.327767387047162,1.06346297735237,0.321013295082008,0.167044810095239
"118",-0.359641210679515,1.00942833846152,-0.100983435319255,-0.0935302960559461
"119",0.396452490937055,1.10006563710848,0.310922861179215,0.336855132576346
"120",0.20954440181786,1.02864167676994,0.18380690949564,0.155944603015754
"121",0.0754037514243048,1.00978797486381,0.122744995908935,-0.0678632460088806
"122",-0.189454164323256,1.00684756746371,-0.108145514219216,-0.0452390523978568
"123",-0.47092208825999,1.14626796894758,-0.464737914417918,-0.31296793372117
"124",0.0893643929017718,1.00066982568063,0.0364336491598212,-0.00356219547375314
"125",-0.179680481886643,1.01890878997342,-0.100216945356044,-0.167725031371598
"126",-0.147077821998383,1.02697734848705,-0.211331939691755,-0.100106371283832
"127",-0.391152076617332,1.03923486618759,-0.0769338673445163,-0.272195310678482
"128",-0.176461806224355,1.04253723336222,-0.215053118047571,-0.201583827140409
"129",-0.097619156817904,1.00091843630952,0.0139418182396811,-0.0405381529977688
"130",-0.216001870276222,1.0112791138525,-0.0495541828344003,-0.142231603653707
"131",-0.0784630140808895,1.00022812946189,-0.0176379590435414,-0.0120504509294881
"132",-0.399589579632265,1.07625967141545,-0.319308063833271,-0.237438919906445
"133",0.0723275667256616,1.00518608630411,-0.068343590621603,0.0756850164849584
"134",-0.0665579579791441,1.00810115736273,-0.121017920422601,0.0402815890036771
"135",0.0423621184331548,1.00205276080614,0.0574699878706527,-0.02840661777382
"136",-0.53324282641738,1.16837171236342,-0.393435901570842,-0.458585487784086
"137",0.385257068678611,1.09582162105502,0.355865707468682,0.272368543373606
"138",0.290400132764246,1.02464178420912,0.169579389701053,0.145374057300042
"139",0.219182976268899,1.04935846525895,0.300187211225498,0.105075338815886
"140",0.165893041352055,1.02871491523909,0.200568466886684,0.134263423634617
"141",-0.314173481210455,1.03484913805103,-0.242308823061125,-0.110449865512306
"142",-0.095424740987544,1.00682893326245,-0.100252185576244,-0.0604483262099532
"143",0.191878992198491,1.02424337410487,0.182601031642486,0.125424689119949
"144",0.0322576487128622,1.00349752851096,-0.00532012095880594,0.0835403258348449
"145",0.0334140223579103,1.00735753028546,0.0946279810442014,-0.0762544361091295
"146",-0.117899339504841,1.00260034868275,-0.0720529585325462,-0.00397873666923046
"147",0.0627797394949666,1.00782139028204,0.0828425951016044,0.0940269065048128
"148",-0.326931549857285,1.07945474890783,-0.233355403164369,-0.332817984420403
"149",-0.00474398068446142,1.00645480247412,0.113667829693866,0.00555822956592961
"150",-0.224340909189972,1.06578513224033,-0.275840067057155,-0.244561251040398
"151",0.186560959750478,1.0150073085722,0.137936176743366,0.105893567323058
"152",-0.1553921522893,1.00941237407678,-0.13096887104323,-0.0419582620825642
"153",-0.24923187108887,1.05461428571351,-0.222333551542117,-0.250557545265935
"154",0.323056661028512,1.04395080621528,0.22183682910186,0.201548274742222
"155",-0.107755656657792,1.00231807601004,0.00159202566147921,-0.0681101383845178
"156",0.442927966409691,1.08715669761085,0.294297961016532,0.308704381733786
"157",0.021541560584193,1.0043052204231,0.0724529703347204,0.0581338357479173
"158",0.132611254959481,1.01770079250593,0.133461830910045,0.133801505063806
"159",-0.153218169600859,1.00962505291483,-0.116782658948642,-0.0755285246920363
"160",0.158210992347055,1.02676629868057,0.18272359816466,0.144433786836571
"161",0.013052076634139,1.009641215855,0.134018212955756,0.0376098836652886
"162",-0.0393218005978108,1.00006940543572,-0.011594129390919,0.00209567464491193
"163",0.658454652808375,1.00770165014089,0.0617859227273019,0.107912536108669
"164",-0.211032065487781,1.01283523778671,-0.131378618942695,-0.0926006338378006
"165",0.0474019456149019,1.00020676457138,-0.0201601820091396,-0.00267188242914557
"166",-0.142131253518862,1.00630971679566,-0.0904867376296971,-0.0668685010336784
"167",-0.0656683598991797,1.00864605097855,-0.129677148801748,-0.0234668539278406
"168",0.131032823423709,1.01957792051399,0.149447053786681,0.131166741646321
"169",0.107773605602956,1.00287169189085,0.0556696437142354,0.0515026326001478
"170",0.156139323390411,1.00265595437795,0.0536617457321605,0.0493900789080235
"171",0.353464583278849,1.07072069854308,0.177327272756743,0.339113333010129
"172",0.0131584287107125,1.00701921263823,-0.0795906460187263,0.0880512560321655
"173",-0.182152947596655,1.03172593030453,-0.217900950299226,-0.130298008892886
"174",0.112705093789462,1.02494935580822,0.168464314486204,0.148798376054259
"175",-0.0252412674778097,1.00039407346184,0.0276772794854192,-0.00471915435868436
"176",0.443064216887447,1.1492370389299,0.331523042510541,0.459171257738251
"177",-0.771091944285827,1.21234624230859,-0.483197940230044,-0.486110236260461
"178",-0.15584552180748,1.0105644863837,-0.100307142888729,-0.105731065564735
"179",-0.0202619613805398,1.00056789556483,0.0158047457300426,-0.0297711882102544
"180",0.468020676145974,1.09136005636095,0.387651685324683,0.201972630534717
"181",-0.11361047723831,1.00173723271046,-0.0589138467814389,0.00257721862247473
"182",-0.496277461865942,1.12745783218885,-0.417132485482031,-0.311707640136655
"183",0.121402562343603,1.00256630784786,0.0484823956649325,0.0528077545657755
"184",0.217603961427008,1.01443618211782,0.103138005993198,0.135806182883992
"185",-0.372614974732234,1.08047752000637,-0.290126495559037,-0.288545122664992
"186",-0.12944098620602,1.00618183803707,-0.0893243535776419,-0.0665060226865947
"187",0.0435464430708774,1.01560896776309,0.158755854099416,-0.0791084963197204
"188",0.0544226585695482,1.00933385991297,0.0528590106354818,0.126335924271167
"189",-0.419169163876891,1.07137214151735,-0.229742068477868,-0.308312905326682
"190",0.0923353350886318,1.01537169982849,0.0375732163703594,0.171953314083182
"191",0.0124296134122494,1.0182559759126,-0.190895529409207,-0.0201029682707321
"192",0.0473882374795086,1.00209912455096,-0.0341107583315092,-0.0551281379320929
"193",0.0769450378089717,1.00172780889283,0.0555366737237587,-0.0193463428309581
"194",0.0430688569557609,1.00905282859908,0.132296054132502,-0.0261794760218446
"195",-0.00720711027603386,1.00162083110961,0.0569579903897434,-0.000276845558405245
"196",-0.371959465664406,1.05791111601124,-0.23598579753944,-0.251965538794125
"197",0.156422141778706,1.00817716649567,0.12262008012847,0.0372225065320226
"198",0.179744588390173,1.01299341942923,0.148352448463658,0.0643989040416445
"199",-0.193012081136038,1.03612308909785,-0.255473844749512,-0.091017418171332
"200",0.026073756958421,1.0061644452241,-0.111206474569894,0.000104148248752232
"201",0.319819363519447,1.06891714002889,0.272398929217674,0.261500813781902
"202",-0.193962819642955,1.03382173094194,-0.172454237839364,-0.197602902860856
"203",-0.0519689395647502,1.01104272345616,-0.13217892087015,-0.0688194851131943
"204",0.0536979227655395,1.00093072332656,0.0237254108574022,0.0360474378934664
"205",-0.199137187019971,1.01143614859831,-0.133361006198261,-0.0722352041401442
"206",-0.0993282470309794,1.00780587813404,-0.124919166299485,0.00823953230236284
"207",0.0092722413851259,1.00137160129156,0.0280244519900419,0.0442686566757581
"208",-0.158664408671056,1.01253988129837,-0.158826363509188,-0.00334626271523906
"209",-0.336756824521335,1.07931656366664,-0.306521987516793,-0.266399166241048
"210",0.0944405798983975,1.02736762232448,0.234714527595472,0.0198323457080967
"211",0.0645835142325446,1.0033690557086,0.0679213217988347,0.0462185676829148
"212",0.0977495874301847,1.00553159243914,0.102614875953417,0.0237480657373125
"213",-0.21267593553435,1.01244282459886,-0.145220080137035,-0.0628617642666652
"214",0.139108368649491,1.01355754483538,0.0423417452482313,0.159706209340925
"215",0.00028332186592937,1.0009265000638,-0.0418872209107503,0.00996590459231387
"216",-0.544455145743018,1.19038580179862,-0.349337434544044,-0.543122190625589
"217",0.299945893404203,1.03090918669285,0.20863317078665,0.138729777824416
"218",0.188928345202393,1.02470540517934,0.154750901264611,0.161472369034303
"219",0.287574356822078,1.06580056707697,0.286619724477377,0.231905114911488
"220",-0.149863126263746,1.00669031142009,-0.11576406523034,0.00490553854561099
"221",0.0475942633691415,1.00271847909252,0.0736857290067788,-0.00384208984169378
"222",0.405754299942113,1.11257442639671,0.267348888798696,0.40785588867893
"223",-0.398181636008302,1.06444616590646,-0.238680407246167,-0.275821143695985
"224",-0.288442744608832,1.02097568864758,-0.124470341147793,-0.164007594287454
"225",0.186368013013633,1.00895003403409,0.0361221133777683,0.129133125504333
"226",0.197487257008544,1.03028526892242,0.170000950537374,0.180519838729516
"227",0.188653363362851,1.02435583061733,0.152084245151754,0.161787669790787
"228",0.385736908935849,1.08329529033818,0.393614182068426,0.136369211127346
"229",0.459712599033017,1.09748637293856,0.335029858430295,0.303696119082908
"230",-0.110621720569118,1.00532770730319,-0.0469167338346944,-0.0921011354857716
"231",-0.37014407920953,1.04445005935634,-0.244921666487196,-0.175753531328949
"232",0.0625398850937202,1.00660907139722,0.115099869949657,-0.00372055865959092
"233",-0.135292505332531,1.00687901164464,-0.102961894894589,-0.0566055853269405
"234",0.177432988282341,1.02714425283236,0.187340811794101,0.141169176390834
"235",0.217749721825029,1.00944247781032,0.0668061296479624,0.120461848936927
"236",0.201791344534371,1.02037632875169,0.172989682540164,0.106030288179488
"237",0.0574414527518214,1.00286586601904,-0.0106733701919563,-0.0750068289881439
"238",0.147867769948807,1.03392060009685,0.244626360304192,0.0956543315744517
"239",-0.253137445714563,1.04717044558176,-0.135389354252734,-0.279706390443479
"240",-0.181536007159821,1.01296976249916,-0.0732287789118683,-0.144032238324221
"241",0.185360944581373,1.04316074138256,0.271379370279874,0.120571844757893
"242",0.0342329402880167,1.00227749506898,-0.0524462470360523,0.0425390208349019
"243",-0.247507270304545,1.03095537262089,-0.221706935713888,-0.117111122410416
"244",-0.272781539958912,1.07377604822431,-0.290205993171998,-0.262250802224252
"245",-0.425733231345856,1.07701556342576,-0.267714805825466,-0.29713853099715
"246",0.109223360796546,1.01820978318685,0.189946181814541,0.0259154508253822
"247",-0.00913349117192623,1.00326008426615,-0.0238249808502326,0.0772215447216794
"248",-0.149993022031209,1.0103033911591,0.012299686953001,0.143393374632264
"249",-0.0862608604774246,1.00020135344815,0.0187914384019101,0.00704480534182837
"250",-0.283630527678102,1.02357085509726,-0.119851638434384,-0.182572944789539
"251",-0.456726513248812,1.08977745951396,-0.329431147119666,-0.281229498047629
"252",0.0111313244620762,1.00236027470062,-0.00735513184031878,-0.0683521933335971
"253",-0.121557530115468,1.00623980292763,-0.0597783265049948,-0.094578500073231
"254",0.173521353662376,1.012190399364,0.0469989362248827,0.149400483795702
"255",0.00851172396476336,1.00772037282688,-0.0577464758125602,0.110298206429548
"256",0.05142238858935,1.00214338276426,-0.0655078699020574,0.000280355280094737
"257",-0.112208520325528,1.01630553036743,-0.151248344000389,-0.100004347368288
"258",-0.0332110891743383,1.00244161368292,-0.0421058889450905,-0.055823677408007
"259",-0.0453482160177852,1.01063932449951,-0.145413283929693,0.0157105404617841
"260",0.329533521378017,1.05156417306766,0.280022584758753,0.16545259775688
"261",-0.0871137019048485,1.01590293827354,-0.15610068722161,-0.0877003730992775
"262",0.243185314971897,1.02584188999664,0.108478007121402,0.20145497075735
"263",0.204199449578023,1.01138640362234,0.136523371722365,0.0652979816355857
"264",0.113650800135312,1.02961133409729,0.208188701289775,0.129448692372202
"265",-0.0946086629709571,1.00170117637611,-0.0291237540316749,-0.050567318540507
"266",-0.327823587660451,1.10537403515527,-0.27645136368816,-0.381348136366771
"267",0.138127874524054,1.00957922965584,-0.00614432775667636,0.138609048005198
"268",0.208764126277119,1.01041685634755,0.121122150643473,0.0791937384820171
"269",0.0977394819978063,1.00355627852359,0.0687851788874079,0.0489265094763555
"270",0.056349943884658,1.00311441275989,0.0789561891140191,0.00210838497642521
"271",-0.420616657738602,1.11224660561126,-0.405078374956422,-0.270192564361849
"272",-0.0673508435809652,1.00431295714676,-0.0623584514288397,-0.0689633194405483
"273",-0.0495396067344315,1.00009987832677,0.00844616560009355,-0.01133264822851
"274",0.0491606410867373,1.00783006493512,-0.0918308022681977,-0.085372967278355
"275",0.224716377892402,1.00977665993684,0.130000001709719,0.0524299771950602
"276",0.125323729412603,1.00043255267525,-0.0221758466346792,-0.0193267762019083
"277",0.284390466998726,1.02111195600992,0.16712076246045,0.121409544357276
"278",-0.330314396763955,1.05859815840528,-0.219535914317674,-0.269135733977772
"279",0.392538191056916,1.06041190306725,0.271282959382867,0.225563649809059
"280",0.0801320434877107,1.0089877524245,0.0518422782410995,0.123970410701169
"281",-0.0657716232786363,1.00752550531525,-0.0997370874659298,-0.071834234488627
"282",-0.228077134231607,1.03695168085074,-0.193176877490768,-0.194811402187064
"283",0.229713079669826,1.00816724925097,0.0410934085213908,0.121295235843653
"284",0.471777550299053,1.16216194352855,0.476353388131682,0.35172124274989
"285",0.0699946810710795,1.00128480587397,0.0483364194061745,-0.0153249154344638
"286",0.100174205182803,1.01910981459839,0.196069927386259,-0.0118910800820575
"287",-0.0341879025444902,1.00627694302117,-0.0393725062635255,0.105086116145548
"288",0.268621724015282,1.05535439098827,0.259589591140165,0.215374405976885
"289",-0.0417457960546527,1.00725584409183,-0.11094439303277,-0.0474939692143548
"290",0.11369970321978,1.00257289946859,0.0274569701127517,0.0663214410359734
"291",-0.373733358658287,1.09414373345627,-0.385886698785404,-0.219640536245296
"292",0.0879881573692726,1.00544481428831,0.0670402679313993,0.0801553307955294
"293",0.14948527351599,1.00477819564363,0.0480215382591442,0.0852827901987953
"294",0.0684216345227371,1.00489280093229,0.0742995024548098,0.0654914139449261
"295",-0.110688882555961,1.00667927309092,-0.0346599030135344,-0.110461984383576
"296",0.237232825783902,1.01191797248705,0.054886017537639,0.144794710266495
"297",-0.0883594901138837,1.00888122119777,-0.113195552519294,-0.0709089936140064
"298",-0.00633384383462282,1.00140253171268,-0.0489180081253462,0.0203484397830848
"299",0.134603243081634,1.00753586034384,0.0741534172527494,0.0981314454623628
"300",-0.18379622836449,1.01132972273474,-0.0659301438844993,-0.13579773272809
"301",-0.104869963805083,1.00936106486803,0.0469765779285887,-0.128852475325984
"302",-0.0251848138855529,1.00461939400234,-0.0737685790108192,-0.0617925849626145
"303",0.196001001229533,1.06508203464649,0.16687134519334,0.326425634226346
"304",-0.594617082542002,1.16001224227658,-0.458359796471861,-0.368150375811046
"305",0.25648665703654,1.00542590778765,0.0727253988292425,0.0747814978169006
"306",-0.0526284928762619,1.00174840173636,-0.0344986439771319,-0.0480593793665121
"307",-0.170429519206356,1.0368276248677,-0.151347458357912,-0.228266227325444
"308",-0.108440179710817,1.01104829390039,-0.14684533873136,-0.0255949036285715
"309",0.229699059495452,1.00064884263764,0.00130217475078005,0.0360057025063652
"310",-0.17607992104354,1.01864519204986,-0.130893520599094,-0.143195368470766
"311",0.153147668086876,1.01706808343567,0.0815496111454632,0.166664775119196
"312",-0.186738176350468,1.02965003072493,-0.232633646979245,-0.0778509605912492
"313",-0.00787481011843688,1.00042305373905,0.0177845749428502,0.0230216278023135
"314",-0.290357004838508,1.02072690813522,-0.137023442220326,-0.152013148356895
"315",0.434537710105941,1.08125965032193,0.363452670864038,0.192417742051244
"316",0.134751890115194,1.00275520035506,0.0101294802963262,0.0735893026739782
"317",-0.345661198388157,1.05397667633504,-0.289908855942992,-0.163767180790553
"318",0.00920598837923384,1.00759792418518,-0.103435363464853,-0.0674885353759123
"319",-0.191497452030619,1.01043024983342,-0.112687310880071,-0.0909442672467553
"320",-0.392862993696944,1.07786800013332,-0.276292136207448,-0.292338983341814
"321",-0.0213025622833523,1.00340354146995,0.00198857177272008,-0.0825512726537369
"322",0.138747796850103,1.00354361364746,0.0427202291518708,0.0726275878287011
"323",-0.490429680490145,1.11229658947038,-0.354283055956647,-0.334196378211166
"324",-0.67571539700082,1.22370197911458,-0.453633059513343,-0.540058868092646
"325",0.163145306709143,1.00625483667876,-0.000864327969220181,0.112018075668914
"326",-0.268464167844931,1.01038927454048,-0.134621587923485,-0.0525691370615506
"327",0.338934117263918,1.0830154945896,0.251758965957116,0.330968253132167
"328",0.489910044022075,1.07606708223864,0.353244882076959,0.182039607679279
"329",-0.13297487388389,1.03036775427102,-0.0801082309426752,-0.235032721927699
"330",-0.25124346305686,1.02115324812883,-0.169842871381719,-0.117929450116928
"331",0.280510871524663,1.01965762198399,0.198567390049542,0.0165123492863628
"332",-0.257492004683718,1.00853492118337,-0.120362472520422,0.0515321497234152
"333",0.0143138202542758,1.00435824222067,-0.080120544408329,0.0481266774285128
"334",0.199967882539864,1.04180788266019,0.126647783473346,0.263294518200066
"335",-0.0447253285877085,1.00882481024984,-0.0573473640066496,-0.120161464776
"336",0.380374505482791,1.08257902182405,0.248627490523421,0.331906175672495
"337",0.447959633948141,1.09251908261414,0.346914921730418,0.270643645698204
"338",-0.074393744433593,1.00648034546488,-0.112284589619104,-0.0198710025208517
"339",0.424439246868388,1.0578057101326,0.323885910134044,0.118536229085395
"340",-0.518533864277528,1.09878868962775,-0.262765082909733,-0.371875107606441
"341",0.268714845132385,1.02635298882701,0.1099398347924,0.203257694565211
"342",0.366105925013829,1.08081731222977,0.23385085120604,0.336867691840277
"343",-0.377164883720668,1.08945001110051,-0.247196161883966,-0.354676450073484
"344",-0.0867175211781822,1.02791870205852,-0.138071112317356,-0.193786547482353
"345",-0.446434452443829,1.13814863423298,-0.333550404082996,-0.429099570662177
"346",0.410287525134581,1.13661949966292,0.261271072995867,0.472907298981075
"347",-0.598905380265373,1.20560309900548,-0.486131806886754,-0.465998603715318
"348",-0.153083542375262,1.01500278086673,-0.0971014219788426,-0.144228842527707
"349",-0.0679763661755864,1.00719978119099,-0.116487921220703,-0.0296978692982902
"350",-0.284995601485031,1.0151680715613,-0.155881240994201,-0.0791659789530293
"351",0.0115219993839498,1.00820039018544,-0.112171000652851,0.062335330131511
"352",0.414086534556254,1.08089861383415,0.360674171122861,0.195591297540091
"353",-0.210368065271826,1.04585489784789,-0.197446102802307,-0.234152736137317
"354",-0.0365184667205248,1.00403085133434,-0.00238625911477242,-0.0898457355615609
"355",-0.00246945188322484,1.00741580064868,0.059529636971462,0.106502665312519
"356",-0.139148121586337,1.01228910131654,-0.0308794190314794,-0.154193664346233
"357",0.133161517118111,1.0139949032767,0.0991886675754798,0.13545210258878
"358",0.220528430152637,1.01605288891915,0.121031985859089,0.133096699733533
"359",0.339194456033204,1.03938873164733,0.192979494495806,0.207576131044946
"360",-0.044550114917414,1.00490611990237,-0.0702180886366032,0.0700409155097898
"361",0.0392091664594699,1.00670509783488,-0.00481789587256502,-0.115896254840656
"362",0.333981859740823,1.11791231357566,0.288562117515781,0.4079949082757
"363",-0.100626317174988,1.0086093536077,-0.104525918259657,0.0797944897653844
"364",-0.230128884397321,1.03350704628858,-0.252447817719828,-0.0663845920122907
"365",0.217530242596772,1.06782762512218,0.193335161797229,0.320744995575792
"366",0.127463467886678,1.00076282266526,0.0362172587210258,0.0146470952640157
"367",-0.0880523295085148,1.03438363311095,-0.20783519755867,-0.163566595316912
"368",0.0517019890345873,1.02629343814253,0.188377521106333,0.13338714599334
"369",-0.445482831099114,1.10602476955363,-0.311732453462759,-0.355124863004888
"370",0.0305004067510247,1.00605952093754,0.0920466390338433,0.0606891745836267
"371",-0.0615401533028446,1.02101389210771,-0.159559836895287,-0.130422491644991
"372",0.117114193933441,1.04192407079063,0.218115525400487,0.195016375907712
"373",0.110622562160569,1.0133930504017,0.164181697920138,0.00313762179366939
"374",0.527756699390502,1.14097543672172,0.379400436619487,0.397341485243192
"375",-0.312302736277505,1.03234387151677,-0.179039304170399,-0.183517837335794
"376",-0.0319960789431001,1.00765774770927,0.0439469452236668,-0.115943100372637
"377",0.123292709981992,1.00160229026115,0.0176103170533088,0.0538240149902356
"378",-0.11130674755793,1.01191987771906,-0.152976081889276,0.0240864545493128
"379",0.164767323940055,1.02960109028516,0.198200306858088,0.144204866345568
"380",-0.0580912153944927,1.00485472443597,-0.0966916665191789,0.0195892533556838
"381",0.50028772288817,1.11710108455747,0.419464516880579,0.268261723318138
"382",0.367986068324367,1.09444714019963,0.316944674834059,0.312026626725168
"383",-0.437525405536193,1.10505988213812,-0.306773023502601,-0.356437449157898
"384",-0.384301475615693,1.07785784330653,-0.263594408417102,-0.303801774564681
"385",-0.245849585042752,1.01201841006917,-0.145485169933201,-0.0549119991298656
"386",-0.109395348758928,1.01098510933142,-0.134157571640244,0.0639737232108548
"387",-0.434010461990519,1.11465285643412,-0.308761194483854,-0.38355901128464
"388",0.178617006767302,1.02465888793824,0.223253167281078,0.00915750674547934
"389",0.565007999120898,1.16638237059835,0.334706272556172,0.498417039791153
"390",-0.326042045844355,1.06794907313108,-0.324850136696428,-0.187049756722226
"391",-0.494507976960969,1.06152852124004,-0.27715561046782,-0.223668435395523
"392",0.048555503661563,1.00026697799471,0.0230579521273827,0.00153561400055911
"393",-0.252765885724179,1.03933447967219,-0.117293262742811,-0.257795366813677
"394",0.20886294119277,1.04405621490223,0.238330196221418,0.182351576480819
"395",-0.181548688321468,1.0321073508494,-0.113463897639057,-0.228848263287975
"396",0.123960081671062,1.01679027872546,0.156783023462465,0.0963408244959491
"397",0.0699400942661859,1.01122488399346,0.132007861013153,0.07176134501467
"398",-0.0960132317343645,1.00194252741332,-0.0463111268267822,-0.0417625163445901
"399",0.290638964415916,1.04854903625377,0.162005684725636,0.270572059801595
"400",0.0178687649894658,1.00021234836711,-0.0166666180491832,0.0121229397774218
"401",0.137142135964283,1.02281913957628,0.138938499151476,0.163875213919309
"402",-0.13274893812678,1.00056569398773,0.00556796619878309,-0.0331768855916964
"403",0.203915641369591,1.00754852680418,0.0990407856956728,0.0731092103229843
"404",0.144616251652663,1.02762564834658,0.0432128300401227,0.23269534688012
"405",0.306448000869014,1.06195760881332,0.214968037695648,0.285556834423169
"406",0.220503071527729,1.04252115714776,0.204347929199657,0.21234944533129
"407",-0.327762488092101,1.0460431939349,-0.248611702354389,-0.179996069484788
"408",0.0192461763862181,1.00516781028432,0.017233201264392,0.100326186043149
"409",0.238921014956932,1.06966022435454,0.329174666111132,0.189253889674242
"410",0.0721179691164632,1.00766540162895,0.0669602960786385,0.104431223248127
"411",0.072423718138329,1.00150770003618,0.0325740908199553,-0.0442334922769451
"412",0.0179094505839902,1.0007413836065,-0.0299250043958592,-0.0242448133537646
"413",-0.0293337127206569,1.00185777217242,-0.0559933522187669,0.0241607154195399
"414",0.00610861766787096,1.01589544626773,0.0793952952180629,0.160436731594593
"415",0.0905130772897955,1.00175702632488,0.00843794800105406,0.0587021364585803
"416",-0.24204869484317,1.03280736992679,-0.183951025008626,-0.181254196567599
"417",0.447539125910576,1.06633464002869,0.303972687897013,0.211353186722546
"418",-0.0654441844151043,1.00387109657973,0.00207870798522079,-0.0880503124429914
"419",0.138410625647726,1.04640565609673,0.137694297184462,0.275690184145364
"420",-0.126695567930643,1.0176869413927,-0.182640691331942,-0.0482606314817504
"421",0.291356294194587,1.04425289970942,0.275202693662305,0.121357306959795
"422",0.111731667613144,1.01013288566829,0.13270754507659,0.0525086106109378
"423",-0.265890556397191,1.05736269880212,-0.181778004087727,-0.29150065874365
"424",0.030860307071454,1.00062572702964,-0.0118777649477481,0.0333281306621636
"425",0.353087591707802,1.08452807534595,0.264744952937068,0.325747227321946
"426",-0.14638649276838,1.01001655661193,-0.10862969838078,-0.0912854493330013
"427",-0.18041706763166,1.01267573625319,-0.0613905161569746,-0.147456269184888
"428",0.328862998723158,1.03543301624751,0.152189128097649,0.221269067933798
"429",0.0490880568317133,1.00329877819849,0.0290480022736312,0.0759253047309749
"430",0.321811125529629,1.07220563142748,0.286595626412762,0.2597842623907
"431",0.226615379528305,1.00761166921893,0.0507100668263644,0.112737593856818
"432",0.386226466699242,1.13500326057812,0.428867899920542,0.32296242187087
"433",0.532857653275292,1.16313575618878,0.370335107092073,0.464474644926879
"434",-0.328401279871868,1.0624113962949,-0.149557744738998,-0.326114176272462
"435",-0.0155299484125022,1.00125329918563,-0.0475538549741041,0.015709869738549
"436",-0.22678159232137,1.03024317954238,-0.14142349929888,-0.203470889415789
"437",-0.14989318812396,1.03207308996465,-0.106007797634466,-0.232243858626816
"438",0.0442724107007394,1.01027444932503,0.105414751552765,-0.0976841497585655
"439",-0.224876114437171,1.01252362683279,-0.0713163253859821,-0.141838205812377
"440",0.262296665484751,1.00692779895191,0.0826403103036982,0.0841080936357505
"441",-0.0232891630891935,1.00535896245885,-0.0966898479807329,-0.0373860494543226
"442",0.320065602433828,1.08042910479308,0.328356871072305,0.243944288114297
"443",0.222457864394512,1.02784932962231,0.23751690493152,0.00774366042504889
"444",-0.0385247956233769,1.00132719965916,-0.01640092647602,-0.0488586777141607
"445",0.105827429461046,1.00630787591121,0.0822915561220523,-0.0767048949673444
"446",0.240530763727508,1.04011745149008,0.144177010837823,0.247097758873041
"447",0.220309407050909,1.02320790458956,0.20785187133906,0.0612536986264065
"448",0.0891462116246368,1.00403255175816,0.0778964011963366,0.0448722149070096
"449",0.365276345089916,1.05606300316278,0.212520120237425,0.264772100387223
"450",-0.00734237041548996,1.00304129100951,-0.0768941273083545,0.0133837459445769
"451",-0.322718790576341,1.05523868308533,-0.172943219011184,-0.289170055983877
"452",-0.327782593987446,1.05485830288422,-0.115260130521988,-0.315342895077441
"453",0.140525922558697,1.0144907387772,0.0782445899069507,0.151885625438999
"454",0.202207045519438,1.01330059037356,0.110712332499443,0.120502555507885
"455",-0.300523231582928,1.02798373885687,-0.062156503495921,-0.229972034011349
"456",-0.0535281464613858,1.00135797628402,-0.00808941108460712,0.0515010494643557
"457",0.304662392930522,1.08272762447061,0.363297676152887,0.200783234593125
"458",-0.0888111874532197,1.00123871142061,-0.00601302519494881,0.0494246980284389
"459",0.392438624942808,1.10249603011491,0.36526276546101,0.286497135390416
"460",-0.558684826226496,1.23647901007105,-0.532225814778897,-0.495596634804176
"461",0.178421401834885,1.00013608419282,-0.011182231953484,-0.0121303171059453
"462",0.28469933420225,1.03402864593974,0.262889999076683,0.0102024021407465
"463",-0.0133682719223446,1.00067568157436,0.026033412786204,0.0259630721029285
"464",-0.284606160739015,1.05952767034555,-0.195588765452371,-0.290420245603986
"465",-0.119592560934197,1.009843663653,-0.135177610135192,-0.0388746541881097
"466",-0.310520450501871,1.09510275132524,-0.381801203587634,-0.231252841926617
"467",0.286757074384943,1.08739779104609,0.22545288218574,0.362773970794574
"468",-0.0603104298936856,1.00908792476026,-0.103143069528077,-0.0872923083971302
"469",-0.540931313737879,1.18263943136978,-0.440664674667042,-0.452162215505921
"470",-0.161263809418514,1.02149835982407,-0.201994354219832,-0.0515478417256136
"471",-0.0158393658267178,1.000649120906,-0.0258372373601608,0.025121710442181
"472",-0.278598547965075,1.07556139185791,-0.316135727764134,-0.238517314437258
"473",0.102984157259482,1.01239794390626,0.0982808024427616,0.123654683279015
"474",-0.114088998749162,1.01330243261406,-0.0280771109540971,-0.161224984980722
"475",0.245618824846101,1.03865927700028,0.222811220809285,0.17078715870994
"476",-0.251640666713751,1.04655761782108,-0.200791177444574,-0.234447756397349
"477",-0.0718947405999887,1.01139488586122,-0.0954384631906989,-0.11752069983638
"478",-0.148096304491881,1.01235679320635,-0.100647244274427,-0.121393611738874
"479",-0.295687961033499,1.09347536877346,-0.145242779177304,-0.417843172986118
"480",-0.0848219964113233,1.00454525008891,-0.0658591205806559,-0.069092226136767
"481",-0.138013542486207,1.00528359542679,-0.0934937661495925,0.0430583664969726
"482",-0.161610122908362,1.01072415951891,-0.14585720762969,-0.0170000475784248
"483",-0.371973767199009,1.10484948096768,-0.317800302580206,-0.345970147952788
"484",-0.394445184884936,1.08332404041496,-0.261000843138538,-0.324760737192727
"485",0.0916134317210763,1.00069270365985,-0.0280100116362968,-0.0245219576336958
"486",-0.316342436559633,1.03495511988019,-0.237384112701153,-0.121576655667568
"487",0.119920200370229,1.00026849657352,0.00452325613975364,0.022728954911038
"488",0.180175685851164,1.00903143902472,-0.0327797251338623,0.130651959650218
"489",-0.022528141680511,1.00005477209533,0.0104637138719852,0.000240588112572529
"490",-0.0382180509207638,1.00939574369209,-0.0787154706995885,-0.112621676671301
"491",0.159486624438262,1.0310591927525,0.189694378617873,0.164618047856896
"492",-0.0983867231603736,1.00069724805531,-0.0354811295430303,-0.0116649780034629
"493",0.0812904414635392,1.0078289354264,0.124716319813985,-0.0128453359149661
"494",0.347628481898604,1.07262214047581,0.339672931193352,0.187458144804187
"495",0.127751791215332,1.0161639579519,0.116368619910662,0.138012802813953
"496",0.0193225602182623,1.00064277602546,-0.0324438742151138,-0.0152761329480517
"497",-0.0454506382971313,1.0014576727112,-0.05401216222273,-0.000395681888058171
"498",-0.113050764711914,1.01711247603095,-0.143699437132211,-0.117763579538411
"499",0.425960070863009,1.13728266341963,0.380051133500251,0.385970196310572
"500",-0.126408213173895,1.00306369492094,-0.0166422371324977,-0.0765494089570727
"501",0.250401007944791,1.03568608424465,0.199491922204594,0.181241932435977
"502",-0.0716751350158121,1.00589102249537,-0.104907600209282,0.0284805996269454
"503",0.0410025149611791,1.00668929606276,0.0940657414000219,0.0676385622423012
"504",-0.0966295927397481,1.00826568310459,-0.0657705098818795,-0.110787759956771
"505",0.0973956801421111,1.01854986917679,0.148702058407999,0.12382057109089
"506",-0.055148691511679,1.00529993941255,-0.00857523528575645,-0.102734772704606
"507",0.413590174517444,1.09140655485715,0.353056272030366,0.257913816545725
"508",-0.098847885300988,1.00719372318908,-0.0717314981172316,-0.0964042955958794
"509",0.0825647330356739,1.00263699743076,-0.0521326795155839,0.0506273872868332
"510",0.126591981993728,1.00353929560252,0.0406375370071361,0.0737543788828422
"511",-0.29357004379224,1.03929391621169,-0.163151891035665,-0.231329429010068
"512",0.332371174847303,1.10098544785316,0.386712859240578,0.250244122573145
"513",0.0311995287022609,1.00000140863049,0.00092830473886797,-0.00139839668287845
"514",-0.252427229709847,1.05237373914952,-0.20135345724536,-0.258741709252468
"515",0.0958089018928591,1.00527110000427,0.0659028055990215,0.0789101052969002
"516",-0.0951340741780449,1.02406149145938,-0.15003159107965,-0.161840847650131
"517",-0.349225230883758,1.03369058179257,-0.203010828578273,-0.165235657067801
"518",-0.258986356562103,1.01975176521242,-0.160847806061576,-0.118413031120019
"519",-0.240038324249361,1.03335164936355,-0.194589962050956,-0.173061774841722
"520",0.123908142692717,1.00984802131039,0.0776368050894214,0.11732669193334
"521",-0.126634786765688,1.02486411756093,-0.151377073623458,-0.165624397493644
"522",-0.268031784841,1.03924196258505,-0.149887311465225,-0.239911755984041
"523",0.127432523575561,1.03234146721088,0.231854335801583,0.109418791316278
"524",0.0549714730867549,1.00160213364371,-0.0348599585267388,-0.0446275409489338
"525",0.148083197814706,1.00822229576632,0.116656721763544,0.0538832715014695
"526",-0.056242029060925,1.00049059419271,-0.0283973555209924,-0.0132294847779474
"527",0.21105834566786,1.00758969354902,0.111509775459659,0.0529392153620753
"528",-0.517353583612377,1.17349822061864,-0.46684945566793,-0.398935658393266
"529",0.0900985920766734,1.00216065997236,-0.0504409778896279,-0.0422101426883899
"530",-0.382905264459252,1.06045158785511,-0.2036036440115,-0.288276128615719
"531",-0.0304322378058332,1.01990090623665,-0.199753663652299,-0.0172143079973681
"532",-0.177845692688669,1.01779968263172,-0.180617354027548,-0.0573895930400956
"533",0.413334716561991,1.04478313514355,0.221476450274853,0.206203737730495
"534",0.320123925994823,1.07140961661884,0.236214133033703,0.303515156027614
"535",-0.247603395162411,1.01637229729239,-0.155074400025487,-0.0946814509825123
"536",0.204794937702676,1.03748894030152,0.276373536865374,0.000984565134669003
"537",0.317377464538656,1.05361975293039,0.30077201426724,0.14018123697102
"538",-0.0374489664208029,1.00361514240902,-0.0754357075496505,-0.0394056861273485
"539",-0.0710255445076396,1.00666947170523,0.115686362167866,-0.000301449242059333
"540",0.186700109692919,1.00791814154907,0.0497647187851389,0.115855309882491
"541",0.00767204074629004,1.00264319593276,-0.000514959094874393,0.0727537845571094
"542",-0.0942877725455256,1.00254530590597,0.0266904304720556,-0.0662171527273491
"543",0.325602661736955,1.08669613052405,0.260063441249175,0.33656423847697
"544",0.106650021063889,1.01439837876087,0.0298798665421508,0.167664141688383
"545",0.399333784984818,1.07637338687384,0.323087405255058,0.23279647019619
"546",-0.0312093840537469,1.0007648535394,0.0389441122168606,0.00369434748885493
"547",0.344926848174604,1.07304312057184,0.22011756194568,0.320889073559153
"548",0.0967188015823964,1.0107708001877,0.0512659578232004,0.137947135093675
"549",-0.0168036505587485,1.00003798609315,0.0085657830045006,-0.00161275874155783
"550",-0.251182177825188,1.07368094172404,-0.280019915245975,-0.272726257788032
"551",-0.183792492579992,1.04276008449039,-0.142932281764559,-0.258686985826479
"552",-0.130011166723399,1.00003140844858,0.0072672237856079,0.00316312220626639
"553",-0.187606604770818,1.0038010097821,-0.0811918431429105,-0.0320054971312737
"554",0.134748076150675,1.01803987830965,0.181108637004329,0.0600404482924705
"555",0.140147193836118,1.00021600283255,0.013241606273249,-0.0160222403437503
"556",-0.193840676367475,1.04307904520654,-0.220064320434058,-0.198961276184276
"557",0.353537895402577,1.09064335191094,0.364343056427221,0.238237399038871
"558",0.0612628179789819,1.01049223938196,0.0392652342264006,0.139831352823032
"559",-0.152060308351548,1.01243066503355,-0.125645537308434,-0.0960679470726514
"560",0.175156730581389,1.0175725934765,0.126798608552572,0.139198045473391
"561",0.115478614571656,1.01949260962886,0.193129889329761,0.0454535690055648
"562",-0.254238285473578,1.02030090257164,-0.190930891434483,-0.0675227849287887
"563",-0.0629410906254707,1.0139473917811,0.0221667675235443,-0.166126300498303
"564",0.0484387562716369,1.00162688729508,-0.0377393516794932,-0.0428037695448569
"565",0.0235152128573004,1.00308543331648,0.0398224669321162,-0.0677831664880641
"566",0.313489849609174,1.05559901704826,0.279284328046045,0.190498159836554
"567",-0.574865780136437,1.01615681335559,-0.0976046907742475,-0.15181565686008
"568",0.353435988600165,1.06444711750776,0.288719485523438,0.22290967823236
"569",-0.0624541752179932,1.00474707806433,0.0323527693901381,-0.0920325441982069
"570",0.426746209609632,1.11332525755878,0.396155900903508,0.287321477264836
"571",0.421230123116155,1.05934547450545,0.183885939415415,0.297319349589774
"572",-0.30624249693115,1.10366898946046,-0.289368661574329,-0.366539242094701
"573",-0.0257410820124073,1.00018877476259,-0.0111030395136886,0.0159470271412322
"574",0.100237185142188,1.01862230768358,0.193786278723747,0.00618739759691985
"575",-0.159159784182273,1.01038818915062,-0.131556555654848,-0.0598094092873321
"576",0.130483367736901,1.01607133542653,0.144897717788887,0.106797050778643
"577",0.190292874720209,1.03768934551288,0.200175668581382,0.19164780066297
"578",0.0738621555002331,1.03091832588938,0.121880438621719,0.218946918991648
"579",0.195892510553322,1.0139565501404,0.135543902866024,0.0986698331226813
"580",-0.072399179392231,1.00118159158788,0.0086878132914312,-0.0478445528212137
"581",0.135388876633752,1.01781949700993,0.186797047386226,0.0326096853915009
"582",0.154321688838883,1.00898257169271,0.0193731099710668,0.132930480288331
"583",0.131371360858956,1.00210835430247,0.0635592038210204,0.0134677901841417
"584",0.282770078906358,1.0801738832249,0.245213866583392,0.326566651139367
"585",-0.00079667562236766,1.00123679585014,0.0456264979146485,-0.0198329032745589
"586",-0.694181546376321,1.22411865531365,-0.508362262748171,-0.48993294653498
"587",0.174750654025353,1.01556796769904,0.116408530326121,0.133519103815437
"588",0.057453347698298,1.00550727981226,0.0641128071789808,0.0832732712884847
"589",-0.0646312635155919,1.00295593211453,0.0229521769694365,-0.0734424899910331
"590",-0.0741520372310427,1.00165079772777,-0.0547929126607769,0.0173797960527657
"591",-0.340652457774485,1.03591458220411,-0.17607286679968,-0.205225162200078
"592",0.0259492020329244,1.00384717860584,-0.0755516040439288,-0.044733802893348
"593",0.418442680647921,1.01424086454263,0.132817712411107,0.105090373384385
"594",-0.429574475871797,1.09075057551847,-0.298272668112386,-0.317443275958054
"595",-0.0840280853201919,1.00528994531376,-0.102994107439148,0.000296617173044627
"596",0.145796526986924,1.03209290173993,0.226140048972456,0.118644157347484
"597",-0.132302306174707,1.00507240633864,-0.0949029490083273,-0.0341170375746955
"598",-0.157291667443491,1.0211657697194,-0.159334866188852,-0.131878465502145
"599",-0.0803287582388055,1.00221234527501,-0.0655512548287236,0.0115159894065173
"600",-0.216199671510407,1.03403567328303,-0.236226553783123,-0.115874021720295
"601",-0.0482122854711356,1.0101236876846,-0.126284281379497,0.0663486601070944
"602",-0.0623358236993496,1.00012710302403,-0.00438205835561802,0.0153303544578113
"603",0.546705677756268,1.16428738454777,0.48042037990824,0.353215758971636
"604",0.37292416537315,1.03889885359782,0.240387283788046,0.146713263885296
"605",0.00915951903652729,1.00137541168846,0.0224625075277749,-0.0474146695633463
"606",0.156722274256007,1.00398143219755,0.0244670371963962,0.0859073936764346
"607",0.144938625502415,1.04925723863662,0.219160504946757,0.230020490180397
"608",0.250548825301062,1.03308861099651,0.0995870637369275,0.239487984890578
"609",-0.26023624932088,1.018874128748,-0.16429422233599,-0.105412991319867
"610",0.297310119059766,1.06439179171358,0.246770190059388,0.268392174933048
"611",-0.187802938052651,1.0001667220079,-0.0175682219630881,-0.00498290970057251
"612",0.00217821666728398,1.00483507583714,-0.00863925784829433,-0.0980759545273647
"613",0.308366327398359,1.07370628661116,0.243204546439034,0.306099229825416
"614",-0.0163683352994961,1.0080017322236,-0.0374135289985228,-0.121110362949105
"615",0.172672369266084,1.01618306221401,0.118472378035467,0.136353626916422
"616",-0.0139700323001963,1.00176870644387,-0.0587926315664515,-0.00916338822251694
"617",0.0286360897417151,1.01005906036649,0.0906103551906991,0.109585897635801
"618",-0.203762413304519,1.02615875573748,-0.230032973085396,-0.00930716230620903
"619",0.0181298505706441,1.00196173646431,0.0177325032130954,-0.0601072347423159
"620",0.00449911439234831,1.00349800210785,0.00123021564943616,-0.0837061933425821
"621",0.0578908357604552,1.00354495446132,0.0768646569932346,0.0345586476888141
"622",-0.148522359617922,1.01566193270519,-0.118205060207261,-0.132652649004254
"623",0.376097873544171,1.04780773839261,0.209613881744197,0.232299542004627
"624",-0.112711787924896,1.01368628823065,-0.148675461561326,-0.073861343586238
"625",0.329640906854132,1.05609893664999,0.258343745769826,0.220461953667438
"626",0.229360678262478,1.00669135466137,0.108765582152472,0.0399691342035704
"627",-0.0517826062849037,1.0060497626086,0.076436996109795,-0.0793316486059261
"628",-0.0214578398852788,1.00270079137182,0.0482233414243967,-0.055528248302484
"629",-0.221035747944235,1.0110779784515,-0.0868169225267397,-0.121414580971812
"630",0.00135038060609962,1.00203074820675,0.00148553197357132,-0.0637449099657581
"631",0.187190310058008,1.03951954134588,0.223012848659036,0.175687638076597
"632",0.348052610929954,1.06794281750676,0.287680310889055,0.240295443550329
"633",-0.326150554457908,1.07593770663009,-0.225777569644943,-0.326598281675868
"634",0.650327110377412,1.23243997653953,0.603453398802993,0.393385677479329
"635",0.501462695428416,1.14127817767706,0.366038519432017,0.410526102865432
"636",-0.387152491317819,1.08287579725208,-0.226243692596501,-0.348473505211831
"637",-0.0029810496986449,1.00008079756264,0.000777824103815781,-0.0126884452631591
"638",0.00495046572074984,1.00339717517555,-0.0812009951935102,0.0145701588825424
"639",0.19900573758718,1.00370439151426,0.060228669463305,0.0616036761865364
"640",0.292825854594419,1.06582560920247,0.30652425093844,0.205005153150931
"641",-0.077347999968573,1.00763075423975,-0.06971536423363,-0.102271720820258
"642",0.15346965392482,1.00579977497648,0.105259523513116,0.0235291319969239
"643",-0.327642629458105,1.07237060350173,-0.310949118553367,-0.230844876325074
"644",-0.304044472731273,1.07980453061188,-0.256091516476042,-0.31685163644668
"645",0.405178297069879,1.04297608269913,0.243302431120356,0.169124321412817
"646",-0.0100861157355878,1.00234430940202,0.0241413872124574,-0.0641194823284565
"647",0.0168082294718853,1.00010908683412,-0.00713895281253537,-0.0129313928450024
"648",-0.0369988285030502,1.00296584521951,-0.0136700295596608,0.0758526002766824
"649",0.34178978959619,1.09325686696448,0.337721509329713,0.2848767440509
"650",0.231856091555164,1.03429114475355,0.219025551443279,0.147600745020407
"651",0.236278033912525,1.04382540694955,0.131133244591091,0.269027047629813
"652",-0.47279067567875,1.09634025900595,-0.306576371587242,-0.328592288256475
"653",-0.486348722696187,1.20635100553701,-0.46867939520685,-0.485409490089251
"654",-0.182029572278152,1.02530897067381,-0.18716884459994,-0.127382530023971
"655",0.15232670435541,1.01523340810985,0.0953412464917646,0.146999726733522
"656",-0.232706747321457,1.04307355540343,-0.167278689944089,-0.244990370979235
"657",0.222776251615197,1.06438450431351,0.225899665940516,0.286153304979469
"658",0.149853497053824,1.00930926072363,0.0797276419439611,0.111124645747594
"659",-0.0233191818085023,1.00369597090725,-0.0209356425946357,-0.083470359317537
"660",-0.404761888731141,1.14108172223247,-0.276415171426337,-0.475039103462402
"661",-0.214759126920243,1.02733394042456,-0.185381413991223,-0.145081895820511
"662",0.319291619844001,1.04221923339822,0.246961135003638,0.158843093217455
"663",-0.000106575019985452,1.0012842182445,0.0498441576869386,0.00925449350244078
"664",-0.121727644292872,1.00760258697856,-0.115005110285785,-0.0451308973325907
"665",0.125290756576384,1.00067834388754,0.00505884282840939,0.0364904923883524
"666",-0.0695139268542785,1.00468005596948,-0.0200928355158797,-0.0947538538728885
"667",-0.0977651449773911,1.0015513668964,-0.0104835806751604,-0.0547287407883043
"668",0.083369005105222,1.00676353061371,-0.0104709175820171,0.116030885796741
"669",-0.0593004533646405,1.00444858663807,-0.0716138334369894,-0.0615501588923461
"670",0.28824223521185,1.04888817273224,0.202179689492522,0.243494911762603
"671",0.157232821631112,1.00491576412011,0.0957762929990647,-0.0261265129026705
"672",0.0522277567909214,1.00212384728409,0.00759896911986083,0.0647646582928641
"673",0.286541470117316,1.02240892036318,0.127595207672566,0.170409692849919
"674",0.235434307858105,1.02208927896215,0.162222955250467,0.135462935739539
"675",-0.211794164711026,1.0171017363612,-0.125290252665168,-0.137106873263435
"676",0.359300365244777,1.06128627750822,0.249923358498672,0.252718969814285
"677",0.15392970271806,1.02913966860673,0.219955258095171,0.103673246000369
"678",-0.162944628853721,1.0057656107611,-0.0934250647467943,-0.0532561833660195
"679",0.040114265451695,1.00019886407917,0.0190052191309652,-0.00604725979702702
"680",-0.612116901626034,1.15757660199788,-0.50394296392243,-0.293300321523913
"681",0.203094342148556,1.03147395459734,0.160053968996777,0.195758131430238
"682",0.418272652288498,1.10644888522244,0.272592386122816,0.387198304022444
"683",0.0906885792043386,1.00550136921335,0.0433595535340411,0.0956710646290522
"684",-0.17237178758779,1.03225131380435,-0.14024093565415,-0.214185094760723
"685",-0.568698480842394,1.16159168995985,-0.47069610962109,-0.357407927404171
"686",-0.36879093269281,1.08122582618655,-0.29962887314479,-0.281552527232091
"687",0.292613554999904,1.02957936709842,0.185275134368436,0.16033339558416
"688",0.202106461778413,1.03452656020108,0.209013899418268,0.162967461818172
"689",0.0520230878374311,1.00056361338452,-0.0283315357624053,0.0180241091439105
"690",0.0762606439169792,1.00661020623475,0.0855275858117033,0.0771306642080694
"691",0.149669444512545,1.02120991630697,0.187864976480459,0.0870427698070278
"692",-0.136024655375782,1.00072675453277,-0.0329584765514365,-0.019177488393735
"693",-0.133241486394998,1.00586174919441,-0.086115561568826,-0.0658936153820253
"694",-0.20952045395044,1.06614035205506,-0.242365990882566,-0.279130752056453
"695",0.0809172052050526,1.02719864081908,0.105499387648761,0.209778280349305
"696",0.203485334503909,1.05893622735558,0.323003784879928,0.130439597359533
"697",-0.139201237247454,1.01036047397525,-0.134769061764189,-0.0516293265760152
"698",0.0475620333381013,1.01457205372645,0.123229783451122,0.119041474593072
"699",-0.0932944743244324,1.003098302782,-0.0448874514419771,-0.0647404181881374
"700",0.504362281422921,1.10455490567845,0.246809442349185,0.398906804687037
"701",-0.0671943539844547,1.00443690294092,0.0512600738259243,-0.0791574179777674
"702",0.107468481852972,1.00071439732705,-0.0377789397519287,-0.00143413000046523
"703",0.329554139714893,1.06341572758196,0.311154339087943,0.184488446617725
"704",0.3451507934775,1.05953664102895,0.164019754237582,0.309379077997779
"705",0.0110669759209275,1.0022886056683,0.0213581022512674,0.0642361309601108
"706",-0.355532794486687,1.09703624029107,-0.402434916107316,-0.203800517196749
"707",0.138909460314943,1.02917546613633,0.198820367986691,0.140259050939926
"708",-0.303908317920817,1.04509076247254,-0.225296462723559,-0.203607970594688
"709",0.155652608274144,1.00523111896533,0.100943683594381,0.0173197944179399
"710",0.290705611941034,1.0541268801254,0.203131630651108,0.264425830871204
"711",-0.330020881904077,1.0475188057058,-0.170136625832537,-0.261436754986012
"712",-0.384708946125585,1.09692871080173,-0.355948146934332,-0.276683055634366
"713",-0.0337866853494562,1.00378774674297,0.00885395043831871,-0.0866686106555272
"714",-0.440399514353176,1.12233323980809,-0.297588487076026,-0.413609711609779
"715",0.0976377324217666,1.00485255162557,0.0142759582334299,-0.0975953253231498
"716",-0.00268737055188916,1.00557756608308,-0.0202830511348559,-0.103801923133563
"717",0.75654602671498,1.24491817293556,0.434310986491729,0.600995194920715
"718",-0.241489810003759,1.04037838023119,-0.253893881536708,-0.133884543434589
"719",0.0429975199204982,1.01059611441294,0.100540680062366,0.105811521674798
"720",-0.201488873545127,1.04238780648265,-0.254677953059326,-0.147348156857237
"721",-0.210995920874806,1.04234417793048,-0.187221553927108,-0.226780676008109
"722",0.0797664781066704,1.00118746043714,0.0234894058593562,0.0427150880713336
"723",0.470926148605197,1.14912934082412,0.304916712706605,0.476994801077611
"724",0.19167029618646,1.00738007544169,0.0904185055700043,0.081480735437174
"725",-0.0854325370602095,1.008223401497,-0.0206731424599353,-0.126834729104517
"726",0.615987800944674,1.16874140738309,0.376740385018337,0.473310848838312
"727",0.27277109671723,1.01070198219163,0.102933896620194,0.104513682035775
"728",0.0830710823044979,1.01060424317876,0.105941810243273,0.100485168922058
"729",-0.214196546418252,1.00784836617771,-0.12528525972646,0.00786974601581903
"730",0.363706075925894,1.08063400324996,0.335846512280353,0.234471680953489
"731",-0.119964660080748,1.01026348316544,-0.100333206747956,-0.102788876057895
"732",-0.0170032917011496,1.00360594866991,0.0672899491570076,-0.0519322919586848
"733",-0.343087584529284,1.10277795562419,-0.281038816359036,-0.370319325866438
"734",0.170944522261329,1.02720079610754,0.133986893151659,0.192844465794404
"735",-0.0914081915651622,1.00943238425281,-0.0866437051488099,-0.106988815940683
"736",0.215849517416696,1.04845992728599,0.229170411773993,0.216215497806894
"737",-0.0328981294377483,1.00170174000794,-0.0509121276199621,0.0285364888543532
"738",-0.257368377352004,1.06299167181116,-0.299417735103783,-0.200749381680753
"739",0.0021786636274828,1.00090749071356,-0.0345819355672498,-0.0248976846100903
"740",0.0958482326276618,1.01012538951564,0.132715020364962,0.0523452568401398
"741",0.255091915915538,1.07368296972736,0.296453139492517,0.254775696579546
"742",0.234419541372463,1.01742388935808,0.12644425963554,0.138431282020176
"743",-0.439871147122927,1.12694101301717,-0.404377668023273,-0.326304686488296
"744",0.573791324696411,1.22710629287709,0.433934035964169,0.563463491674846
"745",0.167201740779497,1.03792454908801,0.103068866671382,0.258194071044674
"746",0.117828895998964,1.00500990191954,0.0495123042937051,0.0871403160417037
"747",-0.109185697218414,1.00063176790421,0.0135926550192207,-0.0328507940335167
"748",-0.372665473793225,1.10127458203603,-0.245422500589671,-0.39060658115672
"749",0.102733465231444,1.00324722038549,0.0703740143027203,0.0394015649705935
"750",-0.179177252689493,1.00900560749021,-0.0974999962304175,-0.092661031085107
"751",0.188696464313648,1.0620753871958,0.348523899787436,0.0808407036342134
"752",0.727525869509107,1.1938172277883,0.469723269094965,0.452282681334222
"753",-0.443257056906631,1.0587992550229,-0.187208374702824,-0.293272717582417
"754",-0.134289935367213,1.00285061728506,-0.0169759273369653,-0.0736286525753801
"755",0.0263145190382949,1.0063830813752,-0.0188749176318346,0.111582453650311
"756",0.362741351164203,1.08159499677995,0.227476988037283,0.343659652814963
"757",0.321785444454948,1.04823221353085,0.305662179522939,0.0732216190279752
"758",0.348743309721482,1.08763023605457,0.166920931403874,0.393798086637533
"759",-0.0808536434886761,1.01678878622722,-0.0739789051407023,-0.168483107140162
"760",-0.205237464535702,1.02000686589774,-0.159334123700713,-0.122583210526792
"761",0.271897175284068,1.02556722390758,0.139063392558484,0.180137457525154
"762",-0.153862189715273,1.02439395586195,-0.122761751641565,-0.185236414185717
"763",-0.0493187140586051,1.00422210468224,0.0853644374689615,0.034277519572406
"764",0.147703277697212,1.02771110413759,0.13945073714391,0.191686216191255
"765",-0.197848988451369,1.01941467688315,-0.104824937267403,-0.167982189447749
"766",0.149973059679253,1.00601059876094,0.109595967088463,0.00678592788712615
"767",0.0381499406020838,1.01396539852635,0.0106096895821556,-0.167371634083153
"768",-0.0428304412058353,1.00682310723024,0.029605918109574,0.113208916899915
"769",0.272906200238552,1.04626436970939,0.213304852874399,0.221743480318187
"770",-0.191095516524963,1.02513697218294,-0.157949932591109,-0.161113719250958
"771",-0.167655461473806,1.00574001118138,-0.00326244988940233,-0.107248899816416
"772",0.103692671455302,1.00274403956537,0.0462113289103853,0.0579665590165127
"773",-0.181465554990205,1.04694383983988,-0.191528176403828,-0.243738305200693
"774",-0.144643908658378,1.00794467334119,-0.119074992435697,-0.042114257601416
"775",0.0487535873018582,1.00548845739882,0.0256062758024276,0.10174161686249
"776",0.454393923762213,1.13499026962396,0.365635380083031,0.393082282699959
"777",0.0949057846310215,1.00215522241103,0.0553702989366936,0.035344303662186
"778",0.201652358589564,1.03389861564544,0.104004038534769,0.241100616759906
"779",0.32570876975447,1.07894616948546,0.349051264671657,0.205640587624299
"780",0.291408552631446,1.05845224904067,0.300262989268547,0.173675849716534
"781",-0.169091675868832,1.00731778412373,-0.099258432270339,-0.0695476946791057
"782",0.174479231294785,1.03206707826947,0.0519310683778215,0.249931226910169
"783",0.200818554742793,1.03209603148026,0.201230440239439,0.157253070298627
"784",-0.302401618875855,1.04884028095781,-0.255702284432393,-0.186231782184788
"785",-0.280306267890215,1.06298427237104,-0.337457787721578,-0.126719393994202
"786",-0.0919489700371679,1.00151475582144,0.0342124651206304,0.043142941003781
"787",-0.189220631150034,1.04120834756772,-0.227716745543289,-0.179610430776908
"788",0.0551174064729945,1.00653584428981,0.0997204548801291,-0.0563048551965411
"789",-0.4346303442773,1.10199637541684,-0.247165333996235,-0.391542218799435
"790",0.444709569045517,1.06253874032264,0.229594277282907,0.276179366581507
"791",0.185365589567758,1.0142961995426,0.0465464069163317,0.163187660102512
"792",-0.180291817460102,1.02796513724087,-0.198603046077508,-0.131412151155729
"793",-0.135746144687093,1.01149812003475,-0.14985112035675,0.0259439503866633
"794",0.335827464244419,1.11562523804645,0.199462858108733,0.45258616859257
"795",0.124719087765136,1.02424813309368,0.220972456011486,0.0159816091222208
"796",-0.180526881307275,1.02164165796537,-0.144929475801825,-0.150821498248867
"797",-0.0368721777511037,1.00488270055634,-0.0669460432028622,-0.0728523793495691
"798",-0.112183176245112,1.01326115053233,-0.0805350943952057,-0.14216982010561
"799",0.298406081423453,1.01629151793264,0.149514918722034,0.102438950118499
"800",-0.0293864143051145,1.00432140913744,0.022158077275398,-0.090390887058815
"801",0.210488009405091,1.023239274209,0.0860478378109562,0.199033620003786
"802",0.00584112392664336,1.00255843618123,0.00743464440144392,0.0711908984405435
"803",0.661570326570122,1.22610422918481,0.443885729725158,0.553441089702647
"804",-0.133993473776724,1.01159476204312,-0.0718461789322258,-0.134766795487329
"805",-0.0187579423487576,1.00030669568429,0.0190610925318457,0.0158164528991348
"806",0.347867490478285,1.06649648277698,0.246831764813814,0.276566136131264
"807",-0.342719820363369,1.05035356516363,-0.15328199795975,-0.282395539896476
"808",0.0523366733134352,1.00747628151847,0.0935284269687878,-0.0791257933358176
"809",0.0934745276643709,1.00997344478847,0.139296757901919,-0.0253529567488175
"810",0.049634474312239,1.00297617768268,0.0740754760642041,0.0217723872101007
"811",-0.468893879292765,1.14412796431247,-0.268497391439105,-0.486762724037291
"812",0.416408318009845,1.0574272990169,0.108082024121573,0.326298588363415
"813",0.0712987825766429,1.00153250375451,0.0421993134749958,-0.0358688446848551
"814",-0.0442127433086332,1.0018300225694,0.0149998236484226,0.0586378667067063
"815",0.0776082535851913,1.00653587264083,-0.0341747182454107,0.109300281544364
"816",0.0923773923731841,1.00069449979865,0.0282263096115808,-0.0243466090652183
"817",0.198091236547481,1.04025651319686,0.244062701345484,0.150223204134518
"818",-0.0128330406755847,1.00174465098453,0.0335874786788166,-0.0486233179874683
"819",0.00197197372611744,1.00305636529572,-0.0076820542220559,-0.0778656407100546
"820",0.0471029133845501,1.00317615558031,-0.0599683540507368,0.0525946350623142
"821",-0.434050817589929,1.05544761846968,-0.157865960128813,-0.298409138542906
"822",0.00198490555082144,1.00666484209273,0.0344861878761034,-0.110384813952599
"823",0.119322396490293,1.00000173621407,-0.000955056126190172,-0.00160009342126302
"824",0.366934187929895,1.06302498192039,0.262141001346578,0.247596865084859
"825",-0.0163247923547723,1.00105630314201,-0.0269979880067945,-0.0372133135307431
"826",0.154399049832784,1.04473312569941,0.246533074680668,0.175182039667772
"827",-0.289481707256725,1.08177501001726,-0.318598376223968,-0.262168356147894
"828",-0.0386018286552063,1.00151811152852,0.00770565694667187,0.0545815955307549
"829",-0.233838957455681,1.02770235160422,-0.212052961311327,-0.105856814102578
"830",0.0670718098301042,1.00741323371327,-0.0300619657543568,0.118227330493473
"831",-0.22280888101201,1.04070438472974,-0.082063456416306,-0.27628102634224
"832",-0.26627028007699,1.00948396582424,-0.0631239369004597,-0.122773147904634
"833",-0.0805589421950254,1.00007148118512,-0.00575384385127647,0.0104814484086123
"834",0.0378662319745021,1.00551086142181,0.105127684130229,0.000512314979783655
"835",-0.0683050255979122,1.01342022588151,-0.0169908565511069,-0.163498822685047
"836",-0.127920054392692,1.0212551156405,-0.17224270730529,-0.115301608844088
"837",-0.0586542065077128,1.00980170469716,-0.019163766888262,-0.139040400056735
"838",0.260931366112852,1.05375076828322,0.33184387314899,0.0164415787245112
"839",-0.10418718860841,1.00958574580241,-0.0230968047124527,-0.136857282376539
"840",-0.000209771036609649,1.00442393599863,-0.0940480222696252,-0.0047342068130775
"841",-0.129561992444865,1.01085461961991,-0.0213732951204443,-0.146185649988666
"842",0.17538363012821,1.02771437761179,0.228745086673361,0.062229633397423
"843",0.0369406010028208,1.0060777221504,0.0773702846500752,-0.0787795789561143
"844",-0.207736608967832,1.03864865963278,-0.249681650221138,-0.128257988834333
"845",-0.401314092982707,1.06755372817452,-0.187327241837678,-0.323387487396772
"846",-0.0219768944470172,1.00118979278733,-0.0295734986421036,0.0388124897371543
"847",-0.227669819737041,1.04370860389878,-0.241335753688777,-0.176308547279498
"848",0.11958801328504,1.01731484595269,0.147209968374555,0.115146519734203
"849",-0.13782708899902,1.015663483198,0.0109377413331155,-0.177349025699139
"850",-0.187450694231373,1.0040179710521,-0.040820307825032,-0.0799111297920686
"851",-0.0472422127896157,1.00326527720745,-0.0454602805473106,-0.066892296587192
"852",-0.342888366870284,1.03279856681197,-0.216523117793116,-0.140679135162274
"853",-0.250065427761759,1.01000780733231,-0.116400623349521,-0.0810349662557668
"854",-0.268165902249418,1.06031205798584,-0.312727037775807,-0.162675936002016
"855",0.251805128245329,1.02771787282652,0.165151591326278,0.170085208085448
"856",-0.162962272432106,1.03044188195441,-0.222675183648853,-0.110572305179444
"857",0.043379363017167,1.01613951355339,-0.0284064290176677,0.178136424672143
"858",-0.221274638403166,1.02567015948959,-0.152678517785,-0.16937693548527
"859",0.172298133810094,1.04250553793979,0.210675652193192,0.205994092653421
"860",-0.147999776687407,1.01037709084755,-0.130845848767973,-0.0611655913872324
"861",0.0459944976066116,1.00730550558798,0.116966162094211,0.0313575909916321
"862",0.311627854395646,1.10522252533703,0.266313132273625,0.388064615870835
"863",-0.0885156701690509,1.007315889648,-0.0436148677678703,-0.113062128261088
"864",-0.0118718192764454,1.00032584907282,0.000139033399013739,0.0255300801600889
"865",-0.107459900201711,1.01633818183493,-0.110823261597832,-0.143741102487628
"866",-0.632455400567071,1.26367639668063,-0.569257232170401,-0.522325797897674
"867",0.395096476104264,1.12833225648854,0.259869982162796,0.453432766133231
"868",0.346179210951724,1.05648502307855,0.177280904870647,0.291087761263735
"869",0.3989254455902,1.09133474531397,0.334771429488988,0.280961948184096
"870",0.379724779189377,1.047378590201,0.262346595444975,0.167857603550916
"871",0.215534490051964,1.00301406934973,-0.00366998054018407,0.0776128504588175
"872",0.358465183686313,1.11319684738629,0.435267430043817,0.223045926602164
"873",-0.0327723696470206,1.0142155807889,0.0905851666446368,0.142925056931709
"874",0.122828847764217,1.02875529214913,0.238303533841548,0.0393557731910201
"875",0.0714894808240876,1.0021710167531,0.0205166223224388,0.0626563247279846
"876",-0.142513511911992,1.01158331754695,-0.0530776597660131,-0.143120824386441
"877",0.346288700601922,1.07822507704769,0.339602288624313,0.217346732976648
"878",0.252181410513549,1.02070130040177,0.195948172656648,0.058612782517016
"879",0.311580168947606,1.03754418335494,0.208631505494277,0.181578708357746
"880",-0.00169740302686641,1.00688925707984,-0.0764582964802565,-0.0893314330017037
"881",0.137471807962366,1.00173078106535,0.0523890124529637,0.0268318673967805
"882",-0.0445662672628349,1.00089403584529,0.0206479420860245,-0.0369125111348949
"883",-0.0493146156138501,1.00876728751826,-0.0111560084406161,-0.13223835995135
"884",0.367408118906663,1.10317214186091,0.337396618864029,0.32117331171365
"885",0.30109207055795,1.04619234930982,0.228495108520435,0.205690099753566
"886",0.212061928484603,1.03982970260762,0.264660049866677,0.105834155307391
"887",-0.0746244894520578,1.0098006693696,-0.00321938761241473,-0.140310467901309
"888",-0.141749863922677,1.02887588260317,-0.238263796363681,-0.0426139078800825
"889",-0.357986098374763,1.10865740611379,-0.355382480527896,-0.320662652432126
"890",-0.0340701451295927,1.00553636153479,-0.073355138015847,-0.0756465339279191
"891",0.361933690441863,1.04697310703907,0.246301401026826,0.188383403502702
"892",0.371988468518232,1.08766575101426,0.233847116918855,0.358234995272868
"893",-0.0694705640215293,1.00320017302755,-0.0799792249189527,-0.00372971096295956
"894",0.151028910898767,1.01486376102206,0.164053154356838,0.0550909791291985
"895",0.462124074062119,1.15626232701477,0.441977651848956,0.376295527663689
"896",0.523283289073173,1.1468919318276,0.38657847648997,0.407330559626868
"897",-0.150605022484431,1.00437243726335,-0.0762736552836089,-0.0542800354090009
"898",0.00165166126882031,1.00231871487547,0.0554198896185982,0.0396414180406928
"899",-0.0981425137266276,1.01932340546834,-0.0843552079983845,-0.178618038896169
"900",-0.222947084563461,1.02668319355798,-0.214258997176805,-0.0903961396477111
"901",0.349969110684211,1.10139303228057,0.348028820311393,0.303220302402157
"902",0.193532426153756,1.02229428782706,0.178794293602457,0.114534761094781
"903",-0.253228544941107,1.01762590176525,-0.127622500894609,-0.138834337283451
"904",0.219457487190261,1.05751682824169,0.267760992331743,0.21597660289923
"905",-0.147687143631415,1.01711406700823,-0.180674686501563,-0.0433322393096085
"906",-0.296024587910892,1.03197680740007,-0.0635040669603797,-0.246867098842931
"907",0.515004376632458,1.13179941033224,0.380571725515281,0.368964858715212
"908",0.0334554496243851,1.00288434432149,0.051408700865986,0.0559835115047891
"909",-0.0784821900930036,1.01167583811773,-0.153206013163588,-0.00398985735752672
"910",-0.405523148607055,1.11040557712167,-0.376909180630069,-0.30156262245127
"911",0.114353300899976,1.00108198097151,0.00760433363994957,0.0459054107457473
"912",-0.0912334488169727,1.01420413630808,-0.134118964886763,-0.103063734466254
"913",0.518458425643705,1.15679463015004,0.473056981049736,0.338217251221853
"914",-0.229744726017479,1.0230448122494,-0.154042629493789,-0.151299557729189
"915",0.108901518737652,1.00709391830197,0.0406413943455116,0.112189292476903
"916",-0.227977073725546,1.0273641263897,-0.177511832525874,-0.154811490225293
"917",0.393251059160479,1.06147160792315,0.180515098376892,0.306816351723541
"918",0.280812480895631,1.06326764420587,0.228517037137369,0.279853617009085
"919",0.102664169387509,1.00477298512597,0.0891112834908394,0.0403476243856298
"920",0.171553547832039,1.03423139721884,0.226763694196721,0.134954844253546
"921",-0.0463140613523386,1.00108730616187,-0.0460469057363528,-0.00744829044353978
"922",-0.440586467472404,1.102065790176,-0.28278482378144,-0.366853852801294
"923",0.103472472631287,1.00071202752474,0.0338007348871823,0.0167950097872721
"924",-0.156115935562702,1.00253231380796,-0.0710154920951212,-0.00527637296229843
"925",0.215789244009296,1.02576983291385,0.128153879136839,0.189156901482024
"926",-0.192310327019125,1.03580917680536,-0.125122483471718,-0.239259304696932
"927",-0.276190648943309,1.0541930907662,-0.188619263564392,-0.275219632351364
"928",-0.267703716333957,1.03912996110241,-0.220554750190108,-0.176484215241138
"929",-0.141466215841388,1.00485108324474,0.00704517928813563,-0.0983669911450731
"930",-0.13559809796187,1.0130512659852,-0.162078614458582,-0.001841262991612
"931",-0.0801360605003279,1.0140899389438,-0.112953584241295,-0.124979566626285
"932",-0.255361900628343,1.03931596249896,-0.150050224811383,-0.240130381124926
"933",0.360234177347673,1.03956966813598,0.224120575277881,0.174571081927888
"934",0.0543462811226924,1.00104429071881,-0.0106219251304523,0.0444617440868539
"935",-0.0594502479989833,1.00074244192651,0.0339780600154703,-0.0181913856159195
"936",0.482952809422895,1.13081335585823,0.386411974876639,0.359756350130605
"937",0.121713344962213,1.00265241260669,0.0274996238767606,0.0674954160862242
"938",0.0486273961251406,1.00080330283594,-0.0224480995320325,-0.0332164687275764
"939",-0.13187132444188,1.00898974898071,-0.111102606045079,-0.0756077011828306
"940",0.30355212660862,1.04977423994393,0.192382315537911,0.254980390458016
"941",0.0353069812895803,1.00173791949127,-0.0412774113576651,-0.0421311601823536
"942",-0.203822534676409,1.05561876034901,-0.249260878811389,-0.228473152678713
"943",-0.238026349782128,1.0246591741686,-0.167565178153292,-0.147811820495978
"944",0.442025082188121,1.09944279969774,0.299971388986815,0.34466162478079
"945",-0.384951727510956,1.06233040806745,-0.230748661943852,-0.274410187339834
"946",0.0812100695576057,1.01359399280652,0.108316864831469,0.125060941330779
"947",-0.438253207364692,1.12287920515868,-0.419418689121555,-0.291454409116312
"948",0.0414936422387925,1.00492615032431,0.0968759751359351,0.0221723487051823
"949",-0.245434588303014,1.02706989689657,-0.14319187022065,-0.185387867493631
"950",0.313936378983387,1.02477591872755,0.131821642895101,0.181076608285924
"951",-0.143692435296008,1.00698876736284,-0.110847316896082,-0.0417043155064759
"952",-0.0286350610155543,1.01485871458859,-0.0574804852100902,-0.16319989092039
"953",-0.0390382572636559,1.0155039107117,-0.143836760121476,-0.10275786640702
"954",0.369602756749923,1.09850042025873,0.316612452756819,0.32628166983134
"955",-0.0848959166077762,1.00346648952178,-0.0118525246966995,-0.0824894735798924
"956",0.17665205121302,1.00676337725117,0.0513556495463529,0.104571004747263
"957",0.181546332906486,1.00495757960473,-0.0196015059583139,0.0977523287147654
"958",0.024612959617163,1.00262095267517,-0.0616704024424648,0.0380202078617506
"959",-0.0458750354015015,1.00106110437195,-0.0270884197660325,-0.0372766978281262
"960",-0.667615597638234,1.20844790062128,-0.42125499449059,-0.531874569924818
"961",-0.282966789935497,1.05173770628075,-0.238539643985036,-0.221925755738664
"962",0.0246000749618172,1.00442643808561,-0.0124616707739192,0.0933658196926128
"963",0.0324503489109067,1.00777293477121,0.0071203691091515,-0.124722044567636
"964",-0.261406007305902,1.06841697760279,-0.351681120427554,-0.133548596266323
"965",-0.0789181345077575,1.01908836223165,0.049910967889448,-0.189868336802968
"966",0.154277783752315,1.01325763193561,0.0868049546091502,0.138404944026803
"967",-0.309329895533182,1.11165857640394,-0.30020562375602,-0.381656093830166
"968",0.19462019687988,1.00814960955805,0.127270702050128,0.0129539048829953
"969",-0.201690289985494,1.01649818034614,-0.146665862441966,-0.108432815333602
"970",-0.132549875581507,1.03584581324542,-0.218916546401247,-0.158278534646434
"971",-0.346890741007512,1.04567146304048,-0.182163855880965,-0.245448850532636
"972",0.591074105099246,1.28805418666249,0.646488351557593,0.491056411300285
"973",0.308969808795841,1.05173929422399,0.225959045909851,0.234729743718794
"974",-0.00955376718309663,1.00084267709195,-0.0328797154926728,-0.0245965159668553
"975",0.0323544981763263,1.00220567631602,0.0371951272826119,-0.0550703200143298
"976",-0.128615902275106,1.00675056435605,-0.0787714563478892,-0.0856840504181695
"977",0.213373905755045,1.0248764289756,0.138785544896108,0.176381028451642
"978",0.0559018229189363,1.00579382214731,0.0326368708458788,-0.102742626650723
"979",0.0569476552180695,1.02213493538267,0.19738828071664,0.0761425818151193
"980",0.0068843524594727,1.00388461623269,0.00234566709890808,-0.0881976221590465
"981",-0.0435849733078467,1.0154299054082,-0.175376184508258,0.0184685328228065
"982",-0.0285273031273774,1.00400912814757,0.00813376394826692,-0.0892646138605932
"983",-0.0638545306167281,1.00147248716837,-0.0359317893004104,0.0406945828442191
"984",0.209786285779218,1.04813419026466,0.268671175116019,0.162484092955401
"985",-0.478196984907435,1.14535785481814,-0.459769989654395,-0.316948216916898
"986",-0.138221911095386,1.01976464861566,-0.180682151977826,-0.0852871533285245
"987",0.272548791130092,1.01822786417282,0.17715573827411,0.0735107323763178
"988",0.272489869950152,1.03208867908772,0.209423453677117,0.146112485951669
"989",-0.0167278454393003,1.00303970619222,0.00281180208663809,0.0779791380255237
"990",0.0750792182826518,1.00451196545693,-0.0416768855661311,0.0854828986151366
"991",0.201262099774397,1.01515681307964,0.163329820939745,0.0621829939275543
"992",-0.0412243914275459,1.00120510269028,-0.0365041100479968,-0.0328497732511001
"993",-0.182165678481217,1.00004311742096,-0.0088451117872087,0.00282855060295569
"994",-0.143785051479087,1.01359026446983,-0.10700427044338,-0.126155896948561
"995",0.536248595883686,1.14593698056149,0.464687026916611,0.311829329014733
"996",0.262183370424533,1.04739529050358,0.173245410290834,0.258887856768607
"997",0.243546440894409,1.00995157901173,-0.0632742235460298,0.126485432295296
"998",-0.416351630931533,1.13409805541441,-0.361040969696733,-0.394750322983021
"999",-0.351903524916688,1.04968264680929,-0.210052845920794,-0.240232098049235
"1000",-0.0877980776506974,1.00365852885588,-0.0832696318370309,0.0199150937450868
