"","t","","",""
"1",-0.715546115968377,1.43317945639662,-0.785964536999785,-0.660502158070688
"2",0.232587236458489,1.10999837173345,0.418076109866043,0.239392463561801
"3",-0.18266749009647,1.00000392516037,-0.000243707713697491,0.00279122601901303
"4",-0.054583754931879,1.0011229769931,0.0449567849217238,0.0150367068547538
"5",0.352410891359541,1.04805175304239,0.309616526279912,-0.0504983535334544
"6",-0.274542414249785,1.10304460274903,0.20933089474565,-0.41579799441405
"7",0.0224504790931993,1.03098990975879,0.240310194410178,-0.0720500137888836
"8",-0.0579928422067574,1.03254263874231,-0.248611962087439,0.0658512955678101
"9",-0.136311740620485,1.02563081342921,-0.111652464372629,-0.198626012030118
"10",-0.416885584478423,1.21469638799311,-0.541233347886097,-0.42726312518108
"11",-0.179058080853159,1.02927563241922,-0.121768022829295,-0.211141838838785
"12",-0.0145275275369166,1.03503287983432,0.00313217460075325,0.266989235401706
"13",0.244848540703386,1.00580140664048,0.0274350676554665,0.10432538838996
"14",0.283435036749869,1.05594646094485,0.335597895628326,0.0489589709021138
"15",0.284706119327914,1.06951891794586,0.117743954637477,0.360564941432773
"16",-0.148835334442829,1.02879178028917,-0.181830245417885,-0.159217740977061
"17",-0.437599116373271,1.23517484094844,-0.313619011489336,-0.65368188237434
"18",0.308716138761643,1.02148710974188,0.066994281435494,0.19735166992898
"19",0.250797757906122,1.01724566647273,0.0478538639588676,0.180274107019725
"20",0.206072448759639,1.01830630483734,0.174869772056468,0.0798015870293605
"21",-0.107386584807685,1.08547205601622,-0.253672352466854,-0.337490625034246
"22",0.11230941043247,1.11248020145515,0.0685976375277749,0.482603939846424
"23",-0.0827591536193835,1.00648897665796,-0.0308282580601867,-0.109862089179857
"24",0.100373256363699,1.00429920060474,-0.080855042004271,0.0455998521687846
"25",0.0452474044508601,1.0215839510768,-0.207925568289492,-0.0200181704751085
"26",0.18459768503337,1.07282589924464,0.365269723922048,0.132413892307373
"27",-0.563989433656484,1.24293118618555,-0.603824573268775,-0.42458664405444
"28",0.0430545398324707,1.00921943607003,0.104950246791566,0.0866563087138382
"29",0.200112294315596,1.05388110656137,0.307267706124554,0.127483110802844
"30",-0.132110140577267,1.07076863032037,-0.165074479865432,-0.34539235048754
"31",0.187248570061716,1.01308453440644,0.100973124737282,0.127061803600876
"32",-0.20478319994779,1.04339938689914,0.121448993467862,-0.2719051720125
"33",-0.301899971316257,1.07112560509759,-0.132163213602559,-0.360337268216759
"34",0.0390558048713458,1.07264095236707,-0.349517715155581,0.168511066364635
"35",-0.290735299123225,1.05108579653538,-0.0628102727029592,-0.317547195423614
"36",0.0110203358699927,1.0101422706236,-0.0163586979170725,-0.141844280473584
"37",0.0835433733040131,1.00330413116241,0.0801753371224203,0.0138237087955543
"38",0.275085535761636,1.07761264895632,0.177237705757404,0.360327374547809
"39",-0.13040860342106,1.07046927724761,-0.306844661550421,-0.227488081465882
"40",0.163329925497972,1.00722048065451,0.0572906950834855,0.105881409637119
"41",-0.191246483236249,1.00858337320677,-0.0711716101094871,-0.11034048497073
"42",0.295275206242921,1.0471906125552,0.15802487766153,0.267649616222015
"43",0.15037452996849,1.00238495626869,-0.0499178758435149,0.0477891852310999
"44",-0.0354646829653205,1.02455253090653,-0.209942175738138,-0.0750477943267748
"45",0.220975449038488,1.05608698504401,0.0716599940713187,0.331940604971816
"46",-0.148623351101751,1.04523196627826,0.050696425159204,-0.299899542857263
"47",0.00224193054140723,1.01132678141968,-0.0717061639806059,0.132815981206621
"48",0.113228843192828,1.00743970993577,-0.0612227339441843,0.105766469184993
"49",-0.0705373358774417,1.00170547066336,-0.0580341479609797,-0.00677404069568541
"50",-0.237080728344338,1.13521518366573,-0.408325875142704,-0.349261353307453
"51",-0.444101724845614,1.22919445634089,-0.519305393915703,-0.491162823663622
"52",-0.199290617548844,1.05528792164454,-0.212158157204328,-0.26195708408158
"53",-0.2985139820314,1.0372723992473,-0.146242073236936,-0.233553604672687
"54",0.255386941044328,1.07182052047276,0.327690954974099,0.203513798388866
"55",0.262038220377103,1.12604941716625,0.378411360637021,0.353259298591399
"56",0.212198165114096,1.03169813956535,0.224840438602602,0.117676796147733
"57",0.591137487765677,1.06406209687978,0.242014382320677,0.271398571783509
"58",0.244713344781627,1.03600497793054,0.140045623363777,0.231718660606999
"59",-0.0568172402348258,1.0194927700038,-0.120226219277396,-0.157832709817352
"60",0.24231131399113,1.0102253250397,0.118193245668724,-0.0811514881554864
"61",-0.124903328205328,1.05303052840811,-0.219220636205502,0.246608204285915
"62",-0.272215884035861,1.04292529637409,-0.220229204911424,-0.197970379403252
"63",0.154443815811263,1.00981349506423,0.100210951476153,-0.0983923778454274
"64",0.365429895051314,1.03441980138186,0.191670992921527,0.182446035756767
"65",-0.0334362075999654,1.02186718691458,-0.106720317296004,-0.181172077233129
"66",-0.110900147843005,1.06607024417139,-0.325601839198704,0.174611591305013
"67",0.284510387652197,1.03682413919031,0.242165657704816,0.127906566821719
"68",0.23192754023525,1.0288993720025,0.132468222687236,0.202697034228974
"69",-0.0898688589511848,1.02049055866302,0.0077245388876532,-0.203325630010914
"70",-0.295556316040555,1.01696072251805,-0.165887834438925,-0.0817944834912003
"71",-0.00604646518487167,1.0108198365419,0.125834389244762,-0.076957445578656
"72",0.273654893394522,1.14494319346945,0.362838257794937,0.423371367657703
"73",-0.454638769455412,1.15343184461025,-0.572959362012539,0.0460715708782817
"74",-0.404075510740041,1.14720839616951,-0.511578074234053,-0.233184429593413
"75",0.0383428986414774,1.03114829809632,0.160201471042537,-0.193913128340349
"76",-0.000172336099197747,1.04907973633305,0.146672180061937,0.281168214385099
"77",-0.0439249651004089,1.0461911334473,-0.289462641768088,0.103572519156335
"78",0.235892978136936,1.03100850198169,-0.250785019447283,0.00924149226857363
"79",0.667926701985918,1.27291349267232,0.59006310046963,0.521664928178443
"80",0.0460141032512048,1.01850455151972,0.0174401636438329,0.192476913312926
"81",-0.291236687042036,1.05537189385622,-0.200739830329422,-0.271133463189223
"82",0.0880136610516341,1.03110626436493,0.245859208757677,-0.0522817165139686
"83",-0.132091290729722,1.00132670689012,0.0424103225775815,-0.0292666784976301
"84",-0.0369431911418476,1.01615469062379,-0.011496895874339,-0.180106015063336
"85",-0.276125071609793,1.09616082052753,-0.0548329518278802,-0.445602840939596
"86",0.298758704336452,1.04525751669556,0.0741309401597942,0.295072668879367
"87",0.397907484674695,1.11513904217321,0.375594018704606,0.320100322543273
"88",0.359728754129474,1.01034371694917,-0.0995015838170613,0.104373661412042
"89",-0.376016941829733,1.09846360784294,-0.39046965301602,-0.232713875454144
"90",0.0233997511733437,1.02662922731963,0.00226537884353714,-0.232298167116298
"91",-0.224689386616849,1.01373915130685,-0.156212610954386,0.0571374401872824
"92",0.218975972254247,1.03940483821785,0.277635773163842,0.0572782259709958
"93",0.302777601778982,1.15893990624782,0.534228211124644,0.240295494615021
"94",0.0571612173482987,1.00392545238124,-0.00237400054105559,0.0886604650354356
"95",-0.435831611493691,1.22746551737054,-0.358845176160047,-0.61473712746214
"96",0.143458195204287,1.00684337578838,0.0944639004099728,-0.069355280175827
"97",0.0713489620863392,1.01112011427867,0.125233960533709,0.0817333507692011
"98",-0.120122482144983,1.00350026704821,-0.0826009796153457,-0.0137791194354445
"99",0.482723878263741,1.19603205303079,0.435632856218774,0.490628868351348
"100",-0.279641075832088,1.03481806171477,-0.0213887587249259,-0.265312913088141
"101",-0.06086459716514,1.01012581913966,0.0376642460130581,-0.137606595281
"102",-0.319335657841379,1.20860129876282,-0.608951122800132,-0.299825998558544
"103",0.422150004568118,1.19833719866242,0.515690509778491,0.412401915396243
"104",-0.226025373767243,1.0389529950416,-0.227312723896121,-0.166590070114743
"105",0.180512199463129,1.06509360657899,0.326850154398488,0.166112514113577
"106",0.270350882870912,1.03489617897305,0.264987211846777,0.0281403413392187
"107",-0.174256303731603,1.01576392731843,0.125007163571706,-0.127080939157394
"108",-0.0106914397741637,1.00487130521688,0.0823097754892169,0.0546940664714699
"109",0.153764571942767,1.00714796543245,0.0790290589308841,0.0900079558663097
"110",0.0258921027524551,1.00669520791998,-0.0835802167205376,0.0803093333430783
"111",-0.0937786069870003,1.02740929335973,-0.226584822073333,-0.0650321035176279
"112",0.143358810826913,1.0206997297069,0.0315186524895762,0.202075512541661
"113",-0.0141982518159803,1.02811628520488,0.22386354689001,0.0831156319672249
"114",0.142015691037045,1.02216958638237,-0.168431099656527,0.128302876014514
"115",-0.100213561124568,1.0531092084739,0.22447130725719,-0.242181000887284
"116",0.0906089758187881,1.05393495157775,-0.294832247585615,0.154443607639856
"117",0.0929761561616205,1.02706210934861,-0.161530099573027,-0.169601307163439
"118",-0.194530981483998,1.01112953119463,-0.0954314834660311,-0.115220487836774
"119",0.431188427825756,1.094988096253,0.168563689128102,0.41301962864165
"120",-0.125152791384516,1.00219377203175,-0.00458651875508166,0.0661159628601845
"121",0.000773595703618,1.03383878802719,0.00192900983094786,0.26233360164226
"122",-0.0273671418212724,1.0081075005982,0.0117364093885097,-0.127055064664972
"123",0.0353896892214243,1.00321598542024,0.0802301407050102,-0.00233193592494622
"124",0.303791035225986,1.05096496648555,0.291752334990796,0.139312367747403
"125",0.371512135935308,1.09916274156171,0.184183055823363,0.417415062479818
"126",-0.0153546104410065,1.00857071579096,0.102583347692499,-0.0818018675048926
"127",0.188031052132639,1.03981101444378,0.284968233305597,-0.000227519876903791
"128",-0.0941645030892364,1.0611727152173,0.287375514632742,-0.208573356666719
"129",-0.134191317195408,1.06759595716843,0.338942086080069,-0.157732019723528
"130",0.0877205818972296,1.09583447295971,0.422425710992591,0.149698733526005
"131",0.0461135181677139,1.03385733776375,0.254399947475628,-0.0643557423417187
"132",0.021987231896516,1.03882696271664,0.176438978305808,0.219159178227787
"133",0.530993121039083,1.05598567808971,0.112057711827836,0.32023244924663
"134",-0.147951251412515,1.03616411137173,-0.00201547601444166,0.271352176241893
"135",-0.237842747756026,1.01271184849668,-0.0305975366452972,-0.157000251072445
"136",0.305180907126703,1.01364888817001,0.159915637714892,0.0437156413945011
"137",-0.255305660481684,1.02341773056049,-0.199377169632035,-0.0873647266069392
"138",0.256829276601165,1.01068640858926,0.0283385747974744,0.143819128371357
"139",-0.155601562482053,1.02315003721543,0.152596574023649,-0.153461018666536
"140",0.148285305674536,1.00228383294457,0.0428954584153831,-0.0522767771519013
"141",0.258562869758468,1.06961120556845,0.214869537601344,0.312888499131214
"142",-0.424994658434331,1.05854760151955,-0.33982071773705,-0.0710274910120098
"143",-0.104285745778044,1.03381374960273,-0.230207874635945,-0.125599376285286
"144",-0.22924359823711,1.07513604338672,-0.129842196315848,-0.372905505249144
"145",0.50257133444975,1.10493646589099,0.386267431898233,0.267735064402155
"146",-0.0114280351123897,1.01447553662691,0.165479016303678,-0.0421581495990741
"147",-0.00253619532427876,1.00142327776469,-0.0427780074840205,-0.031915878879726
"148",0.107720070140602,1.09034649096116,0.412416815551706,0.136995768553297
"149",0.165386841702047,1.0953787792067,0.424327937432582,0.140714148011359
"150",0.298739367887284,1.0128257038593,0.137963772196668,0.0823523160534141
"151",-0.023506910892126,1.01193828510716,0.102095662701326,0.116600036548892
"152",0.265197682345979,1.06240326751448,0.26695015074698,0.239662929635807
"153",-0.177824637337915,1.01928241873346,-0.18455796476188,-0.0698212487863012
"154",-0.00332102686688698,1.00989550168132,0.0708447474596978,0.121942388337832
"155",0.0212924884761334,1.00828449285486,0.0250318270723878,0.126534683644431
"156",-0.340068708461497,1.02837358372173,-0.237988054280985,-0.0302310058751066
"157",-0.0379875554443025,1.06629816305062,-0.348326962405899,0.125140320385555
"158",-0.230104928582763,1.04999180151824,-0.153212536691839,-0.281084865931935
"159",-0.147166093745761,1.00573186967033,-0.105570761192832,0.0187458809272053
"160",0.0574089506640578,1.03086668182287,0.0983038794036375,0.230266069985754
"161",0.101347981473501,1.00198832481673,0.0275711207268923,-0.0567488887195383
"162",0.0583402299187665,1.00887669531059,0.133525533668603,0.00176584238874811
"163",-0.310021124254439,1.05027427918962,-0.305586615435623,-0.098452435185096
"164",-0.097874406582926,1.00398233336736,-0.0426664565247658,0.0784862994502663
"165",0.324723333904395,1.06194188861595,0.205262563729884,0.292554020188143
"166",-0.172826173742904,1.01327605969584,-0.0160254443186094,-0.162700824481984
"167",-0.348588708143222,1.07054792054235,-0.270380876396369,-0.270124104545825
"168",0.368088685669249,1.10687601626948,0.367114390759895,0.300668487689674
"169",0.115017545432156,1.03182662938083,0.184696376129504,0.174795428269803
"170",0.151889011898189,1.00312637330828,-0.022290678699704,0.0759318541175278
"171",0.000768222712210844,1.00519834037516,0.101632281212809,0.00972537446308131
"172",-0.40249533146477,1.0419404113411,-0.214870008258976,-0.198672344166081
"173",-0.330660290474474,1.03629351660151,-0.246756983810426,-0.114084370056106
"174",0.185795265648002,1.11728648687908,0.446941014955677,0.220392429345897
"175",0.380532211203472,1.05218803410226,0.250632639756223,0.21043511825929
"176",-0.135553449930584,1.02359112869823,-0.205937963205477,-0.0729955756227554
"177",0.0996269615578489,1.01150843750397,0.152086013111773,-0.00437764291424792
"178",0.0114034744616436,1.00217653846956,-0.0250719423185681,-0.0610672741098439
"179",-0.451873674145979,1.07003816750497,-0.347019824596188,-0.156712862441544
"180",0.269753857547855,1.16044668452737,0.588140036641942,-0.0269778599851174
"181",0.202370314525537,1.0050838251395,0.0572084738203331,0.0831906610154629
"182",-0.394237950660582,1.10196562252029,-0.429508919669618,-0.172772454809129
"183",-0.00104174965663659,1.006751652885,-0.115583428713919,0.0137608718264386
"184",-0.528042658137456,1.17361450329099,-0.473214528699175,-0.391712920597431
"185",0.387198766789791,1.04453976782206,0.24874296821706,0.170851579812198
"186",-0.0713744385823569,1.03393188284111,-0.0428825796547768,-0.259183762449569
"187",0.0528326442704465,1.00274158732838,-0.0249018743448505,-0.0697895952986126
"188",-0.331086981370524,1.17993252881848,-0.41606411666785,-0.46811475450511
"189",-0.142793649455319,1.00750921698434,0.119898933811422,0.026439893707919
"190",-0.0435748813838605,1.00706792104804,0.119103802780331,-0.000285949800548031
"191",-0.160330902323452,1.00971804489964,-0.139737415207468,0.001996243243748
"192",0.546554780187111,1.18605121992037,0.330834228036338,0.545221248516775
"193",-0.412755328301039,1.04435511461936,-0.167139004179577,-0.250483849206849
"194",0.245460817050569,1.00833530316583,0.00558364894249225,0.129262935426295
"195",-0.0020825791390023,1.01629505655191,-0.135094246637426,-0.120851919708866
"196",0.172621412943237,1.01669574399796,0.0486265328334256,0.176934157720207
"197",-0.0102230194899457,1.00004123889856,0.00858412519323671,-0.00296517999992458
"198",0.227749552090757,1.05419645730008,0.302926786379243,0.139876848255831
"199",0.208355242575036,1.0213348752326,-0.0264250092670025,0.205977295476029
"200",-0.113142350092978,1.01066077594201,-0.0503896879196327,-0.137463025498031
"201",0.0916269139042721,1.00778021479831,-0.104599467733597,-0.0684098873612142
"202",0.188303883195345,1.02496247746405,-0.129739762671235,0.183618283924185
"203",-0.418318451046736,1.14157114865445,-0.257094974997541,-0.486915661353432
"204",0.0571486215539847,1.01247782894829,0.126169855035263,0.0958776396884019
"205",-0.037963308691861,1.0182284283687,-0.191673761737938,0.00709234794794206
"206",0.351006688165858,1.11890115083731,0.303599213011808,0.39970902317018
"207",0.123016363491923,1.02932948190874,0.228487190836872,0.0855148288309832
"208",-0.179662924740861,1.09546108598396,-0.424269878996147,-0.141527596890998
"209",-0.215575191613124,1.02003492789486,-0.193295649807826,-0.0557498510387134
"210",-0.0790235996005841,1.00895646747802,-0.0265559633087724,-0.13148358862789
"211",0.135212288504132,1.03373969843136,0.259300510546314,0.0371619340639526
"212",-0.307851435776429,1.05049286435646,-0.203483262700601,-0.249258540203874
"213",-0.0167812302333976,1.01012844872624,0.0843831441267032,-0.115060714031195
"214",0.385661163148673,1.08032601264153,0.175878979253036,0.369013384915593
"215",0.13412454032285,1.03465623086383,0.260371497307429,-0.0521555313963164
"216",0.1219765112791,1.00056082666974,0.0211193520351011,0.0259988621990365
"217",-0.355650872903668,1.05540309645749,-0.208088905038796,-0.265658998740531
"218",0.0413765148959573,1.01412935139012,0.157937916034341,0.0592786304639462
"219",0.218998533869562,1.03293114416088,0.238136861188625,0.101180946431313
"220",-0.33701378393317,1.01314034148109,-0.13379688009935,0.092475653077426
"221",-0.259767930402277,1.06575995101445,-0.36439931525503,0.0552938715227808
"222",0.146186391647792,1.0011966384418,0.0356523827092799,-0.0335203883376976
"223",0.241498175188059,1.09984382346457,0.348600941454952,0.296873406740796
"224",0.142039874072003,1.02840785908054,0.220215987344737,0.0955387017726616
"225",-0.15727778187554,1.02294258278984,-0.194400152255018,-0.0928445393546541
"226",-0.5184480338946,1.12311949968326,-0.288889068103253,-0.421829962069079
"227",-0.169737382803473,1.03722032734547,-0.224438110554437,-0.159541662237136
"228",-0.181021935649125,1.01106801176332,-0.0794581282765318,0.126273236522299
"229",0.0465912804977752,1.03807088061085,-0.189564227530721,0.204099379746412
"230",0.0146389911460361,1.03549169881349,0.255933074533352,0.0821055398347275
"231",-0.136250304512226,1.04471683676876,0.0446951339528422,-0.299057877390068
"232",0.446812134078757,1.08567235947354,0.197153383761224,0.373918460892676
"233",-0.235787265295756,1.05163294285048,-0.307820540184213,-0.105727770850736
"234",-0.19249692560904,1.0063689158611,-0.0409288184157243,-0.105371849345726
"235",0.239550143466005,1.0418714625085,0.263952498551263,0.125798342191543
"236",0.0565162615286908,1.04437082218489,0.286366917413153,0.0932973892583751
"237",0.094451413760908,1.004416591227,0.0887454382395391,0.0312559742087643
"238",0.161587384244053,1.03231470678995,0.208422204851927,0.14911015518566
"239",0.0543722148266174,1.00640318374146,0.0791697260143165,0.0811142572409996
"240",0.0187126752012251,1.0117762743967,0.142179947434819,-0.058958391934387
"241",-0.257451415048084,1.04276990878034,-0.230002981177398,-0.185654817624716
"242",-0.0879797138611882,1.08132738809842,-0.348398903629832,-0.218831268792366
"243",0.208400597110851,1.05134152447412,0.275527778528972,0.171474325607256
"244",0.198463416870197,1.03935748965862,0.241539334941314,0.148063300603446
"245",0.29161174042239,1.01142007115242,0.137784377382688,0.0631349798386536
"246",0.294978671322532,1.11929154632733,0.371403299249907,0.338929424786488
"247",0.0395008119207653,1.00729578187707,-0.0134723022349202,-0.120263416132336
"248",-0.104900779493316,1.02945615491338,0.141212469411945,-0.199597127663737
"249",0.142500794732706,1.00938585215928,0.136668137870227,-0.0134765956530536
"250",0.393538404666692,1.13602951315273,0.484823689659901,0.235603575309446
"251",-0.520927848575581,1.15253508554516,-0.259107315877465,-0.511077804518421
"252",0.379370663173183,1.16664214174121,0.461378453858869,0.384946501739304
"253",0.40514102640588,1.17646026342804,0.206643974120279,0.584257665234224
"254",-0.114485624467316,1.00122383708458,-0.0259080321452882,0.0421656947853166
"255",-0.240804507504182,1.03990858218484,-0.267684340494866,-0.0987671663839758
"256",-0.285987448384381,1.05536965323082,-0.263360862857902,-0.210822581511756
"257",-0.0855420675133598,1.04008083157906,-0.24728405286221,-0.143592247068645
"258",0.096884560314888,1.02524324807703,0.0121894074164958,-0.225776739444907
"259",0.166309545232366,1.02048718617519,-0.0161610568445916,0.202812517832181
"260",-0.186683744365457,1.07660418654865,-0.12805034859187,-0.377729642362863
"261",0.250008858701922,1.0497851255672,0.182911981738119,0.261900776628822
"262",0.064189419054119,1.01548702268627,0.144635309792917,0.101461916034225
"263",-0.125190242235441,1.04589136808199,0.278686839378523,-0.12736718331515
"264",-0.0326398753846008,1.02398559968487,0.0406667672403966,-0.216547275217669
"265",0.000325112579500353,1.00173404611095,-0.0564647749991353,-0.0168175004716761
"266",0.320017818578321,1.00867123724531,-0.0286020701533166,0.128839382290247
"267",0.476694011579198,1.18950867873193,0.547746183468259,0.338976422888869
"268",0.0937179765205381,1.02303836643096,-0.215280081496939,0.016185972333894
"269",-0.0402080516642355,1.02850489555366,-0.231808326253913,-0.0639313698993555
"270",0.418603684807602,1.14464587434079,0.374135588575213,0.412597550897796
"271",0.228610245362754,1.0372283239863,0.141179198018438,0.236455133431886
"272",-0.166226792602179,1.01208391930351,-0.155699056341272,-0.00846543366771976
"273",-0.196392209337339,1.01973864282209,0.0464660751635682,-0.194184972445184
"274",-0.0089616834583704,1.01671537584123,-0.0943707160546212,-0.157493883764762
"275",-0.0134390565451932,1.02374991884922,0.131055636845369,-0.17575072231667
"276",-0.316628837605458,1.12163211487668,0.0305979789041252,-0.507072346721567
"277",-0.218573926537772,1.04851687175007,-0.228606707778887,-0.217086626725482
"278",-0.270525764699191,1.00802619506838,-0.124179281324977,-0.026387800848923
"279",0.126298964443751,1.01246971539604,0.150174887990088,0.0504224911255965
"280",0.124352285702648,1.00643451953684,0.0961011887023244,0.0606218083312502
"281",-0.405667702008674,1.11590042860006,-0.311201479272681,-0.385210858943903
"282",0.0540063109351563,1.04134369611196,-0.0853704304136643,0.277684322645541
"283",-0.00233032653259198,1.00687524456989,0.0823237732863555,-0.083788749122844
"284",0.377859425520309,1.03313092282206,0.117805722267995,0.231260276511281
"285",0.121383888673716,1.01098373402624,0.0862365714240373,0.121042819756731
"286",0.0409540634121481,1.05341562394697,0.183802502734235,0.275501573070319
"287",-0.025528992112855,1.01784494827958,0.0863994160217821,-0.168948156691209
"288",-0.096804977475169,1.00379669657641,0.00399318999107122,0.0871312945582808
"289",0.283504990778071,1.00676371531899,0.102539500464203,0.0553066842927219
"290",0.587827900902118,1.12477502646337,0.319889995292441,0.40347149969666
"291",0.0020568022951191,1.03712899296681,0.12185514636771,0.246551964818883
"292",-0.00598031764882853,1.00393420245559,0.0805335371373102,-0.0373929439371357
"293",0.0752793639093719,1.06674390689625,0.365375939643909,-0.0666557246574479
"294",0.181262871561183,1.01806673638625,0.0981688975671796,0.163776516285446
"295",-0.357965367196015,1.032187688167,-0.182844124799402,-0.178827988944354
"296",-0.226823533759118,1.07939792768338,-0.370108471655278,-0.167689014238152
"297",0.0350187793205685,1.03782243327491,-0.227358432542841,-0.15932214585652
"298",-0.296457866143241,1.06166944507037,-0.298185941570753,-0.195517658654104
"299",-0.154488761550343,1.0717432340505,-0.127656501146297,-0.363782046626988
"300",0.415742088931918,1.19813064951931,0.462271787301433,0.470979668332614
"301",0.168779765286455,1.00666489126581,0.0972554142652739,0.0625746570370251
"302",0.0765550630716667,1.00495886356834,0.0992100301249159,0.00998435712425199
"303",0.095491878462807,1.0202543036077,0.172388061645526,0.105835722854516
"304",0.012929519565574,1.03140242307528,-0.107726944956985,0.228442254532292
"305",-0.269363174093162,1.00623542488588,-0.0406453038205249,-0.104200237872066
"306",-0.647288924508613,1.14016584948753,-0.311932670628864,-0.450195705590327
"307",0.0963802327005475,1.03521962092453,0.265897310914331,-0.031277525407952
"308",-0.095707763729979,1.01279733764439,0.136964503944561,-0.0836610530580993
"309",-0.449510317115975,1.12518460577236,-0.29622620330416,-0.422244518665556
"310",0.286312239627618,1.12244858967434,0.190307339830145,0.472941807063716
"311",0.328675726631259,1.06846607344632,0.146461767169375,0.346653574716071
"312",-0.131863104088257,1.01801249357669,-0.179098367817145,-0.0653698074302938
"313",-0.20300197548659,1.12479308795194,-0.513321416931081,-0.0407506272875211
"314",-0.151508365621731,1.01455311657799,0.17080235425285,-0.0120242313596255
"315",-0.212139139523804,1.01368824510051,-0.159494414149442,-0.046101953430227
"316",-0.0728726188323038,1.00962301136669,0.0776988284271525,-0.115332203404753
"317",0.0820630711661778,1.03428009065264,-0.262774676354793,-0.0261682132952555
"318",0.396657990838304,1.17305336843317,0.339351319790073,0.5107787064367
"319",-0.0308753843742952,1.02509617071906,-0.217954312086802,0.0576027522402392
"320",-0.129310103537093,1.02046907286271,-0.197979048379382,0.0464911289609849
"321",-0.0498322128793459,1.02307970901787,-0.178652114543018,0.121554567883758
"322",-0.131558451074504,1.04639509816067,-0.241256310354566,-0.191671839790783
"323",-0.272954719975858,1.05312014522164,-0.284178084104715,-0.168240473091992
"324",0.103835807756039,1.06750689506857,0.246205120599203,0.280987561307734
"325",-0.224539121688915,1.0407618769717,-0.0635319602437162,-0.281334275525137
"326",-0.0569778797307172,1.00430366086765,0.0891396548464263,-0.0260761417013826
"327",0.0615291853945826,1.01666820978265,0.149813822891605,0.105688538892638
"328",0.376694218937334,1.08346309322577,0.269042828994694,0.318603563302249
"329",-0.0240664451088025,1.00743034524185,0.0907050189628453,-0.0817832504187928
"330",-0.29067282907341,1.0004924094856,0.00268663052856966,-0.0312704885588544
"331",-0.230654712897858,1.01205147453009,0.0218742162511459,-0.154174270752023
"332",-0.0775810564914746,1.05616990679514,-0.339845358647374,-6.50038282148277e-05
"333",0.100137866593164,1.00547767459517,0.0233491032406024,0.102177167151779
"334",-0.150700554273668,1.05865703990902,-0.0201567634608715,-0.346912716739678
"335",0.196208067746489,1.01605215867802,-0.156544149163967,-0.088633619562695
"336",0.322686229359322,1.11226578240712,0.429922678011538,0.228695565425113
"337",0.324578723427908,1.05132096201922,0.324363354366829,0.00801121244953626
"338",0.203220182147461,1.09751241291197,0.413946226023402,0.182159321630365
"339",0.295532848336981,1.14990742250357,0.413778455937007,0.38868299387958
"340",0.165297516291552,1.01833678441119,-0.188885466686196,0.0364977665024891
"341",0.296861723845322,1.02202032051517,0.196329321225991,-0.0773326139016896
"342",-0.0104511310833266,1.01747802648284,-0.000721653679394353,-0.187779161760263
"343",-0.207343985941423,1.06624220410985,-0.214701746424357,-0.301289890151259
"344",-0.399283846595044,1.21460205667706,-0.482972540091042,-0.491930565834391
"345",-0.0798849198331126,1.0096137522881,-0.0529989813048265,0.128495279251453
"346",-0.199737451617361,1.10031433425095,-0.420848983415466,-0.183242373146251
"347",0.0264548487238815,1.01438783044721,-0.159175795349956,0.0603799365195322
"348",0.0210805628366893,1.00761530090157,0.0566698387042169,0.10989596895341
"349",3.25848964454063e-05,1.00893863671067,0.130964991328144,0.028378578082999
"350",-0.0325929865294067,1.02570005583913,-0.107729301158886,-0.201134289021573
"351",0.208439783157686,1.02087551901115,-0.0449088366325026,0.200424603551086
"352",-0.35433259302284,1.04680300471395,-0.282517512295877,0.126413551189317
"353",-0.031498117808275,1.00724961362634,-0.119793584593994,-0.0141873620002695
"354",-0.289723481487186,1.03752391210886,-0.137832522995087,-0.239704117199698
"355",-0.262608377811105,1.08165490973153,-0.394362984520391,-0.120229697606277
"356",0.422169398015819,1.24559518255829,0.527954248378364,0.52227547370296
"357",0.125574999408844,1.03573612667786,0.269680457690406,0.00466635248829041
"358",0.409616451629903,1.13351419339457,0.270864917888945,0.459876747492156
"359",0.195331291789787,1.03270273942905,0.127054781385201,0.224348012140577
"360",-0.019382127956418,1.01013349270896,-0.133543790166432,-0.0503560244696315
"361",0.157594838250403,1.00319114678195,0.00790784636892144,0.079560938578543
"362",0.0579711372391192,1.00414600062076,-0.0372820685156944,0.0831819567565511
"363",-0.121731545976836,1.0144125976036,-0.166279151875389,-0.0372043254000926
"364",0.260413534721765,1.00584337372749,0.0807748067850253,0.0720855260113427
"365",-0.136183229850474,1.00413335373016,-0.076596962828168,0.0491599161805669
"366",0.131392597589686,1.06435069897878,0.106680547143441,0.348513516635706
"367",-0.586222861274675,1.25088040304063,-0.454549741189188,-0.598403137939568
"368",0.00517736413466188,1.03597674673972,0.0965696144587906,0.252828260581545
"369",-0.196062837208243,1.01807933160114,-0.177236609033128,0.0712229587412222
"370",0.242701564087036,1.03600205363864,0.106586575442005,0.248876590058275
"371",-0.00176412555977399,1.03945167160322,0.241800939857842,-0.148297279417335
"372",-0.288795428523756,1.04931605200533,0.00422365240928081,-0.317877866100146
"373",-0.0184763614469779,1.04873747814784,-0.315969053508659,0.00372227037434423
"374",0.255337545432952,1.05201932695966,0.215528010535246,0.24554498767309
"375",-0.0680638930102693,1.04746147411223,0.304287979690165,-0.0677079401949852
"376",-0.369477225716921,1.11360685001777,-0.490015041046838,0.00234007571669186
"377",-0.231851001108359,1.02556269156717,-0.218876538520145,-0.0622245547990485
"378",-0.164636745357111,1.05444302309059,0.162888387584696,-0.292091530405234
"379",0.198829074348788,1.0369630128584,-0.0249906337151697,0.273254017834861
"380",-0.125020343696279,1.0229454572686,-0.128410394609172,-0.172997627448446
"381",-0.187401697708848,1.02800352691876,-0.23347081950331,-0.0477768542064251
"382",0.417622614372773,1.2425261506473,0.485135773563356,0.555440830558462
"383",0.2649314339151,1.0011034411115,0.0323811904987703,0.0340522878405388
"384",0.327979367441564,1.0693685392935,0.27737525125113,0.258093089454338
"385",-0.0290471391810336,1.01983670869418,-0.120342577280832,0.159951794280592
"386",-0.276465199245158,1.02109839578794,-0.124689068672664,-0.164604283158878
"387",0.128047723673636,1.01600223298519,0.176913477351323,0.031018687308693
"388",0.205553868318111,1.01654065383788,-0.182410530826322,0.00901660406152308
"389",0.0196066511858851,1.00534361802042,-0.0326731176394428,-0.0982255449366886
"390",-0.225156957953442,1.01775976856221,0.0240985151347811,-0.187761039814164
"391",0.0919985538776358,1.0510629850902,0.0997088000978652,0.307882370085986
"392",-0.213106616699776,1.01279202481085,-0.143684181184359,-0.0714320768131043
"393",0.228652585345942,1.05798464382192,0.0897983151770686,0.333568237628144
"394",-0.105898150939617,1.00128642462232,-0.0407837355769479,-0.0301859411869751
"395",0.0409452554527474,1.05481040674622,0.250785354013527,0.223006054609383
"396",-0.0896070485069528,1.02318627534596,0.174194303292413,-0.128710911568564
"397",0.15305631897603,1.02240178797319,0.124024383974895,0.172983722443516
"398",-0.0417153277321232,1.01042761671408,0.108053514811736,-0.0963763796546404
"399",0.327242130564038,1.08591982639686,0.32237537676262,0.274401140338255
"400",-0.27237428375195,1.03601905724373,-0.16507823336999,-0.214673388755174
"401",0.184313016114601,1.0083860102947,0.0908402557151691,-0.0926843767830742
"402",-0.0354662104602018,1.00076649714323,0.0324104992076641,0.0219804764606799
"403",-0.230343088575152,1.01408471694801,-0.092662159662624,-0.140646853196878
"404",-0.127687135553026,1.00704212123135,-0.0721303044274214,0.0945042492025876
"405",0.435671068235887,1.01303452196983,0.158081847464144,0.0353422156204641
"406",-0.117371003529644,1.02537474923754,-0.0485140194239491,-0.221449240895696
"407",0.480896708564669,1.23092519271579,0.417134714157625,0.584102268705621
"408",0.217325078806849,1.02105129630293,0.167322574854465,0.120618844406558
"409",0.348007386696098,1.01276181902202,0.00176250211935278,0.160260399522393
"410",0.245566699470032,1.03464378126426,-0.10949118398849,-0.241866563909943
"411",0.0566821098226717,1.00332239291498,-0.0239474126489868,0.0779893938434508
"412",-4.22395456847847e-05,1.00197692301344,0.0626701899363567,0.0054955932185325
"413",0.368302023911767,1.13850398832331,0.232896907205594,0.491884500713492
"414",-0.183785485939685,1.06473832306967,0.0535079353824436,-0.361669182353593
"415",0.275731819818777,1.02770310037776,-0.113400878722586,0.208119925117734
"416",0.293712472054302,1.04695345291764,-0.0822484033087506,0.298909238280343
"417",0.0984847747664494,1.03299932184169,0.0669270261345938,0.250216650321609
"418",-0.242746078966279,1.03785915847334,-0.254096367142715,-0.112190325036822
"419",0.196911209252285,1.00232052383669,0.0260281111438636,-0.0629997613847715
"420",-0.247132893403574,1.12169486813493,-0.20366477226764,-0.465531994321978
"421",0.0596478631955812,1.00066924467186,-0.0273604692404219,0.0242969536174432
"422",-0.464225531817231,1.07587900583675,-0.327648577143187,-0.223968848495338
"423",0.125490976417694,1.00213339710029,-0.0589120553728731,0.0282969135333158
"424",0.209713283105346,1.05818574981952,0.18040645915349,0.295314392837208
"425",0.0226824002558782,1.01430086227518,-0.138790611909904,0.0976903539651625
"426",0.289618421849758,1.14425677604643,0.268838085236449,0.486877452193643
"427",-0.144848853605776,1.00402806230402,0.0653085471894005,-0.0617020547306395
"428",0.0595633388130969,1.00334412531418,0.0728277468363853,0.0373571023127901
"429",0.135485719564945,1.02069021769099,0.0607817002525495,0.195228341703986
"430",0.0865080134795,1.00095988239972,0.0253539722083334,0.035747199427563
"431",0.348275955141201,1.11381391153064,0.480819584207705,0.0969224275465597
"432",-0.182024521611073,1.06543569463713,-0.367515556365719,-0.00924852615811565
"433",0.018673809801607,1.01529079763386,-0.175239833387507,0.0103152583249263
"434",-0.27117350242546,1.02136839120076,-0.0871523342851505,-0.188673954674931
"435",0.0955154058016156,1.02532589808289,0.121416527554166,0.191183744382638
"436",0.0706128295892345,1.00943509165934,0.0204453905597741,0.136166039371628
"437",-0.0657854946224572,1.00342953442322,-0.0815539182638128,0.014825281400965
"438",0.304112409932159,1.09357365231627,0.398804656564319,0.191984840398818
"439",-0.392759299224137,1.07811270713526,-0.185466633053271,-0.357671829070173
"440",0.0275896869953166,1.0295636138414,0.201967348053769,0.138601678439638
"441",0.067691355144486,1.00196758863927,-0.0562849749982229,0.0277677920087281
"442",-0.00903178089999245,1.05159627352172,0.0306279042900113,0.323908403663081
"443",-0.130817946019456,1.01004443138512,-0.109085974725963,-0.0910494562871533
"444",0.0539819391297552,1.01133518530318,0.094173063936613,0.118026654027819
"445",0.169801407229419,1.00950535217448,0.135087125739343,0.0291980226795746
"446",0.0271356979519705,1.01797364742408,0.118411568808767,0.149161145148916
"447",-0.179718573077847,1.07648852243173,-0.187081183790065,-0.351892269876667
"448",-0.130668674689573,1.05304846004117,0.121414226912661,-0.306870729621239
"449",-0.220639716040623,1.01099823970329,-0.0863931842735541,-0.121052296113018
"450",-0.250822674190962,1.01344874328096,-0.066906132386179,-0.150339365127311
"451",-0.121436968580759,1.04310014643629,-0.0619134485910942,-0.290214817641991
"452",-0.524494601228341,1.03535482645288,-0.166606158850249,-0.21024272756134
"453",0.112747650107272,1.02044795820567,-0.107014626279953,-0.17280597549938
"454",0.189869155600802,1.02557888442155,0.219712119055418,0.0594864094691231
"455",-0.280321218471984,1.01352099794359,-0.153349206033583,-0.0609001993547574
"456",-0.126857887787869,1.05575554191739,-0.328433010997452,0.0821676431231988
"457",0.00294713267960063,1.05953374536642,0.259112185084805,0.235526289638261
"458",-0.240162211899761,1.03530825824843,-0.0952334476148496,-0.250586871269783
"459",0.166255590800895,1.0507361352985,-0.0166280607572145,0.322133409657353
"460",0.0817920585259272,1.00845013538097,-0.129124510897045,-0.0172782011651437
"461",-0.231519977828597,1.03122848400534,-0.240453431905928,-0.0749288549799701
"462",-0.107925415210336,1.0826804893512,-0.0740906729078949,-0.408298437677404
"463",-0.175281607998957,1.03873918209703,0.0249561225838896,-0.279921918343627
"464",0.178727928325299,1.04527296702594,-0.1518146717925,0.263719322431522
"465",0.0747770846208004,1.02792117424052,0.0141637897651419,0.237531740008575
"466",0.251668467898289,1.00308680498189,-0.0661801377343001,-0.042465606062355
"467",-0.0920585015650371,1.00802985133487,-0.0715169357137634,-0.104926207823923
"468",-0.194798078311724,1.04783956191451,-0.0720988125414773,-0.30458087389607
"469",0.149444433431018,1.00880677301875,0.0641867059506158,-0.116495373589302
"470",0.544863678317929,1.2161988188428,0.493416331986085,0.48546873255032
"471",-0.363511529712121,1.12029582453696,-0.302125975415246,-0.404700666486152
"472",-0.0512000185783709,1.01034979311429,0.0015296455971786,-0.144237181858319
"473",-0.0458320095298646,1.02460059468706,0.0625515682473693,0.214228102598304
"474",-0.219559243020042,1.01825841323106,-0.0585051094472296,-0.182831475092224
"475",0.378844774546594,1.11443022550781,0.469577882964104,0.146462757574539
"476",0.00309989957621535,1.02736807668168,0.223002581040465,-0.0758618074785536
"477",0.128608193017931,1.00663413546097,-0.0538026883257333,-0.102066416632429
"478",-0.245712237879191,1.01647345519923,-0.118903801622662,-0.138130992483039
"479",-0.00832677723110412,1.00728244830359,0.101580184729663,0.0655697851968712
"480",-0.236537222240506,1.00340309626298,-0.082564452805444,0.00094059719235469
"481",-0.403753194556372,1.06639396304348,-0.196237311856509,-0.314144873984775
"482",-0.107504224804263,1.00079934096032,0.0263283030906574,0.0301021813658399
"483",-0.453151983536627,1.12498736821963,-0.267051751253034,-0.440771982782959
"484",-0.63759851051163,1.24047370656888,-0.321197108017258,-0.660005632165428
"485",-0.178256537662353,1.03612078599054,-0.270644899408374,-0.0172517125494843
"486",-0.517406516616008,1.08394176151574,-0.380260785072812,-0.174159345697123
"487",-0.0490780618784369,1.01247750744032,-0.113838518972411,-0.110233818180841
"488",-0.147982546045651,1.04636141837827,-0.276845065978978,-0.135014915152628
"489",0.168646486559857,1.0200559448105,0.150456460465182,0.133704839282381
"490",0.110550963923945,1.00191602412817,-0.0364091760279085,0.0501008114281757
"491",-0.152509354243177,1.03621012255469,-0.262580011709987,0.0691603610111491
"492",-0.239970012329066,1.03819394938504,-0.278581524987155,-0.0154599636331454
"493",0.0363004354338576,1.00328971849546,0.0544901109497343,-0.0601754688173405
"494",0.154551755475765,1.05205539111968,0.324546989950368,-0.0385978924052985
"495",0.212551289807495,1.0191688441514,-0.104565755377311,0.166646739215845
"496",-0.0661980859539251,1.03736648737576,0.00402351697718488,-0.2758859192519
"497",0.0568963916250779,1.00354187348494,0.0839810261018005,0.00659386779871755
"498",-0.0305375403475345,1.01828363730645,-0.188453732757405,0.0372391811921745
"499",-0.0446696040507349,1.01568332808609,0.0636248705090833,-0.166025596835949
"500",0.110020683843156,1.00004888222485,-0.0080394815884441,-0.00575617711414445
"501",-0.165667693685184,1.08456008666767,-0.203895641391071,-0.367011102031413
"502",-0.0511551375241539,1.01826742156905,-0.0877418072327513,-0.170792028773059
"503",0.446722566934152,1.03134251670141,0.11082782874916,0.226681669154669
"504",0.0429359398329304,1.01162204927766,0.0964092185515577,0.118677854560151
"505",0.0409823316546999,1.01311602069186,-0.0181830202783056,0.161472750506266
"506",0.221820234624505,1.03768708354861,0.27025070437691,-0.0613110116324463
"507",-0.229910868007765,1.06033283590083,-0.135746728660727,-0.325389840879224
"508",-0.195674523626303,1.00698895124057,0.0565973405954718,-0.104035998376023
"509",0.0391381739584899,1.00150010779104,-0.04523961402788,-0.0309167143802879
"510",0.170964857248411,1.00239833712827,-0.0573637928463552,0.0388821494751087
"511",0.220599375103091,1.08348636410706,0.130880869687877,0.395996084773163
"512",-0.024894901153621,1.01016285689815,-0.0395664204869009,-0.137344442284666
"513",0.332290385274677,1.03145766614899,0.198603840282222,-0.156401507929683
"514",0.370517599960698,1.12542019057115,0.384010564764313,0.345118083407098
"515",-0.0434077507890765,1.01059540678856,0.0973312940947711,-0.108764403239133
"516",-0.0728785005697017,1.03602492305006,-0.22954885506079,0.143718350676465
"517",-0.330087812966606,1.02095232646994,-0.201305297433724,-0.042659467290405
"518",0.169514701037531,1.00848015992255,0.106538905648053,-0.0753770159977165
"519",-0.10901760877701,1.00336048079378,-0.0368553015336622,-0.0733071699602883
"520",-0.0974725346121722,1.00156011915406,0.0082526235087793,-0.0552681326364989
"521",-0.223769388418206,1.05016002333653,-0.22324978527002,-0.230207749632973
"522",0.296848671540719,1.00844060602042,0.0385341552822835,0.124368704855845
"523",0.400729681470936,1.0330976765613,0.0487468163667004,0.254783353479892
"524",-0.476129902734009,1.09377379800439,-0.40443053764698,-0.181044363125515
"525",-0.0208929347795202,1.02204737843596,0.0995049057173742,-0.186224642585241
"526",0.476598895265898,1.11775601477683,0.370692251783271,0.33461285545781
"527",-0.394869986419871,1.01695885647153,-0.116928725260853,-0.143293366785619
"528",-0.40408447414647,1.07178765438464,-0.341625429619046,-0.178943683679899
"529",0.246682184789926,1.01503308780127,-0.0413457974866138,0.16906417231803
"530",-0.043846125635112,1.01143353651915,0.0556372565980472,-0.141075492109267
"531",0.0788268875767314,1.04122420077233,0.171028618866082,0.234301190357043
"532",0.278506011362146,1.03358055501219,0.175856025024723,0.193296203174863
"533",0.0422863081243185,1.0143867141136,0.0191769918446948,0.169152737944085
"534",-0.206209413259858,1.01328988617394,-0.104872717665718,-0.125531296941477
"535",0.17772108586783,1.04188178235571,0.0702141144021057,0.283879598674233
"536",0.100345467340924,1.00304048654213,-0.0726377612320937,-0.0285302170664966
"537",-0.055530413671159,1.00735453230694,0.035448496673662,-0.116217717422578
"538",0.240010105365118,1.03394891891195,0.232935882174462,0.121619248948465
"539",-0.192557550915853,1.03201526017633,-0.0359596057116823,-0.252512185832436
"540",0.111175104978139,1.06079591546626,-0.11488366232668,0.334798026278997
"541",-0.133803403038168,1.03850358724012,-0.188918231715158,-0.20688064780499
"542",-0.341742810455178,1.16289307596661,-0.413777861387668,-0.425568076289249
"543",0.075936130136947,1.0013743394696,-0.028157294514303,0.0442462937862284
"544",-0.394087477910864,1.06822008655587,-0.216956453899746,-0.306633413757664
"545",0.137978535295698,1.01965638045477,0.197362403837356,0.0273352474593851
"546",-0.0944512186775888,1.06609533708544,-0.239773964803525,-0.28118981766364
"547",0.16067092306843,1.09923922804017,0.238790890127534,0.388980450992643
"548",-0.0238721575993656,1.00838788688649,-0.0248365854786304,0.127394169572882
"549",0.00923588293706959,1.03592656998896,-0.248984170835224,0.105597069479144
"550",-0.0303537394187892,1.04997163841575,-0.0382918697205993,-0.317764337506217
"551",-0.0791294148580525,1.00684594613888,-0.116868867877842,-0.00896810890040427
"552",0.424438934269524,1.08816140504415,0.219124830603119,0.368889620402665
"553",0.148693146330102,1.00132736596666,-0.0151728107502766,-0.0492572801488956
"554",-0.187678392847193,1.10151747545558,-0.267456548129755,-0.376573689464034
"555",0.0804761628046254,1.00128611478743,-0.0277884407991482,-0.0424462745604134
"556",-0.163486195716676,1.01700595075079,-0.15385317183,-0.103103372303584
"557",0.217037144372677,1.00321144435724,0.0498066577577512,0.062868902744841
"558",-0.00465227160288381,1.00020730802249,-0.00092055234149834,-0.0203423598674632
"559",0.0994516202885696,1.03836676711775,-0.0805840022158676,-0.26779051820675
"560",-0.169757004245071,1.01874188553973,0.173947706135414,0.0870472566096876
"561",0.277234406761784,1.0534732405512,0.316220990185537,0.0990462211471182
"562",-0.0565350708483282,1.00249722148855,0.0705384871683016,-0.00500009202575671
"563",0.111479621225357,1.03955868049938,0.283479552066902,0.0179330354809091
"564",-0.358983819697276,1.0249028536431,-0.151386313828437,-0.165855489481701
"565",0.242242465511985,1.06581048067744,0.0439762135081769,0.366084789860714
"566",0.0281064752266812,1.00894317424588,-0.0339513613891106,-0.129667397279248
"567",0.423997997371322,1.04581932415296,0.266627030399842,0.150492808572107
"568",-0.275669842003942,1.1292462961033,-0.489570584189611,-0.188461774265381
"569",0.277693370680764,1.04611696989861,0.288404528462206,0.105752270294062
"570",0.339289521435224,1.06375150929729,0.0989358082426983,0.348968450407222
"571",-0.0188546881786059,1.00234250943369,-0.066454759582776,-0.0165611336153048
"572",0.479069382613616,1.3027748116351,0.507910773896258,0.662758519817727
"573",-0.143886198911026,1.01204460227366,0.151561283805035,-0.0355451015278144
"574",-0.308721176250542,1.01077195675092,-0.103276023284809,-0.104852332203744
"575",-0.145546913144215,1.02074179639956,-0.168175326629305,-0.116751335881582
"576",0.105184027654395,1.00664697445489,0.114416646761785,0.0157150285702518
"577",-0.542533005093125,1.06325094571925,-0.117394082039716,-0.341644849331767
"578",-0.0434604130142502,1.00184500454565,0.0070426488627768,-0.0603640143633647
"579",-0.179455221230222,1.00621346441778,-0.105497638944234,0.036548380987695
"580",-0.254420464695668,1.00962398597163,-0.133682876815973,0.0383338166041752
"581",0.298732140201065,1.05836978843231,0.205325764252138,0.279263208462065
"582",-0.0517406364654651,1.01288573345911,0.124571209309095,0.102076064071248
"583",0.345735960684479,1.14659926887237,0.447354076607675,0.33847335718066
"584",0.0185923494970367,1.00526092708795,0.0190622490441414,-0.100926518770376
"585",0.192738318405811,1.03627666740339,0.239489590043133,-0.128507072434369
"586",-0.257068998239207,1.03838056722862,-0.177224677951099,-0.216392273251964
"587",-0.154540449197769,1.01307536098752,-0.150783243861336,-0.0598840580676205
"588",0.233823430926226,1.0073787681633,0.112367649681006,0.046749265784285
"589",-0.265313242837907,1.08591602272865,-0.273841888339439,-0.322837774446377
"590",0.0160181707575959,1.00155950418438,-0.0390629871559766,-0.0399440040119538
"591",-0.373191899231105,1.12353764805474,-0.48739790635896,-0.157417049499994
"592",-0.0294212317942777,1.03678851077915,-0.0435832545877444,-0.270242328296642
"593",-0.51562830746738,1.24299613153937,-0.436469604867996,-0.595427297869544
"594",0.0470509271360872,1.01022808922781,0.0970698188910874,-0.105537872469191
"595",0.130429818077209,1.00648996466908,0.02589760360902,0.111136686593046
"596",-0.036782907359003,1.02435481978344,0.222033038979346,-0.0020313579584875
"597",0.416276910733697,1.17754168098997,0.450510846818582,0.428537498204638
"598",0.0959911885904337,1.01061990462167,0.0955519562535514,-0.110555032782935
"599",0.189219574117669,1.04390285063353,0.266473452799777,0.136839542946366
"600",-0.0292893765732779,1.00516360279952,0.0398152817694171,-0.0936408657079799
"601",-0.0368049424909106,1.06816485380005,-0.366691714030454,-0.0807052771205214
"602",0.407541366991083,1.10224755596093,0.291299573627022,0.360685781569709
"603",-0.226989618859577,1.04109689543451,0.0171190380851561,-0.289118806407357
"604",-0.149868701080238,1.05440260217468,-0.333163901034668,-0.02768867133152
"605",-0.341942970845192,1.1831293245531,-0.208610955678469,-0.596888991177083
"606",-0.364136395095226,1.06891479638993,-0.362636682875623,-0.105230595238738
"607",-0.271273433522621,1.15092099698168,0.100035671513122,-0.56090284873428
"608",0.155610632035204,1.05292243048336,0.199889116975262,0.262087743951968
"609",0.14918049842847,1.00999579169978,0.0536176593274495,0.131212216883597
"610",0.0542112983996885,1.0120774305157,0.117826719227322,0.102066593924679
"611",-0.294326594120193,1.02480794305916,-0.16329969019761,-0.153507430890196
"612",0.138889390434651,1.0279822838986,0.23506455540127,0.0386294033527186
"613",0.126413881511853,1.02286266748614,-0.16781737973558,0.134481833700851
"614",0.0428383390188167,1.00236881064461,-0.028269156648152,-0.0628019692007034
"615",0.425884112138674,1.03101233415634,0.211991019277866,0.134336297879763
"616",0.232221533953586,1.00274810605995,-0.0524355705560857,0.0524811885085273
"617",-0.165442415367219,1.06929709690258,-0.336447426629149,-0.173779776035361
"618",0.148095540655824,1.07975073561082,-0.054858325482054,0.403549520105543
"619",0.695382282107847,1.23784578749657,0.638056561208568,0.353759831413501
"620",-0.122474120030841,1.04850691819227,-0.078063620166305,-0.305406006331869
"621",-0.209582670176962,1.02620724020759,-0.168207695570586,-0.157503876159664
"622",-0.317451557911888,1.01203111639503,-0.11573965998623,-0.103977457451321
"623",0.143247184954181,1.01178667061455,0.107099288554539,0.110643613572512
"624",0.174899980480422,1.00881993207274,-0.0845784846703585,-0.102781979345204
"625",-0.0529987810306436,1.01199665759537,0.0415988788885189,-0.149688904930951
"626",0.0677712865321124,1.01747628039591,-0.111964920294427,0.150737645569278
"627",0.474177631891391,1.1046132017424,0.17190676202082,0.436598660826071
"628",0.0583986672624813,1.00471646186034,-0.0960246865180188,-0.0153110519647195
"629",0.297202348944331,1.12458032798126,0.342014772579902,0.384326436014438
"630",-0.277840154868347,1.04979383001705,-0.238345193002707,-0.212740815346684
"631",-0.320358206059012,1.0795115628613,-0.338571879100792,-0.225198350423376
"632",0.101358977097717,1.0030072026602,0.0733748328506722,-0.025289968216031
"633",-0.231232229928248,1.01641117316282,-0.17590737052751,0.0463494328370805
"634",-0.022058957964858,1.01505088290484,0.171237975023394,0.0317151508870675
"635",0.454668537560497,1.1225721889505,0.43044652544475,0.273649608327268
"636",-0.0255581166305227,1.04375132927502,0.127623067157859,-0.27042409303277
"637",0.57471617490653,1.21414376021864,0.205227524384276,0.657287405716061
"638",-0.1755595752153,1.03958052732958,-0.245694494907003,-0.142695087425006
"639",0.0321545014486102,1.02711835075899,0.151081066805201,0.179294778838847
"640",-0.0525204594699483,1.00504292137662,-0.0417036320716066,-0.0914990758493278
"641",0.166517764677784,1.05820842220158,0.337372123119501,-0.0773635273251724
"642",-0.207634737827748,1.04725524422579,-0.203737695971383,-0.235020207213519
"643",-0.147880082666294,1.01309168462661,-0.159390117518135,-0.030814799969115
"644",-0.189081051158346,1.00712439183561,-0.0506591313144703,-0.108319864497249
"645",0.222239064680615,1.03774132859859,0.129253478794045,0.245358112360699
"646",-0.204186985372867,1.04118762395789,-0.199263985453199,-0.210631271145555
"647",0.229100071718035,1.04324031080697,0.243449027627748,0.170537142698375
"648",-0.265214907997282,1.05384047885065,-0.298575954446357,-0.146397248234429
"649",0.0776184158156047,1.05647047997912,0.0928869638066267,0.327874803884208
"650",0.164531410829013,1.00499258463968,0.0967590539308958,-0.0254515355754482
"651",0.0131818957959262,1.02751013270635,-0.0268704864213235,0.234638125149554
"652",-0.226794274520257,1.11348851641245,-0.390111189787917,-0.296091093727338
"653",-0.0425228816770633,1.00416300504412,0.0450627632574754,0.0794524264376979
"654",0.192753973317504,1.03044423970896,0.114406559816107,0.220740730768962
"655",0.209935556418348,1.09769196750137,0.216178202060101,0.397736898553671
"656",0.140616230117386,1.04703506861368,0.290789432712258,0.108277147772443
"657",0.0425312351189633,1.04747829214699,-0.0219522428453337,-0.311012654972805
"658",-0.05792780275905,1.00374714819684,-0.00772068221500787,0.0863060170522092
"659",-0.125762353696165,1.06047189171497,-0.250761781550559,-0.248433415689444
"660",0.150071964487693,1.00142908819821,-0.0504974088441668,-0.0176133582695407
"661",-0.2005117427407,1.00251067745047,0.0200523761225098,-0.0680114741352327
"662",0.428975321913845,1.05202314718772,0.306673218909617,0.112713082747203
"663",0.012402911336744,1.02005711151037,-0.18664300888306,0.0753717319554133
"664",0.226176074743409,1.02521192837728,0.109867987357274,0.197455117535908
"665",0.0924104693208647,1.0239369571401,-0.116127672971406,0.186979292349618
"666",-0.187410553134913,1.04322715825002,-0.186279729455833,-0.231565900132714
"667",-0.188270119365721,1.01255370717382,-0.101538980853165,-0.122290004819459
"668",-0.481941497698222,1.24649240491132,-0.489357503078677,-0.560600169177826
"669",-0.235507925972027,1.03056887781368,-0.139313801093665,-0.206552358357325
"670",-0.0106095631021661,1.01970993430977,-0.0273166660175781,-0.197641468036734
"671",0.0549013875771796,1.00992444567782,-0.103451389139422,0.0961519425845444
"672",-0.190208602867079,1.08342607371335,-0.29988842930327,-0.28961869271844
"673",0.364043982263938,1.13360832045967,-0.0366193040218325,0.532660164446658
"674",0.0675146251443745,1.05188407549228,0.308543983313093,-0.106116533280791
"675",0.245271861815501,1.09087780840956,0.216230314254443,0.378495500736625
"676",-0.0501220948997561,1.00908219336175,-0.101013696870578,-0.0896833652596254
"677",-0.297842991745043,1.02262347649488,-0.176380409149482,0.121031921189152
"678",-0.604092741545987,1.16702733956699,-0.30980036960602,-0.515729136552099
"679",0.109946504759175,1.0235201743791,0.0777369222737186,0.203839442396285
"680",-0.179171959316561,1.06962423339789,-0.214353608816016,-0.31328665956208
"681",0.237929719347407,1.03773318324847,0.236630370771794,0.144555274007568
"682",0.148106182980437,1.03582624738014,0.0478905754164825,0.265786582708573
"683",-0.106169488637023,1.00237089955055,-0.00915392233004469,-0.0682907458720246
"684",-0.000873891925831512,1.00436448028284,0.0889367741481581,-0.0289527107183129
"685",0.131184436659839,1.00718904696999,0.11242257553746,-0.0423195090453369
"686",-0.225274831183179,1.10057890062638,-0.43397176665968,-0.151467561696418
"687",0.0496623579490343,1.06305833366903,0.352858398491066,-0.074725975386743
"688",-0.142504242671884,1.01474347663939,-0.00740161401646946,-0.172190416377192
"689",0.00179938929410726,1.01395871376438,-0.0344858504424196,0.164082294407373
"690",0.20503048007224,1.05625914201068,0.196315066233871,0.277747672988849
"691",-0.058001799905702,1.06201983840176,-0.351439764651695,0.0661530723433973
"692",0.0595239593387585,1.00019754144616,0.0189590983253121,-0.00597281387921743
"693",0.125368045221316,1.00744941274701,0.0433633001162184,0.114341346184646
"694",-0.203088483591859,1.00145029064009,0.0335908416456077,0.0421229151492059
"695",-0.0193531447175661,1.03003801181898,-0.246099139906434,0.0203351697636758
"696",-0.0325178719489154,1.05373484553337,-0.244482436915377,-0.224912122241456
"697",-0.505016131600087,1.14580657695219,-0.341571487389631,-0.442946532653015
"698",-0.373881579743212,1.0624513116191,-0.33250635747517,-0.135064102557786
"699",-0.314564513042502,1.09100589849629,-0.368139559750738,-0.234023791739686
"700",0.404986057627289,1.10657757322696,0.398197070015665,0.256813198647969
"701",-0.247221960606256,1.015826501304,-0.156709357009917,0.0857068152310994
"702",-0.327685478330645,1.0517280736269,-0.265196379992328,-0.189216333581197
"703",-0.124290268218123,1.08792229960135,-0.317087318571008,-0.288150242705685
"704",-0.143716955893372,1.0166022350215,-0.166178523033122,-0.0765820000602669
"705",0.0156814992844288,1.00589308837875,0.084460780912907,0.0684637256927201
"706",-0.17814595020256,1.00472771210501,-0.0705982040881408,0.0670348346108466
"707",0.142324484596285,1.00624545118046,-0.109093301137199,-0.0250710922850037
"708",0.0634860351689948,1.02299366644133,-0.140786702902579,-0.163386492296309
"709",0.0784756083871021,1.00694674511989,0.062209533263364,-0.100357966692681
"710",-0.294016173126397,1.01784956073351,-0.186172867353692,-0.0368427977589197
"711",-0.210747852926977,1.04699028208571,-0.117471017441602,-0.287035208368513
"712",0.0906729517583981,1.00573593343762,0.102726586903921,0.0308547589638596
"713",-0.31761021590115,1.06947825340568,-0.185135390159502,-0.330920869420692
"714",0.159151769796486,1.02706970217201,0.214030894620525,0.0951995234633428
"715",-0.0759813779844334,1.02107566107935,-0.0140671222389674,0.205906827765728
"716",-0.318068649311896,1.03947712266696,-0.28296752129684,-0.0210254711981777
"717",0.130245104826737,1.09314540041658,0.384274258348002,0.217486001441495
"718",0.0821088010661248,1.00184739898614,-0.0106485459000026,0.0598733607334356
"719",-0.229715211790731,1.00348307978806,0.00144687928622837,-0.0835236371409782
"720",0.169207158954979,1.02942296123733,0.168482615471958,0.176989382185374
"721",0.115860495848401,1.01230188667327,0.119983424716091,-0.10177960284687
"722",-0.0643209778978925,1.01546666569197,0.173739980265902,-0.0314160530426726
"723",0.509395685498831,1.3216984778806,0.740973563768633,0.444797756545484
"724",0.0714377129162772,1.00650094446441,0.106413849665964,-0.0414758219571794
"725",0.21723701189527,1.05677179934283,0.334163811939853,0.0714225641944365
"726",0.016701560061626,1.04513171792014,-0.243576303331241,0.181578887148776
"727",-0.107841518521914,1.01049981964561,0.145287209846351,-0.00122969869451716
"728",0.271653670619222,1.14080583041099,0.414995396156073,0.359467333521398
"729",0.089772796907398,1.00185191496782,0.0579827147407503,-0.0185812894056041
"730",0.0464301107463154,1.03402122906392,0.262447556733936,0.0179215545989405
"731",-0.202707357823354,1.02913554221757,-0.196233742235809,-0.14356978325392
"732",0.747811080662837,1.34384043479045,0.555893495233347,0.704903919789804
"733",0.114237900479832,1.0401692820518,-0.200833451140473,0.204005049513908
"734",0.205905545275886,1.00702404753717,0.0393918305102333,-0.112007660484453
"735",0.0109565442795346,1.01623030380492,-0.167739748072735,0.0677304015043819
"736",-0.0970270749788222,1.05852374255779,0.343700705479871,-0.0483977128714967
"737",-0.247785728682373,1.05365950899888,-0.330085662959674,-0.0352394099302049
"738",-0.314684352711644,1.01107255008697,-0.141772551343624,-0.0465644201605984
"739",0.0841843942249729,1.00868843734954,0.0943734432890961,0.0924446690967825
"740",-0.331323445957985,1.1117404321729,-0.450055769933387,-0.182802058187704
"741",-0.203670312885664,1.02693915532665,-0.230271977152702,-0.0397346861219357
"742",0.136389670652793,1.00761272861423,0.0930803203518434,0.0813600935877922
"743",0.0590530390588499,1.01323288648806,-0.0661717381082568,0.149205171950076
"744",-0.0881917737359104,1.00669956578659,-0.0857251527412179,0.0780718511526468
"745",-0.00724478537440551,1.00371104274366,-0.0842081035197313,0.0185702080541412
"746",-0.202218767318083,1.05280104693564,-0.311017468750951,-0.107973045527738
"747",0.0898205601618423,1.01692207730294,0.183866057906148,0.0179940005606262
"748",0.210283849346807,1.02249304280229,0.127865725072108,0.170711390747307
"749",0.199546986341022,1.03434720875805,0.258908356324976,-0.0532973854018966
"750",0.173388317085214,1.01901470504226,0.115904762105614,0.157978021299201
"751",-0.210972788216436,1.00300684296042,-0.0124615807456056,-0.0765991907970104
"752",0.384318262516502,1.0240541882812,0.187903958334668,0.115667985970296
"753",0.203665840414767,1.01954034177837,0.05899517163518,0.18968942573925
"754",0.140913980944715,1.03649890720746,0.0314752903762807,0.270812279518467
"755",-0.19262872888113,1.04110293672747,-0.0705769975401142,-0.280916735494313
"756",0.130515970664514,1.00913796703793,0.10977810994468,0.0794241971594756
"757",0.539954506220852,1.12383727073648,0.47018526395412,0.204782881747521
"758",0.544468175315291,1.06026921229099,0.229481464745837,0.267411779602667
"759",0.226854802657841,1.02172848085138,0.147404699673394,0.148999809050401
"760",-0.0803863179487656,1.0010101947674,0.0381556223706473,-0.0237814740876936
"761",0.0456458060664395,1.00777468863899,-0.116546510890228,0.0450192609972146
"762",-0.110257314603205,1.02599295748185,-0.229150553786537,0.0123114784519033
"763",-0.0980849617534063,1.00613180957023,-0.108967351132269,0.0206720733425562
"764",-0.256280140133295,1.05008802796447,-0.279115154266523,0.157415364984098
"765",0.476821584473335,1.20301776680523,0.21750108004503,0.632412070906528
"766",-0.155679690505148,1.03309164188587,-0.258357541779495,-0.0230156716196828
"767",-0.0254474409668014,1.00420689956936,0.0917715777205986,-0.00307809443828973
"768",-0.303474053575713,1.06066805600003,-0.176369858070902,-0.306448035044986
"769",0.0823217555790484,1.03562679908122,0.232853156386926,-0.135285899249938
"770",0.171509714002579,1.02434310795047,0.208236866297843,0.076916905294445
"771",0.0824987786883475,1.0174378066804,-0.170264263085649,-0.0786750988465612
"772",0.0520649709376918,1.04679694630445,0.198309962237197,-0.237606830015052
"773",0.101978404465628,1.00814317206413,0.12726581070625,0.0124927500894759
"774",-0.0574589422643361,1.0003040487538,0.0246572260509656,0.000459517912410794
"775",-0.349308271936109,1.00077525041948,0.028161965241439,-0.0275319008773752
"776",-0.390170300874445,1.08463337096873,-0.316663716128164,-0.275959490336702
"777",-0.0283110233873747,1.00514674939286,0.0470683662526749,-0.0900253115148129
"778",0.220444656015801,1.09377995648496,0.422373208182796,0.133998008259888
"779",0.0484479770787587,1.00597944311184,-0.0937601100793648,0.0566010752681705
"780",0.0558363844171478,1.02074490667217,0.0144777288663906,0.204231632868269
"781",-0.167549280950217,1.03158672500202,0.0934482702446918,-0.235454012470942
"782",-0.366850023526771,1.08657842800772,-0.375752017051186,-0.198653220194642
"783",0.0324549485719669,1.00278730379589,0.0411279337216281,0.0623768364220577
"784",0.19296648547472,1.03031392243306,0.153059747378009,0.195242138105418
"785",-0.370182119592594,1.083124748037,-0.117808484953113,-0.399099462143559
"786",-0.178966858454028,1.06517222754637,0.0634175081603441,-0.361344840830511
"787",-0.399065602618282,1.12764057747777,-0.301127914130848,-0.425317823874817
"788",0.320973937495706,1.05328817843739,0.300772354714317,0.137666181306633
"789",0.343367971448618,1.10375634734399,0.368854792509428,0.286747652727932
"790",-0.231704390607481,1.04787342433194,-0.0568058275658177,-0.30791526655188
"791",0.347790679248052,1.04422377555099,0.28328608014859,0.100758573928039
"792",-0.488892737936036,1.1541511361674,-0.575015890655682,-0.0377037214337094
"793",-0.402190254517739,1.03782211391224,-0.206027420038589,-0.186084503163247
"794",-0.397894980060544,1.08760372060455,-0.291793469045782,-0.312631451544911
"795",0.423789547140546,1.08598674041261,0.275877777012919,0.321338843749726
"796",0.33693839038306,1.04233502114771,0.24964220044601,0.155373961999664
"797",-0.100436026639755,1.0184790966125,-0.110346004447312,-0.158503720899958
"798",0.0101528799601102,1.00537059026615,-0.0914960743615414,0.048974402993196
"799",0.249834548731479,1.00688650749644,-0.0383293328553866,0.111136408171372
"800",-0.0595625059467979,1.01707816402692,-0.026210048807429,-0.183741734730778
"801",0.265283464919683,1.05573123489619,0.168720779692399,0.293430977975095
"802",0.174792468804016,1.00201852565715,0.0396244816484995,-0.0497094177618558
"803",0.339674099327207,1.05677808118992,0.194357072064295,0.281078710367821
"804",0.104223807295392,1.01343243111881,-0.123841770412026,0.108205860953056
"805",0.205421467448425,1.0269424842009,0.231813384687151,0.0295536890523889
"806",-0.052714728514343,1.00572957813946,-0.100370074708801,0.0376541159441412
"807",-0.0712642225170293,1.00629754206682,0.0724989339920377,0.0858990555230261
"808",0.217924614453061,1.01496621403427,0.0527928632177006,0.165436783166078
"809",0.239216093043562,1.07498710730867,0.182021862201667,0.349950457294319
"810",0.295845825509298,1.11707955418481,0.378383423012448,0.323562537335709
"811",-0.208208272618568,1.01228009099026,-0.091795832666935,-0.127610766474582
"812",0.0935036819298859,1.00025793581564,-0.0186292402229176,-0.0129957520324483
"813",-0.110272878305387,1.01452101412829,-0.16504788463954,-0.0448562580239404
"814",0.1050969795212,1.06356320658981,0.362124327619022,-0.00571539657989368
"815",0.0534816976731273,1.09483944136966,-0.226173748791248,0.384081811254249
"816",0.240817708602298,1.0353412626138,-0.0345731131665719,0.265962835593073
"817",-0.00502441894066129,1.000017896718,0.00576482235334522,-0.00160018108922358
"818",-0.0664832677787129,1.02622639700821,-0.215811574221875,-0.0810307493999759
"819",-0.153088884983802,1.0024797985387,-0.0699150617675223,-0.00881082381128432
"820",0.120220795606396,1.03192109774317,0.151962371304186,0.204373652105841
"821",-0.102249558329517,1.01480833187676,0.0909810141423071,0.146827809055796
"822",-0.509267477252425,1.03099360828954,-0.158652847379632,-0.194363305055823
"823",0.273037186647804,1.01754714034394,-0.00435551778471782,0.18810425908776
"824",-0.052157200657795,1.08742743261481,0.158606816096046,0.39666396243057
"825",0.403899100651379,1.09548854570387,0.446040105826152,0.033813869387899
"826",0.00196425214030698,1.00987521338794,-0.13343730930588,0.0451932638846705
"827",-0.819334177218228,1.31202224073041,-0.522547387583304,-0.669586878531161
"828",-0.125299447912917,1.00429269131017,0.0916126319609391,0.0145236181513201
"829",-0.244725502141868,1.04228856605493,-0.287372696303844,-0.0615011247694158
"830",0.230344597287259,1.01685939346989,-0.034589806513235,0.181125844023761
"831",0.127690703353,1.02135778159165,0.126340448369081,0.164953960618473
"832",-0.0140494181064722,1.00379869588966,-0.0554584637000857,-0.0673511742571588
"833",-0.270924156752596,1.00457227036098,-0.0848020409687717,0.0444303975421429
"834",0.217684885010299,1.0280162533272,0.103791482399216,0.214580393527167
"835",-0.199506714710709,1.00993927511737,-0.0532151733328929,0.130940768104335
"836",0.0499688088161609,1.0096034368006,-0.0842299777486384,-0.110473573527993
"837",-0.243517043749409,1.00096002295053,0.0414067226969144,-0.0143683979841846
"838",0.21820480226885,1.04325133045413,0.220216392369448,0.199694964949315
"839",0.0144863824712283,1.00762559410327,0.057735744155837,0.109434554591936
"840",0.13919281643594,1.01099864606403,0.143394870061425,0.0394483660418097
"841",-0.0174663130691719,1.00538406409063,-0.0499084055480606,-0.0911387260336711
"842",0.0826318192016387,1.02161756851289,0.201909641444395,-0.0541752063770007
"843",-0.222566265522909,1.00681396453535,0.0158188820183061,-0.115862514020198
"844",-0.332637782790811,1.14268805619369,-0.397656605795805,-0.384194244666244
"845",0.0102214257267416,1.01131970032357,0.12338183230674,-0.0868588494005285
"846",-0.0538221969298381,1.00619062948812,0.0720715543992164,-0.0850016112563521
"847",-0.318228707794053,1.05946414877214,0.0922549009996542,-0.337569719872822
"848",-0.194895790543067,1.07978424318429,-0.161220678598584,-0.374088097406596
"849",0.198033792982224,1.02791238571759,0.204069666315156,-0.122308805903915
"850",-0.0629644850337853,1.01434287815922,0.168027531309968,-0.0256558608159607
"851",0.166886928809406,1.07060745719811,0.36290240152587,0.12042497405004
"852",0.0447849785483503,1.01497624988977,-0.059175827107249,0.163324858262507
"853",0.167765024247686,1.0242029748161,0.0669516665283588,0.210972054953308
"854",-0.109431957630499,1.05165354562839,-0.248473090840172,-0.210324280959434
"855",-0.0197389989808761,1.01752386376511,-0.169214637280118,0.0819830461841155
"856",-0.0207789923831058,1.00164621650561,0.0197080791371469,-0.0539141415282275
"857",0.0613556725392329,1.01448737986804,0.033158362777804,-0.1675862968426
"858",-0.012871037305654,1.01200350338448,-0.149008488722839,-0.0441311811646594
"859",-0.00303034419634264,1.01019226860518,0.1053342998832,0.0969180314378775
"860",0.22802069897195,1.01502176091723,0.00450620977768327,0.173922020483163
"861",0.262068964403527,1.14647023995019,-0.163699916025756,0.536280102730463
"862",0.213114876543686,1.07902567649786,0.0965018719666172,0.393679818188097
"863",-0.436892433736378,1.09279416862184,-0.4346673431482,-0.0725492644648487
"864",0.209565936815259,1.00490047956969,0.0825746356716922,0.0548306792141673
"865",0.0407679071090072,1.00207290446123,-0.060455781847268,0.0222531862125446
"866",0.192229889192236,1.02760010791199,0.230202291920306,0.0544874900813658
"867",0.171881586094133,1.01794599930971,0.181810640685395,0.0562045233429762
"868",-0.0451585456385314,1.01432000003265,-0.156326896790993,0.0663849667163389
"869",-0.101105281937288,1.03394418630864,-0.107264976654022,0.239864139013813
"870",-0.0293952895009686,1.00269483272852,0.0354654613321219,0.0643360601294236
"871",0.182717769175344,1.13602209452976,0.15435101338827,0.516451318059884
"872",-0.12216545543909,1.01429159229417,0.0974688071957865,-0.138878601024346
"873",-0.247728295480332,1.05726220661828,-0.322953395584173,-0.116208768275062
"874",0.209468438689872,1.05879913320939,0.20176715978471,0.283453025592182
"875",0.249581455591412,1.01687991983428,0.11850176588797,0.141428790716741
"876",-0.458133674306624,1.02580547312043,-0.175638672718959,-0.146382804076683
"877",0.0676493011861762,1.04475623592874,-0.172045841974061,0.248828898585825
"878",-0.161862649277507,1.03674642112776,-0.210436432238913,-0.17481318516567
"879",0.0340218768185631,1.01263047297862,0.1136797605847,0.111791711849813
"880",0.222778231177157,1.05782749668186,0.33696282170979,-0.0738584424530588
"881",0.174563252839123,1.08181001173441,0.192030364780288,0.365290624696482
"882",-0.151592864486558,1.06559886089655,-0.126870312133347,-0.345550077764744
"883",0.0420977183996428,1.01189948991083,0.140454033975549,0.0649094909993995
"884",-0.267069544046668,1.06618548944811,-0.272643724389254,-0.249833739636726
"885",0.32070299673936,1.11884989305112,0.461559998663598,0.196945299040516
"886",-0.280455118203164,1.02567849504269,-0.153052502781711,-0.169089640680001
"887",0.397750013439311,1.10221997368334,0.265627739781363,0.379908902561044
"888",-0.0243542840812306,1.00382463335557,-0.0870899925365331,0.00890099609222133
"889",0.0193567469422821,1.00709288614714,0.119315048977338,2.03888803533699e-05
"890",0.138339661319084,1.00089049268786,-0.0363114002312609,0.0215234887088079
"891",0.139054968990001,1.00710619691371,0.119389929161968,-0.0029894274863968
"892",-0.102326783762225,1.00122007965439,0.0494099414571177,-0.00055280045234111
"893",0.188091460617317,1.05941465008497,0.32470952408262,0.130088914918573
"894",0.102307996603905,1.01688192115932,-0.135579946800991,0.125167566110869
"895",0.26112003332513,1.00365385579789,0.0846381737198479,0.0125475817330162
"896",0.185307371932069,1.020028184786,-0.0335705846047953,0.19831922147668
"897",0.12740984585221,1.01770849466564,0.0911454327928609,-0.165599185371213
"898",-0.0016453174633576,1.0054523602963,-0.046652265632107,0.0935842665024403
"899",0.138665638871403,1.12474278159514,-0.343207769691979,0.383737868307818
"900",0.0519073937221253,1.03594809372403,-0.0888401339777735,0.255530592073161
"901",0.43336640826174,1.07825300869126,0.295586994721682,0.274331695768379
"902",0.0658006545691549,1.00861444983567,0.0704538134169096,-0.111082710591381
"903",-0.0565898775108372,1.00360679681172,0.0745100339272087,0.0409250223072044
"904",0.170029232510277,1.04205699003181,0.0409428845335769,0.29018347761412
"905",0.133141615727001,1.02449651546543,0.220956837434967,-0.0277702393136189
"906",0.115229400780516,1.00609048951033,0.107815684316353,0.0243690643752853
"907",-0.160009717342883,1.05768045491973,0.021176653985823,-0.343859701106678
"908",0.19288904987729,1.01613389442726,0.173064378694557,-0.0507623111272191
"909",-0.0366491695184181,1.01086028338702,-0.108453823357372,0.100380679059502
"910",0.220997395416217,1.01403787515201,0.152684708043876,0.070428631765516
"911",-0.238516755161644,1.00149058752223,0.000870955280666345,-0.0546135361656698
"912",0.00783756013593768,1.08494042627445,0.386220739971113,0.167120521124005
"913",0.057119241658599,1.03014203559745,-0.0933164422258084,0.2290952970167
"914",-0.01270101853646,1.0137143037068,-0.166087492392191,0.00562444758477493
"915",-0.207443280027705,1.06960112299579,-0.331827272363764,-0.18422058416336
"916",0.336973957017502,1.01479040612436,0.0758539052259176,0.155066932077807
"917",0.416683894675432,1.12095925358758,0.343391618420057,0.372332975443334
"918",0.117765493173837,1.00183146371699,-0.0549063096630507,-0.0255260426333513
"919",-0.482908703725978,1.15932584272371,-0.289259519925052,-0.510260070689232
"920",-0.165105776773598,1.03252808685953,-0.255507840548986,-0.0288096090184109
"921",0.153322953326519,1.02930257845059,0.231085707948305,0.0778665113322846
"922",0.011647781530618,1.01557918490406,-0.138510542395047,0.110525609954582
"923",0.00231912002404261,1.0331941585413,-0.146818800635844,-0.214323141596327
"924",0.0262253107364892,1.03461463330985,-0.265369646360291,0.00252789427828792
"925",-0.141617057221227,1.05904916562205,-0.234005581391575,-0.258508265017505
"926",0.0247031178438014,1.00691240121184,0.114136286966617,-0.0290773401752603
"927",-0.0144482365052603,1.00245528409043,0.0507808989948592,-0.0483518034626745
"928",-0.110850128490129,1.03036805616223,-0.238525555944372,0.0690209411770051
"929",-0.172246138265262,1.07843453441775,-0.055937942464128,-0.399864966729661
"930",0.356277924467442,1.16372242165074,0.297540341335802,0.515479989844835
"931",0.441907785370041,1.17293642522783,0.542772657192505,0.284917005863878
"932",0.376473312785057,1.09096968608796,0.413998333476485,0.137186864683041
"933",-0.164621288200443,1.001193413851,-0.0488466679386923,0.00150165572009888
"934",-0.206067013161024,1.04469810343867,-0.237934369987893,-0.186497621718954
"935",-0.109320662227005,1.02783449618095,0.23068305431321,0.0568249944327624
"936",-0.38130141160577,1.04055241157637,-0.259363295187779,-0.124418657550807
"937",0.0151976636169231,1.01447491548999,0.0836522331061817,0.148867921510196
"938",0.352397354274241,1.23914878985975,0.627753871320094,0.376051592808109
"939",-0.188056027776577,1.00000314070349,-0.000533542535171698,0.00244882608858138
"940",0.133670524772329,1.03324512282355,0.169433540959872,-0.19719979471709
"941",-0.210609192968979,1.03331075743541,-0.243496414509345,-0.0918728335953635
"942",0.416312918933021,1.22848512724192,0.295942138363963,0.649302671021112
"943",-0.251441306121251,1.05031984124929,-0.225377823342822,-0.228859357831818
"944",0.113437672795491,1.00043799999465,0.00570477419524466,0.0290456086986924
"945",-0.0396159897964977,1.00574135013563,-0.0921161395483644,0.0550479809562084
"946",0.616753369275889,1.17579182038834,0.340685107713894,0.516158950589937
"947",0.209610044365191,1.0108839839063,0.128400638879534,0.0734826840391316
"948",-0.486359487138552,1.14022293626359,-0.352051746056452,-0.419723614394252
"949",-0.183501900347982,1.00981805542641,-0.117476382173444,-0.0770182101624283
"950",0.0600039941301484,1.00920717839263,0.118804271366815,0.0662168711448781
"951",-0.331581131420851,1.07327715712692,-0.152652687222134,-0.358637718448992
"952",-0.522332091420758,1.1686143355845,-0.413867356211446,-0.44087784793087
"953",-0.153614853885609,1.03426602887207,-0.156894507596754,-0.212344842095994
"954",0.199557224706795,1.05340188173782,0.0683556037354305,0.324010857667979
"955",0.179687563135683,1.01906789653779,0.19591166379228,0.0108626766539043
"956",0.179755567869342,1.04225338173406,0.115283582255026,0.270188466442477
"957",0.0909870211320071,1.01652404329946,0.177351708961626,0.0432146032525317
"958",0.436503939950457,1.11755135886061,0.469520243042125,0.168735832189994
"959",0.124760912056417,1.01536362087473,-0.0936731807277127,0.1489584432256
"960",-0.0872999148306283,1.0035028215468,-0.00247770336214535,-0.0837363352341171
"961",0.0984416482587504,1.03758909571985,0.184307478284001,0.206450684196828
"962",0.156016675036072,1.08019320059275,0.380864942491783,0.147510156218271
"963",0.0460943746193458,1.0227428089721,-0.191892625267689,0.0958127009953394
"964",-0.161308171866573,1.02403037074459,-0.197801156440551,-0.0975341105362148
"965",0.178833131136535,1.09231458953139,0.43874832575739,0.0255160566743796
"966",0.216408901910432,1.05568508264806,0.329696017557068,0.0759705846538858
"967",0.0183545532230307,1.02947236895893,0.089229445999422,0.227709166298908
"968",-0.0709726125573857,1.01709864207373,-0.179107053552235,0.0490949190453508
"969",-0.111237878663211,1.00657802974306,-0.0365219469188396,0.108928771932287
"970",0.069981689351401,1.04981675775873,-0.314094105891081,-0.0588227635829001
"971",-0.0933652507950046,1.06683696677358,-0.335584544686818,0.159762721064691
"972",0.147745098326838,1.00248725547637,0.0379931338884656,-0.0594745253859287
"973",0.202391063953585,1.01142476969458,0.147307353310591,-0.0357855894511666
"974",0.344627708137212,1.07663149840511,0.264841947471026,0.298318833159735
"975",-0.279001121622929,1.06289439019866,-0.140912408388344,-0.331493857979258
"976",0.0204401265005584,1.03039354479424,0.084893541193884,0.233460797174181
"977",0.0651613578887072,1.00393326733826,0.0887027739252943,-0.00371795191284511
"978",0.243822504652114,1.04436427814587,0.280167232938244,0.110467493204393
"979",0.29376225734167,1.06962104101241,0.129855432268713,0.356688572969154
"980",-0.0637643624339593,1.00237200605456,0.0367682106120257,-0.058290112456905
"981",-0.239952095114429,1.00513525925356,-0.0669913930843317,-0.0762170758251838
"982",-0.347527105572442,1.07394944864245,-0.369629376002089,-0.129389113281367
"983",0.0262336139163121,1.00101432926305,-0.0315671606768097,-0.0321434558930619
"984",0.176158166875199,1.00249543125097,0.0445951990731553,0.0548484995117462
"985",-0.173695719607472,1.0206205591034,-0.0119503670050717,0.203773193509302
"986",0.419015757437555,1.08031324113525,0.324074826202967,0.249102802059049
"987",-0.175375717566121,1.02928327209641,-0.217950812409775,-0.109185610715953
"988",0.265573105492748,1.13451773490825,0.491342632510224,0.213805772371269
"989",0.00634631619276247,1.02512272539833,-0.199413760448828,-0.105407562687716
"990",-0.274549142866139,1.06217885206232,-0.325739460962559,-0.148720265398642
"991",-0.0717728853798812,1.02229752395843,-0.0249994094163167,0.210872608511317
"992",0.132468312805312,1.07434734886067,-0.175972924229606,0.351077991252693
"993",0.517186898063768,1.1514027220566,0.244116450573066,0.515883113620667
"994",-0.352432715309521,1.08151857305139,-0.264611173367078,-0.315695028127492
"995",-0.0366804980578931,1.01157780115226,0.101123751150549,0.11429625863206
"996",-0.348071647889244,1.02786985357834,-0.101616325226862,-0.214919888196834
"997",-0.00469828241675765,1.01410553247404,-0.158863556946988,-0.0563240736151578
"998",0.171434518804687,1.01181440444141,0.0145285081666762,0.153483912790833
"999",0.273915002830002,1.01395894489695,0.103420893248818,0.131972954714789
"1000",-0.251132285533778,1.12378924814401,-0.388901648962483,-0.334152333043384
