"","t","","",""
"1",0.184747322784328,1.05494607474857,0.243207052453634,0.23186537098977
"2",0.214873318565217,1.08358514497789,0.0373036825999938,0.415650335836782
"3",0.0788179374198504,1.02707013391194,0.11483653901603,0.204170588677005
"4",-0.464667294509838,1.09819217221282,-0.302718248288785,-0.338212520854082
"5",0.321557292274473,1.09068921431055,0.392233836256906,0.189091459110569
"6",0.0311195516516369,1.07101613565413,0.345073867398535,-0.167330776816858
"7",-0.176636070268786,1.06278248633682,-0.302824184401335,-0.194432833147973
"8",-0.0463506140091223,1.01524110894326,0.147066694161249,-0.0953199703987636
"9",-0.0882543300283772,1.04814965111054,-0.154664043966833,-0.273307015327018
"10",0.0179799771877611,1.04493919496805,-0.297361041643127,-0.0589434652306266
"11",-0.482992700019303,1.17187355425738,-0.519620471583498,-0.321375469940014
"12",-0.12281437231399,1.02050494026489,-0.00522753998944779,-0.203477286031411
"13",0.270534457155893,1.06607330476108,0.3615262743804,-0.0762302043604943
"14",0.302983698154969,1.01366845222627,0.130438494799909,0.102515999303192
"15",-0.0452460743879051,1.03135306640712,-0.0482130590185777,0.247718890130426
"16",0.00655016326177276,1.03597804587079,-0.27023549056264,0.0149429303224403
"17",0.369841722236439,1.09717915260337,0.413127009830986,0.182011446495969
"18",0.13542397669651,1.11428183794564,0.379462260681146,-0.31246184902204
"19",0.278723132541934,1.00193992614134,-0.0608532295499101,-0.0134350306834109
"20",-0.169364984551516,1.0254902707017,0.0572843416263868,-0.219883604455333
"21",0.204979028397014,1.15191067643833,0.391782221340295,0.416419136849257
"22",-0.0711184130003818,1.02671417681884,0.232461946169681,0.0101707651522606
"23",-0.160163254628707,1.03928835346674,-0.0994491188043163,-0.265009725143521
"24",-0.184102268824827,1.09418280801008,-0.347583263620549,-0.276445097977362
"25",0.113430567951538,1.00520200117414,0.0315403651592224,0.0971404577409381
"26",0.114280315484887,1.01270087716946,0.0338586952233846,0.156258296987923
"27",0.307603549093844,1.13956505763765,-0.0433213060309355,0.544730929021362
"28",0.144568466450328,1.01800377809008,0.16813086937855,-0.0897981234085588
"29",0.0798426396063024,1.00399175593277,-0.0806017409594176,-0.0387660332671634
"30",-0.00669152507942343,1.0026321828187,-0.0480708845952885,-0.0544103306185892
"31",-0.0961055638250135,1.09606215396696,-0.391558454580811,-0.219167109770104
"32",-0.00739342903912991,1.00890647852446,-0.116598231542364,-0.0655525347321506
"33",-0.0283806760498718,1.04761176668861,-0.227712294145966,0.213629409958495
"34",0.295604528163515,1.04119453531045,-0.00124913392556275,0.289973274673325
"35",0.110033622555337,1.02521258175679,0.203880397788181,0.0974352153492819
"36",0.109099035958905,1.00167237324629,-0.0027544121503538,-0.0577923570946393
"37",-0.15990098363982,1.01295222992681,-0.152107813083909,0.0541796392801784
"38",0.322887709095547,1.04500886124352,0.0215439133720884,0.302620851684254
"39",-0.358163430719015,1.11601256572858,-0.316057641942471,-0.38156469154504
"40",-0.440119803748849,1.15174680388234,-0.509624912006061,-0.258463052129301
"41",-0.0526296695538679,1.01033290584921,-0.14120573063166,-0.0288707859001749
"42",0.069772857098292,1.02327215108059,0.198779523726724,0.0870206649255233
"43",0.192649638199753,1.0044151282661,0.0110495380870342,0.093421933173494
"44",-0.377825695000872,1.09035327033906,-0.279734321062133,-0.332594293034304
"45",0.370122121758714,1.10444794195602,0.292838226958401,0.366129798463268
"46",-0.267227049839316,1.00220900621701,-0.0582616111006306,0.0320698739387295
"47",0.0415815103604913,1.02451227109354,-0.217953572766003,0.0460611955965845
"48",0.276162598098681,1.00161664663683,0.0508790580534438,0.025440681429415
"49",-0.30679187546971,1.05903909632774,-0.241782406995952,-0.251207235600237
"50",0.223306683645545,1.04191458278682,0.289213859884853,0.0440606522233025
"51",0.160108152050215,1.03163968007477,0.0146992893065226,0.253109384256416
"52",0.0427002667965018,1.0011963846528,-0.0306449646206116,-0.0381455998148541
"53",0.0708912927011252,1.0056374441881,0.0310165469827008,0.101708617955598
"54",-0.123135869325885,1.01017328839788,-0.124926377352067,-0.0695950632895475
"55",0.335913881359474,1.04564215563959,0.190605742214218,0.238824137569006
"56",0.347263147961201,1.03506679779283,0.263691305301356,0.0427805025868165
"57",0.13817437334815,1.09453198115986,0.385160755778634,0.222826053211396
"58",-0.0786277772052927,1.00331481602593,0.0382140262806804,0.071974358299121
"59",-0.449510066802631,1.15735593634986,-0.278821628878502,-0.511596777427115
"60",-0.00879653529134163,1.03029025034867,0.210087001284973,-0.131762862198006
"61",-0.469132058610492,1.10864152434346,-0.316874005560047,-0.358715617305594
"62",0.11860251515448,1.00794478915119,0.0119160348769668,-0.12574063022685
"63",0.16535192434975,1.00671853388593,0.0951814144302451,-0.066503419584996
"64",-0.150007941495404,1.0157494577311,-0.146382582532283,-0.101582973042746
"65",0.489179740835914,1.11728186421262,0.452675452475423,0.208335543833983
"66",-0.0794102266067006,1.00107184044205,-0.0105970053975487,0.0450836245508319
"67",-0.457027078354483,1.08801030480096,-0.350295679456946,-0.247101922912126
"68",0.0503905897534224,1.00168432462924,-0.00588910323651635,0.0577650817623275
"69",0.319563170030166,1.07444611254681,0.308585373387526,0.243330055887543
"70",-0.0746077832465795,1.07940906107363,-0.365571932705474,-0.17742909329034
"71",-0.0818398152020989,1.00350961544984,-0.00756526567451165,0.0835123646866949
"72",0.23864785260132,1.08681024448443,0.242001732827943,0.350130930973788
"73",-0.334217411878091,1.05102007803558,-0.230446370496371,-0.227019106594495
"74",-0.220330017232591,1.01453024960124,-0.0359414994900854,0.167271742892708
"75",-0.109956500206546,1.01714539804761,-0.171753904019861,0.0713116906500597
"76",-0.0379727506731786,1.04312482231096,-0.0153053192428307,0.29643741687605
"77",0.121333311244206,1.0155081038708,0.174039923828138,0.0310936318427314
"78",-0.270464468647093,1.02171679473168,-0.0750231913663243,-0.195644395253189
"79",0.0115116966537732,1.03766073819607,0.273827671557223,-0.0419310610785454
"80",-0.253693881539728,1.14689518887344,-0.372884090154374,-0.41991193073166
"81",-0.178473825324065,1.02995410249232,0.143945671722154,-0.200212629055242
"82",0.106096149390834,1.01361647845224,0.00761408398444393,0.165409767290216
"83",-0.107401188452159,1.00271477973892,-0.0150966906259008,-0.072173536971772
"84",0.136369107847059,1.03773250704146,0.198816990676334,0.193288800474724
"85",-0.0526377905471363,1.01456040537205,0.171016422662079,0.00928435935161278
"86",0.14024616934964,1.02773453886613,0.220371789322806,0.0876045481069987
"87",-0.29460753715449,1.05762387148372,-0.114935293854076,-0.324589173816526
"88",-0.178210324985939,1.03928205671311,-0.208571147931086,-0.19132503666941
"89",-0.137142790732829,1.02413533148329,-0.210400796024388,-0.0677102815287381
"90",0.156989707033202,1.01387011549938,0.149570853453048,-0.074573258612262
"91",-0.27039658629997,1.089742548264,-0.231702281853891,-0.365859090471471
"92",0.0710905672435438,1.07273537596045,0.0377920844891527,0.386436211019331
"93",0.329565535720778,1.03065820281181,0.112967783787398,0.22247384306797
"94",0.13571530779165,1.03548396071034,0.109257489794268,0.245539882325092
"95",-0.0903449174704661,1.00000276162509,-0.00117637422950857,0.0020345519119441
"96",-0.0204893893368164,1.00929787487621,-0.00519065742669715,-0.136584249842758
"97",0.168556215937397,1.02105810906373,0.205481648784925,0.0183563094721437
"98",0.207913554292713,1.01937382262165,0.0470124539567056,0.192127091840882
"99",-0.0805606209178187,1.01162085317325,0.0277604172887158,-0.15035328332606
"100",0.33030824514989,1.04951390053073,0.0430587514887225,0.315634870265402
"101",-0.571633200714185,1.11628852560368,-0.423701088923069,-0.258026083254844
"102",-0.449297982849317,1.17951328956634,-0.183571573325464,-0.597957421335685
"103",0.066405530605126,1.00046130174391,-0.0260048143510946,0.0157024175743785
"104",0.600418312046821,1.14097918312864,0.400833495413833,0.375720647938359
"105",0.0710444294108382,1.00628862110669,0.0848540649236779,0.0735973955703668
"106",0.0867398690900332,1.00986418579249,0.0122343864530889,0.140271142914131
"107",-0.293458609771869,1.02861585661635,-0.14975505074584,-0.188743225729269
"108",0.0422500634648158,1.01954466610984,-0.161818748337834,0.115264994163047
"109",0.473450034159914,1.14450060692983,0.462455441322987,0.309865461214241
"110",-0.132158005496216,1.00226387930101,-0.0634986412877739,-0.0223787020648269
"111",-0.0989424733070393,1.01172898774384,-0.12063553097419,0.0950926564343742
"112",-0.0278122345069428,1.01039379285449,0.10461050074118,0.0997610132945737
"113",-0.384486389321527,1.04187773751572,-0.226378965083477,-0.18509938978454
"114",0.329935969323644,1.0631513973209,0.32058760521042,-0.165874895661876
"115",-0.864535857340636,1.63098083931569,-0.743352594134203,-1.05239033585873
"116",0.0717470388277683,1.09337182165048,-0.237344266994964,0.373000856974765
"117",-0.0818162260314992,1.05443499722925,0.331370019792423,-0.0450230314906952
"118",0.244813034350107,1.10302953716756,0.327603397452026,0.330681378130024
"119",-0.367884568017997,1.06980474260845,-0.377544334786446,-0.0440733772043715
"120",0.0600382488881837,1.02629099724887,0.230382852413084,0.014033971215903
"121",0.0901397824734344,1.04006577891645,0.265835843009065,0.105205175940879
"122",0.265485660428687,1.07786071789604,0.0939304751135338,0.391102023810035
"123",-0.376311645242635,1.05615474669849,-0.328961438825239,-0.0851306098873028
"124",0.26712723529179,1.08729286565669,0.393740445310202,0.16484610227376
"125",0.463444969593311,1.20697862846912,0.483246493506835,0.472514799868256
"126",0.0314785915514045,1.00190723357609,0.028532905037681,-0.0548085579284909
"127",-0.127834836705665,1.0153390843659,0.105328222831983,0.140781467942496
"128",0.361794915032467,1.01111246195135,0.0329897211941362,-0.145808398279587
"129",-0.479719690337823,1.17412234522625,-0.49024453269815,-0.37178431881827
"130",-0.313473561726756,1.03873558451335,-0.258971595534887,-0.109111535780588
"131",0.276560029743975,1.05383164301638,0.170879087923585,0.285239319051585
"132",-0.208874954319246,1.07378105928176,-0.115190169588571,-0.373814109019992
"133",0.226172650326263,1.02799281145159,0.0988531073879922,0.216788568785096
"134",-0.131298743717363,1.02485997121729,-0.112782153204809,0.193953980423192
"135",-0.0965203335046162,1.02745550170681,0.199230553461779,-0.126380356681321
"136",-0.291387940571292,1.15965509790124,-0.576289519531125,-0.112651390434885
"137",0.350976212285851,1.03155440704543,0.105806570922526,0.230020573524357
"138",-0.0542677193055011,1.01787863161942,-0.132282544508221,-0.136302007049989
"139",0.253553905640789,1.05287166427753,0.169150546069519,0.282713342810187
"140",-0.244772290975179,1.01156776367496,0.00625835795469209,-0.152414479174592
"141",-0.0932595567679056,1.07445382811282,-0.296576036691266,-0.257863691136998
"142",0.28729273090775,1.05579847901677,0.289088627629028,0.176460175874594
"143",0.151466967954516,1.01334691163545,0.115119635443788,-0.11670232583971
"144",0.148159464698251,1.04258977119904,0.292331598717935,0.0391875924226332
"145",0.32182115419437,1.05159394136224,0.233462308386749,0.226594722075544
"146",0.0635511241360441,1.00630550879716,0.0899254640756928,0.0675587740139919
"147",-0.161740426615642,1.03523976350817,-0.0264970450945699,-0.26649441748321
"148",0.36107371013381,1.1104411180722,0.375910001557614,0.302937530580812
"149",-0.00758824220166195,1.06057662805669,0.301344965113676,-0.184428837172347
"150",0.147668788923692,1.00519902953116,-0.000942076748040869,0.102098978749946
"151",-0.405264047763319,1.16067859746897,-0.294249239421973,-0.510482312839653
"152",0.249926298015071,1.03675537937884,0.0861745306851642,0.25968378257441
"153",0.399638287739694,1.09516200164789,0.22236959309839,0.387209986852963
"154",0.196105457345982,1.00216739509763,0.057492937096928,0.0321566475357849
"155",0.0181983759712073,1.00017605085699,0.00717264903172272,0.0173402945114903
"156",-0.275251391898111,1.02745829231025,-0.145277323266088,-0.185916760357247
"157",0.174671590951765,1.00100177286314,-0.0442884958712208,-0.00656341440153801
"158",-0.336088481325268,1.08470482816294,-0.388998474485561,-0.158948894579042
"159",-0.0776019060841857,1.0047016136348,0.0920803507851574,-0.0307659136002025
"160",0.0311237503678495,1.01442876943285,0.0249237767151761,-0.168655072877478
"161",-0.23755034234687,1.05544352801404,-0.29431704289892,-0.165343639387644
"162",-0.124220137132239,1.07102339026714,-0.336051878256097,-0.184824883659824
"163",0.325005422481217,1.05225353824564,0.092651965253897,0.314090945563626
"164",0.360937247423094,1.06058419240743,0.176132480460702,0.306294267839404
"165",-0.363805459903075,1.17752795838238,-0.431502783333662,-0.447635388176014
"166",-0.254441732656704,1.01680176685989,-0.0333548121945257,-0.181033945968339
"167",-0.206223229932989,1.03310994243567,-0.0877730818434347,-0.244155768441259
"168",-0.0612787456686078,1.03177365999895,0.210079503199792,-0.14291076867387
"169",-0.028443475212728,1.05979554938109,-0.0158329375814824,0.350593674465923
"170",-0.173418675282833,1.06863975977679,-0.230862930116679,-0.297814109258996
"171",-0.217426737157127,1.02104734743509,-0.18527655760231,0.0906106114496137
"172",0.139806722448653,1.01449643706015,0.170836966744851,0.00421326490494666
"173",0.207066703772348,1.02127786707173,0.204705646116026,-0.0332277025809345
"174",-0.191392247742683,1.0449015221819,-0.248332530469038,-0.173637972139999
"175",-0.420625895616455,1.11738961399532,-0.3993672585747,-0.298438171558447
"176",0.311450675480528,1.05507495270324,0.327697313205509,0.0761421482468437
"177",-0.15491530377935,1.02250309761133,-0.187915658598248,-0.100996484485163
"178",0.158210708507654,1.0336149898269,0.25321824488263,0.0651188732505182
"179",0.413878150840291,1.04552680119114,0.244525848148096,0.182574372781175
"180",-0.31956355449501,1.14386610108763,-0.376642168072884,-0.408130291018411
"181",0.11125427807804,1.03171011325612,0.19325140615901,0.164558961507794
"182",-0.0575212822344226,1.01943114972972,-0.19095444686537,0.0526903051955363
"183",0.109491528955941,1.03135916139117,0.233191505016072,0.0965579710528047
"184",-0.0125968376263898,1.0551987601015,-0.0308582723595088,0.335398554479188
"185",-0.111279582983541,1.01187032036197,-0.0679113049756365,-0.138814984371104
"186",-0.0475857522414239,1.05307834915598,-0.312735119056534,0.105691791402059
"187",0.365535659122247,1.19382527259145,0.537643666199887,0.368996029346096
"188",-0.0597195162203462,1.00737476467464,0.000741130026099456,-0.12166908904722
"189",0.393369278165789,1.05331953045529,0.233164795274377,0.234768420966707
"190",0.0180869763919751,1.01992887839752,-0.185240791319656,-0.0770763661603426
"191",0.366138934883459,1.20314658555418,0.467026760415967,0.479007005570955
"192",0.146262452140552,1.02170008090529,0.12860807481937,0.165320955759158
"193",0.658922175681634,1.2087766128256,0.578735352764072,0.355255247920683
"194",-0.0467355534258838,1.02772806151158,0.132225723358394,0.196828164907095
"195",-0.0588821840209562,1.01828568714051,-0.0326917502987036,-0.18930660341792
"196",-0.48483901535179,1.10012577290498,-0.0997785902117345,-0.447572283709728
"197",-0.167044982467756,1.02214350610088,-0.194157331299184,-0.0841443864257718
"198",0.105803733147558,1.0251434410792,0.212206846774012,-0.0767289317658882
"199",-0.207675267363804,1.04627905931256,-0.128127777392571,-0.279791248284182
"200",0.198461154238935,1.01564315554284,0.158109587528396,-0.0808231262239282
"201",0.0690745119401607,1.00366665259706,-0.0703245908760716,-0.0490020556049188
"202",0.51256801001373,1.16567181380146,0.447273277402007,0.398418615043586
"203",0.107000880159918,1.00657681619982,-0.0346495331454047,0.109527607313318
"204",0.00232286798719864,1.00021319767709,-0.0205027095235135,0.00246570671918281
"205",0.126098829820566,1.05493444686158,-0.116716421141811,0.315061841883459
"206",0.07103161768573,1.02531706841798,0.158230370119059,-0.161982223596352
"207",-0.128827952945142,1.00301852221016,-0.0659001131657651,-0.0412714305712362
"208",0.0171465735914086,1.04064419029255,-0.219002078090496,0.187025187024877
"209",-0.178374497651587,1.04256157865187,-0.294845598293695,0.00084761306245608
"210",-0.24290802535437,1.10004426631028,-0.244715191084536,-0.387571752188642
"211",-0.207568080822552,1.01212474995494,-0.056516581787118,-0.145610389239413
"212",-0.219639565212651,1.00129629803033,-0.0296152292251404,0.0414392886907172
"213",-0.157294642886669,1.00633133319374,0.0187440426553295,-0.111136911206091
"214",-0.18888284186813,1.02935016015727,0.0558468156872448,-0.237577114624667
"215",-0.443214520227785,1.09498423774758,-0.0745149596115587,-0.439815872507721
"216",0.123415015351234,1.0182887630868,-0.0499415108897848,0.185520485442668
"217",-0.198367634495328,1.04043382195562,-0.180645375650136,0.223315440857549
"218",-0.258203800367976,1.00566388810641,-0.0987858525687706,-0.040015136805573
"219",-0.524038940696034,1.19525753030726,-0.535267279159401,-0.377000667927143
"220",0.421543321624301,1.11262810876934,0.260761971763458,0.412243256470837
"221",-0.138012001462878,1.00190307065738,-0.0277627444016688,0.0551270624645467
"222",-0.0188753539981541,1.02101483983488,-0.0649937300208681,-0.195568704605381
"223",0.506328670385021,1.2960551426283,0.5272246276559,0.633871536453853
"224",-0.0979885358253521,1.03740976119698,0.265448724804583,0.0758682221117603
"225",0.311631273752602,1.12813376390818,0.344920465717441,0.39206588935904
"226",0.248115933764448,1.02094599656983,0.20144055366031,0.0418620502722133
"227",-0.0117683330918566,1.00810493486991,-0.0664699592616555,-0.108891249532815
"228",-0.382963370463664,1.03713034919128,0.0456932653315395,-0.271203773419477
"229",0.107332608062849,1.02680712319101,0.159915192389624,-0.169587733868884
"230",-0.480790314390684,1.10896687210058,-0.355400219988985,-0.32171137227073
"231",-0.159636022538923,1.02740003179011,-0.036272564827467,-0.232884362641953
"232",0.175625196540748,1.0894614365439,0.243068065993795,0.357552984899195
"233",0.0814019049245041,1.00882907556883,0.0691169832475498,0.113837367941382
"234",-0.00255658091840314,1.00526899284041,0.0281351625471552,-0.0988643545207901
"235",0.480112234799276,1.25285249126724,0.364372744672613,0.660962833912973
"236",0.242013013596004,1.06441540018345,0.356899775773641,0.0748511469546337
"237",-0.0704276353123433,1.03744107920455,-0.0710040828717916,-0.266912744237952
"238",-0.129681009564281,1.05509933545618,-0.13089681601992,-0.310001018120791
"239",-0.271174478329733,1.00042926575459,-0.0196330641784731,0.0217545068716748
"240",-0.524715162674323,1.01632666218603,-0.0696135497768517,-0.167552493140725
"241",-0.217151764251604,1.03496000779409,0.0234696261714742,-0.26569041078012
"242",0.159663913774687,1.01095223805939,0.128725661872974,0.0738520928116521
"243",-0.16713450012775,1.04261777390964,-0.263648061913053,0.132444410685357
"244",0.0946459376187374,1.01052550706466,0.00272660510918962,-0.145445405746869
"245",-0.389267594436822,1.13114366786273,-0.345049371872082,-0.400533304878161
"246",-0.444898085717321,1.07934252694385,-0.387748435523647,-0.120960494453734
"247",0.0979562085536608,1.03145795256948,0.0822211146760617,0.239050614348205
"248",0.0174493669283969,1.0221911668094,0.0453070116922154,-0.206934908110471
"249",0.0181565819138974,1.00370930508133,0.0856010343712477,0.0102387509700593
"250",-0.175649959355281,1.01366879455566,-0.00191378960585118,-0.165893828894451
"251",-0.0775447681552844,1.01268346944448,-0.159348429843033,-0.0116570662118092
"252",0.314686160651275,1.05814464297893,0.290976858574341,0.187089693033066
"253",-0.196759914926183,1.00852927832934,0.024232218828613,-0.128623888986973
"254",0.132596777245278,1.0030348167039,0.0132486066575451,-0.0768330524048759
"255",0.0173849052730841,1.00472830954318,-0.0951608567844332,-0.0205763780472209
"256",0.249579293373112,1.02281731282614,0.0269573506481483,0.21313975852225
"257",0.0673311944919035,1.00815380983604,-0.0232500417815643,0.125831394509024
"258",-0.195315255420847,1.03797776138262,-0.268097432943284,-0.0743074664760934
"259",0.0255887299893408,1.03120308790342,0.118183890049834,-0.222288948520255
"260",-0.265331814500376,1.02235929625292,0.0260957154827891,-0.211039200785582
"261",0.283256709123132,1.10081368154194,0.106473666028106,0.447721029115728
"262",0.170684233813816,1.00284135832306,-0.0438702723746835,-0.0613692851923569
"263",-0.0668378535511378,1.01587299511237,-0.00689039304482214,-0.178746929154789
"264",-0.283429348418521,1.05540696880974,-0.337388898093965,-0.00725267227306304
"265",0.018531314857737,1.01461620545219,0.171559158805612,0.00367415243510882
"266",0.452916477459443,1.06551951079056,0.288490768101469,0.228264987669087
"267",-0.116587634311295,1.01244550281245,0.099228600857546,-0.123286580522818
"268",0.182343329074715,1.06792053072838,0.150841605330601,0.343075895469906
"269",0.117594200831066,1.02998807242843,0.137102688520241,0.205129915286282
"270",-0.108211689058764,1.00106057509703,-0.0438785976293495,0.0140336625186466
"271",0.193408211879176,1.01059182115636,0.101432394152991,0.104915672825909
"272",0.389636610381492,1.16223589351403,0.459457004333463,0.373753305458676
"273",-0.0386409262728595,1.01973520125323,-0.108598570598811,-0.167529791794961
"274",-0.40303447625802,1.04270136614473,-0.292283362855431,-0.0423860207851885
"275",-0.132642986855892,1.05448727767603,0.0585608974320516,-0.329414693164349
"276",0.0726256754673796,1.00773389875204,-0.074629475613489,0.0997900399020397
"277",0.160983663571806,1.0124960203332,-0.12604637897683,-0.0962314997149442
"278",-0.0641219993592108,1.01325707911893,-0.0601204334391571,-0.151906029727949
"279",0.393507216274473,1.1475738780532,0.450895347138842,0.337074459902576
"280",-0.338005793692343,1.10825718875921,-0.183739216393562,-0.440991946406675
"281",-0.298550623126401,1.03887079400187,-0.243894267811183,-0.140599120761541
"282",-0.15966245978289,1.04858087846328,-0.190203770140768,-0.251683103332483
"283",0.1915913076225,1.03778318283455,-0.0962650883325164,0.260244053423965
"284",0.229861383662829,1.10065323838197,0.458803394758032,-0.0306103923402125
"285",-0.0331418434760013,1.00708991643227,0.0570627992231579,-0.104756559338205
"286",0.288119849205193,1.04405640458495,0.245178173256431,0.173035948038264
"287",0.0614129585951715,1.0435358229203,0.268460017782241,0.129985509078133
"288",0.0205221179393272,1.01271026318317,0.113526590074833,-0.112666723137332
"289",-0.0812385293973416,1.0028923753338,-0.0712918702691033,0.0266568140668869
"290",-0.433156933086421,1.12029227932217,-0.436373315664213,-0.254230447596435
"291",-0.357412587998045,1.05925964783472,-0.202767980572427,-0.284457637593931
"292",0.442741862684671,1.10729669275493,0.291100235449548,0.37598752466968
"293",-0.280042791690371,1.02915007464234,-0.0411801054554695,-0.239695796898922
"294",0.302395727513244,1.11036700326788,0.452555397462535,0.167655880223811
"295",-0.0923020554009496,1.04158249844198,0.0102365137404185,-0.291186048510376
"296",0.0503976380199646,1.02925955444778,0.128130605574183,0.207262583061262
"297",-0.162924712048493,1.05345533327727,0.0507737514975365,-0.327399091888168
"298",0.132412158931524,1.02566250133969,0.219793079688662,0.0606182214797314
"299",0.125986607088658,1.02175897245947,0.141501356906545,0.154818486606192
"300",-0.241259014534079,1.01443640939702,-0.0562394616678989,-0.160991775136585
"301",-0.168476646082179,1.01851311632593,0.179398099731638,-0.0720089573639623
"302",-0.0445973714186675,1.02198619038871,0.102845425536546,0.184061380499643
"303",0.163560956217106,1.02675191580715,0.181714776780507,0.145599575937798
"304",-0.1881198439808,1.05584415414591,-0.0537514026403179,-0.334540975903249
"305",-0.105653300455911,1.05569036987273,0.216323674292847,-0.260165764431936
"306",-0.0949912470232085,1.0081006424453,0.00470678686242301,-0.127454899694224
"307",-0.462283001275464,1.04817709188494,-0.161839133167723,-0.269227247744164
"308",-0.0471125201449945,1.03237888216852,0.254706479707994,0.0305084503421786
"309",-0.197202865233274,1.03066800997851,-0.245281314043124,-0.0459741642049835
"310",0.325110421299588,1.0925281443941,0.134282768873407,0.419029693789006
"311",0.366168826394145,1.10833398290755,0.361680960452922,0.312395743430606
"312",-0.0634351838994197,1.00816964416364,-0.128059631506578,0.00260042139842657
"313",0.415103991225098,1.08142630381567,0.314632654065309,0.265497916338806
"314",0.368443299358706,1.02705163122108,0.191045796601405,0.135412542974473
"315",-0.169298904371887,1.03301558154448,-0.246922201525001,0.078425876518713
"316",-0.0895769014016183,1.01880409284083,-0.11733869612347,-0.15554230929645
"317",0.14815165381443,1.0561288525545,0.265168724984744,0.212352773676367
"318",0.178468245856656,1.03825156939979,0.170731582646487,0.220945803418297
"319",0.184812023978012,1.03460631390157,0.0137175420864294,0.264994441081504
"320",-0.630027780349117,1.26984450279979,-0.685003342161399,-0.378517479805828
"321",-0.104018469251537,1.04609323114668,0.247478486045522,-0.181839069496957
"322",-0.23095448618208,1.00483189458602,0.0648285102122174,-0.074056739335395
"323",-0.203434884766528,1.07472019744205,-0.362919128236533,-0.152686637103275
"324",0.281260151969683,1.08554346596489,0.365302410959743,0.212034820362281
"325",0.035407171229949,1.01008480900736,0.0526689277958579,-0.132277380652442
"326",-0.0470401250403273,1.00839959391062,0.0928812055013555,-0.0907899920900931
"327",0.0463656479671656,1.04211472262008,0.276068997121787,0.0989393952361679
"328",0.148190071544403,1.04770026495441,0.0953179906357444,0.297641270402317
"329",0.0746877252355777,1.03135711726768,0.215228221364961,0.131811668932494
"330",0.158197878900614,1.0033545583465,0.0801779288862087,0.0170841878421262
"331",0.00218497359811047,1.02030441233643,-0.0318610572076212,0.200014916610722
"332",0.246784189193876,1.02659719026323,-0.0284865752712972,0.230413337473494
"333",0.555247858270833,1.26744326324871,0.495721879055058,0.600559942204486
"334",-0.162576733601181,1.08195976689508,-0.0702521863566104,-0.407064574105603
"335",0.0461540977494404,1.00515794212269,0.0595216391803054,0.0824600696193023
"336",-0.110104835038637,1.00767928695181,0.0359611892954227,-0.118845859061892
"337",-0.038098788211482,1.04895796873711,-0.167457767161799,-0.268832134229282
"338",-0.255780757015278,1.02133017598654,0.200780289976661,0.0529396216230067
"339",-0.137968750010551,1.02078855908479,-0.201568200014758,-0.0371422010820413
"340",-0.137696530029929,1.05440226078792,-0.316923242224938,0.106413279680295
"341",-0.0778676716888013,1.06778050485308,-0.00160793046376618,-0.374369631652888
"342",-0.312646049227535,1.0887662893576,-0.321668422357077,-0.286254185820622
"343",-0.589837819437467,1.10706291645779,-0.468273242294684,-0.0794258871328855
"344",0.222856146161558,1.01117796690551,0.149782829827083,0.0067811978398005
"345",-0.126039431019722,1.00902529065619,-0.0848653860101033,0.10454617851061
"346",-0.00203527845485791,1.00756044598439,-0.104210434841369,0.0657132983682884
"347",-0.0722232893591871,1.02848994870444,0.120997900623463,-0.207728386675423
"348",-0.258274108953601,1.06154600464923,-0.224247891211963,-0.276754048342062
"349",0.287356057153287,1.08805169998351,0.119971098537051,0.4116593705393
"350",0.25370620845806,1.02580486526346,0.0555156007404985,0.221796392379619
"351",-0.215701704505603,1.02716428573298,0.0866112920104227,-0.218093910922836
"352",-0.40097767126914,1.02459642058665,-0.190000694280099,-0.117036580828614
"353",-0.108792135838666,1.0076159994912,-0.0709943034901915,-0.101241351742261
"354",-0.139954882622723,1.00672726351427,-0.1031762501063,-0.0534270017587482
"355",-0.147910277387421,1.05852095567953,-0.0184649498054435,-0.346591487548929
"356",0.204947342172114,1.04896977774374,0.197285814593526,0.247822319374008
"357",0.162329401347736,1.01208145935284,0.0584858571909187,0.144527799659478
"358",0.310687258808676,1.03790838340299,0.166554788555645,0.222515875270497
"359",0.0367731267606219,1.02527700554939,0.226233935946763,0.00333831310021055
"360",-0.0642595718511221,1.00441333468591,-0.0930202402187674,0.0139061786451676
"361",-0.18960833078265,1.04535905379485,0.0923852781255148,-0.290242160508324
"362",-0.128560833148653,1.02738611926341,0.231805469651484,0.0422902151187798
"363",0.0860030803261436,1.01841112498136,0.143297876920522,-0.128945484433805
"364",0.751926524309979,1.34020568168455,0.660374926501434,0.600046852893813
"365",-0.143421692442199,1.00715462381935,-0.0335458897144238,-0.115043946229066
"366",0.139349374813926,1.00651889572959,-0.112677514879226,0.0195975789666839
"367",-0.429996005725358,1.19895508390493,-0.546127464271042,-0.373146199217345
"368",0.0550684082496842,1.02741581811632,-0.189350722232683,-0.140461978149208
"369",-0.123774022334654,1.05924168225486,-0.252247293541807,-0.241586929130966
"370",-0.246232818549079,1.03398551284851,-0.262029573955385,0.0215996100280874
"371",-0.275840525919286,1.03027993669258,-0.231037339480423,-0.0899916424845678
"372",0.287870454475469,1.02007236522784,0.19105130711581,0.0636162585418136
"373",0.130132783575451,1.00545461818698,0.00512172111467499,0.104464143160947
"374",-0.247098686740657,1.09595839279957,-0.220851370121568,-0.39031970365745
"375",0.692900604437477,1.27750634877087,0.470512240571398,0.640812533134585
"376",-0.124812751437921,1.05618734167694,-0.298817584992721,-0.161986887178313
"377",-0.251625658292325,1.0599425903713,-0.220451241758992,-0.273641270443499
"378",0.12552321310182,1.02892572830725,0.242191411634866,-0.00561021415961665
"379",-0.37683855337696,1.05137919930283,-0.179972849759857,-0.270199915018436
"380",-0.0452442641903471,1.0405551290037,0.242740743054657,-0.154375866498575
"381",-0.273364539856922,1.11376504834397,-0.141808520921176,-0.469428297300875
"382",0.134453202785564,1.01915689712076,0.171342661667612,0.0965529556330367
"383",-0.244084611923474,1.0604020406975,-0.329136273950308,-0.12697165465385
"384",0.190554187819191,1.05072007863041,0.219930685144715,0.235888061098639
"385",0.130723190602418,1.01094000943543,0.119237416837807,0.0882164446299997
"386",0.1050080585175,1.03602591462566,0.201021410502848,-0.181494044793155
"387",-0.0550391989362624,1.03065171272592,0.116909303123924,0.220397749053718
"388",0.160682162404022,1.00372837202812,-0.0521088532753,0.0689587719187606
"389",0.254997654832022,1.01623176980563,-0.0121648496866795,0.180496610478958
"390",-0.285121431018441,1.01907418920709,-0.147224919773646,-0.129757566660814
"391",0.182161794737053,1.02338179348245,0.217429050110871,-0.00590790988680974
"392",-0.0173560761239357,1.03479258866561,-0.21000760427985,0.163378418715311
"393",-0.213404825756099,1.05983480729462,-0.197183310522532,-0.290462666800065
"394",0.0855339455899696,1.01744389051322,0.187173553503791,0.0125750233174969
"395",-0.0676175115054821,1.00717188525926,0.0332394625580435,-0.11528375681575
"396",0.159833381837546,1.04674827488616,0.0725985074775023,0.300684897673959
"397",-0.207789765258637,1.07197544867681,-0.287409975239561,-0.257928030075544
"398",-0.131452463096303,1.00886519019831,-0.0423115519200406,-0.126565021107707
"399",0.177477572208795,1.03123283981359,0.0304191742398185,0.250031685489209
"400",-0.440180697720446,1.16676013805593,-0.19724793865397,-0.567822569517138
"401",-0.178815640553315,1.02512407536238,-0.181111017906868,-0.134455082017443
"402",-0.0533637017712892,1.02685226897859,-0.221695756502389,-0.0726400292904797
"403",-0.410714258508006,1.03095289602057,-0.220464746249244,-0.119411764388842
"404",0.164670615709674,1.11969300961174,0.227947038760221,0.449168769277026
"405",-0.0620014117231081,1.0134144804153,-0.147508230453988,-0.0724584782047281
"406",0.232045495346049,1.06078184063476,0.156468484549182,-0.317451928271593
"407",0.232808259716001,1.00085993073573,0.037019090957962,0.0187133069493647
"408",-0.301635470350471,1.04897361178578,-0.0682940415704402,-0.309324363910894
"409",-0.21600214369952,1.06405495185224,-0.248555622870732,-0.265392243482396
"410",-0.22751978624654,1.02759819205246,-0.122672176143724,-0.20226117153237
"411",0.0978881213070988,1.02166200059811,0.134583244760809,0.160251657388568
"412",0.102262045691547,1.01073773519116,0.138970977937322,-0.047726686774855
"413",0.403076913521022,1.06572252264134,0.12332058677834,0.347212511499337
"414",0.212330662965822,1.00302806565924,0.0200191264235872,0.0752631056850369
"415",0.263092673598601,1.03681909526135,0.205792274981823,0.180674779248168
"416",0.425451222800338,1.13152322163501,0.200023726944286,0.490240053197002
"417",-0.33938750361763,1.01094103066612,-0.0599210633430176,-0.135688001135395
"418",-0.191153088013376,1.00193536550977,-0.0174116470363457,-0.0597604485147609
"419",0.12435565164343,1.04640687175648,0.236098129180941,0.198053060204706
"420",0.37186526857902,1.02210130602059,0.0249892042832894,0.209920507426699
"421",0.224795857301343,1.00785486166266,0.0974504762249926,0.0792138047349544
"422",-0.564122333716131,1.0962408757482,-0.199477913538258,-0.40243337295956
"423",0.0490862698552095,1.03826309559085,0.27909432636553,0.00982917374295215
"424",0.0149157108230465,1.02435256027623,-0.20739046315885,-0.0792928971297395
"425",-0.224814502611698,1.03425368716587,-0.18917051825128,-0.184106502983325
"426",-0.0093710903491103,1.01569348435841,-0.175402068060345,0.0294511237186359
"427",0.090234665823762,1.0049884448004,-0.0275099050755226,0.096150815415511
"428",-0.257116255600739,1.00649149933147,-0.108887023226584,0.034187050170555
"429",0.0866085340537709,1.02538426914961,0.0215656515985265,0.225716242416493
"430",-0.07296835378384,1.01554261503269,-0.176972656870317,0.00273526373573152
"431",0.0034278584589155,1.0119666373486,-0.0814261815464304,-0.132084261232754
"432",-0.352105502650435,1.04300999697534,-0.215520058152863,-0.203521395249432
"433",0.0121909535084935,1.01302104542439,-0.0562079440325498,-0.151829857078091
"434",0.302901081946297,1.01085606524546,0.020934940202426,0.146259060991951
"435",-0.0681427750107487,1.0066212651341,0.113323012121505,0.0210776266191133
"436",-0.102211145878476,1.04139266803158,-0.28766773274628,-0.0417847408339099
"437",0.241626840675967,1.00236896555872,0.0160712209921704,0.0669720760546888
"438",0.121128210646017,1.01774495865905,0.0409364076662047,0.184740389204148
"439",0.0189416452487815,1.02132413037668,-0.166022417754557,0.124657675626508
"440",-0.319287371289758,1.11457649292984,-0.387385925957765,0.303665775091018
"441",-0.237506806677477,1.05483352806567,-0.196590472327387,-0.272077117967599
"442",-0.134802933936762,1.04315566794729,-0.258665393320106,-0.145828535853252
"443",0.0676099477018882,1.03917970840001,-0.23141548563321,0.162300152062361
"444",0.2398290762888,1.0046126738316,-0.0513856192703264,-0.081278180068749
"445",0.175112331928089,1.09937112828305,0.415465550395532,0.189750504971365
"446",-0.53271989120821,1.16998918348756,-0.0733020046178326,-0.602910860407154
"447",-0.0700492702608252,1.03741478274855,-0.259896790440451,0.0931830981668469
"448",0.498487424886119,1.03174583047137,0.140684265621421,0.211441235575315
"449",0.0267390862198082,1.01988381474259,-0.156578312881239,-0.125084881217333
"450",0.204910393572458,1.07634003781351,0.244717670054986,0.314040027644952
"451",0.0969589493057302,1.01220327114476,-0.0234960921249266,0.154930293264452
"452",-0.325370977516823,1.21332889029798,-0.483182461207746,-0.488571085117555
"453",-0.500107729948685,1.22904429436476,-0.58672603840189,-0.407801953614475
"454",-0.252307269218327,1.04596196754409,-0.0940556612210676,-0.29187320901544
"455",0.201535708943758,1.0385260208185,0.218253201847008,0.17578917998738
"456",0.126462549468866,1.00348513653041,-0.0518011341596629,-0.065567230666085
"457",0.152957019055646,1.03004251531468,0.246896838483668,-0.00543456553617275
"458",-0.249206772761929,1.03401082737298,-0.0751360268189243,-0.252057470824449
"459",0.182416878394222,1.08618402045985,0.184059071845457,0.381992126062465
"460",-0.144419119795684,1.00054150760607,0.0213265246386746,-0.0250696587425253
"461",-0.0933541347051458,1.00046677521263,-0.00869101806931954,0.0292956397657533
"462",-0.54444471417302,1.1198075877709,-0.27124836430056,-0.424727393151843
"463",0.0293239441176296,1.0278143208515,-0.180196409681652,0.154698196774496
"464",0.188126093498194,1.00327966525113,0.0156649257823225,0.0795279624198462
"465",0.0781886288702054,1.0069973791616,-0.102968310336515,-0.0586621573484439
"466",0.122955514458199,1.00217301561184,0.0562621273470525,0.034428567308484
"467",0.287150450752264,1.08351960429225,0.409266106407376,0.0807216639557251
"468",0.348707440748458,1.06442691690896,0.0291346762368655,0.363532436078125
"469",0.0634081100706456,1.00445816855589,0.0778585933950111,-0.0536120491420106
"470",-0.196638379558686,1.02914615776297,-0.222424099970589,-0.0983327706848503
"471",-0.0917691017292554,1.0054835969734,0.0426716164243755,-0.0957935119634528
"472",0.0831426954778047,1.00402469759077,0.00707080769469307,-0.0895298668086585
"473",-0.145070795794892,1.03786936380019,-0.253232711883081,0.114219131266813
"474",0.0136607810625578,1.00425445253207,0.061353457658539,0.0690127427641521
"475",0.365342741513191,1.04180915062919,0.179437492375304,0.230582940966546
"476",-0.142767209957161,1.05785754702849,-0.211814197538011,-0.272391878598572
"477",-0.163013282374201,1.04698261310803,-0.0475167886214716,-0.306455130401849
"478",-0.217203960442024,1.09612752768261,-0.338242306812472,-0.295106250062205
"479",0.182328000954349,1.03174888925632,0.156188123836707,0.200277408746031
"480",0.256469395869254,1.02309256364069,0.148607125673655,0.15695322862523
"481",0.0835465984329937,1.03125684866401,0.242136762176271,-0.0697171164006277
"482",0.00405723025836568,1.04424182068192,-0.155563755156927,0.257373071906442
"483",0.305326303573521,1.04827634347885,0.215358242564476,0.229137774399857
"484",0.0280873933705959,1.01787231663281,-0.0741002562792795,0.174851951624169
"485",0.27391020223165,1.04067419227172,0.203125101617325,0.204310957986456
"486",-0.0623872935584582,1.01542027769476,0.0538659785049497,0.16785945523982
"487",0.206486338173913,1.06432636290719,-0.34860658142459,0.106132267321023
"488",0.288862901193509,1.03051139566122,0.143480680765054,-0.203388866054265
"489",0.0840642589517468,1.01182637013337,0.117943886734016,-0.0994074588717398
"490",-0.088495975570907,1.01720837136815,0.0959443197577257,-0.159710858389977
"491",0.147860163321123,1.00159234787469,-0.0388753645786872,-0.0409382138106487
"492",-0.166062511429597,1.02268970942134,-0.146817954388459,-0.156008749836355
"493",0.139232587371836,1.00111206916525,0.0211785591115375,-0.0421526234331441
"494",-0.349232996627382,1.04904622643917,-0.261449846995277,-0.179281796935458
"495",0.366443235705809,1.25928417056706,0.472734926534116,0.601928825921768
"496",0.160084433112544,1.03606002801954,0.0569277982876802,0.264914339819417
"497",0.207353120038352,1.02073692727178,0.198391572676618,-0.0504446090988219
"498",0.375412439711876,1.09114678779449,0.331384994241233,0.284227546353207
"499",0.219005454936193,1.04542712568723,0.0880665492613627,0.291825560950125
"500",-0.201878278339653,1.08434178486013,-0.197565679970482,-0.369817398849027
"501",-0.0154712770258864,1.06401763260504,0.299968258937119,-0.20531090113453
"502",-0.0388831796849989,1.0066158485763,-0.0111144885574609,-0.114681885008454
"503",0.00991388067139924,1.00268629226866,0.0536570911344342,0.0500071722302077
"504",-0.336863922310675,1.076973721837,-0.377519361899836,-0.1317252022894
"505",0.0535380814560212,1.00548948124516,0.0646110780886218,0.0826710679916551
"506",-0.165159122195116,1.02136839078156,-0.206019771176295,-0.0273723139719319
"507",-0.0595325952524632,1.01620458987108,0.176488157650213,0.0390345831832781
"508",-0.390244502004148,1.12129929403596,-0.507256852840651,0.00160998501385038
"509",0.493523442916648,1.14827405471741,0.144239045020783,0.545644941906963
"510",0.105413160251847,1.08460053416334,-0.362139764079546,0.212633746098347
"511",-0.0808690779510692,1.03549155235364,0.233497379386871,0.133122983797754
"512",-0.360071673013923,1.03139879697902,-0.241793383448513,-0.0729344783369814
"513",0.696033859569432,1.27594383966478,0.422621561145845,0.670390705509227
"514",-0.1093825763048,1.00872346507358,-0.0450149607399687,-0.124485671061453
"515",-0.073032903144569,1.01842111523641,-0.187719633221207,0.0440784217351386
"516",-0.251050159366066,1.02428432038049,-0.00372613339195915,-0.22168555412399
"517",0.114693014940635,1.06949582045577,0.281791234712727,-0.253801122951502
"518",0.101172533187835,1.00733293007967,-0.0021532282390556,-0.121305381706835
"519",-0.203138392214403,1.04324366979023,0.0601911092931439,-0.291091712213592
"520",-0.0557368770283103,1.02899716119997,-0.229470685328093,0.0786025593263599
"521",0.135575018253476,1.01053140648845,0.00834532396062724,-0.145272430514256
"522",-0.300263506210837,1.12674600524288,-0.41462151742808,-0.312482891717982
"523",0.238646711393758,1.02739446876747,-0.0788694936677222,0.222078809035422
"524",-0.062841144220715,1.00108765407852,0.0466454219259329,-0.000834123362526886
"525",0.0880796979978338,1.01887630803452,0.152025345660924,0.122463159157115
"526",0.260471816888516,1.00159269020134,-0.0145714474221669,0.0545489686866226
"527",-0.0252409898363901,1.02777421282824,-0.127344066697996,0.200258136492695
"528",-0.0596931179735323,1.00799808853384,-0.069703582077116,-0.105837408951174
"529",-0.0470191154486554,1.03125178158328,-0.184258761617561,-0.171839884153371
"530",-0.0752797971846276,1.05930658699851,-0.312411384373877,-0.156619194775209
"531",0.196277442540372,1.04544998463188,0.272676325680534,0.136430538297533
"532",-0.540902545502545,1.09866058928857,-0.328502514019116,-0.314866938148532
"533",-0.0186574108160739,1.02872155655379,0.22838617491089,-0.0781523897780833
"534",-0.128856406880478,1.05660950233461,-0.323777530528028,-0.107664995002803
"535",-0.169267913322755,1.00333408042811,-0.0624286817188,0.0527440674139219
"536",0.251922723949433,1.06509207912345,0.258829208147616,0.259670133094249
"537",-0.231305717099981,1.01169510244783,-0.120039211650462,-0.0954859569950001
"538",0.0524679051464373,1.0068806409948,0.0580402153749137,-0.102176115650054
"539",0.229298271720137,1.02744263071197,0.154605152234638,0.178144902556404
"540",0.078053388518128,1.01160274466079,-0.0756044905885157,0.132755692940401
"541",0.267784403019631,1.05279506874765,-0.121197020109647,0.306086162862523
"542",0.159032299330228,1.07686541190145,0.390572810105466,0.084213985513145
"543",-0.0312996384966946,1.01439604247506,-0.0842091058364593,-0.148014044885252
"544",-0.117203250556514,1.01485536531186,0.0936348620713901,0.145478263349347
"545",0.0565785869076356,1.02755616346569,-0.152476078851453,-0.180617591763431
"546",0.273260052360004,1.05917910638797,0.0914656136917614,0.336889330375438
"547",0.300657826635283,1.02126365520048,0.103460722570373,0.179653367123094
"548",-0.0129851195131839,1.02773471877082,-0.0976587282888634,0.216105124779432
"549",0.463351708983427,1.20886287945092,0.517562708567108,0.439861687368931
"550",-0.106480322954773,1.00904478876296,0.0133437615993129,-0.134139217815152
"551",-0.15662029973793,1.0140218347739,-0.159740561918546,0.0521846172369374
"552",0.538513378389599,1.16955536311401,0.459275125045345,0.396138999472826
"553",-0.515998892414398,1.16074949920798,-0.360906399843733,-0.465924854953476
"554",0.124974707508342,1.02719078706722,0.229224390443659,-0.0507650653648612
"555",0.076713038109475,1.04709599624815,-0.0824814759507715,0.299344001917334
"556",-0.511700435623104,1.21261672756185,-0.429165793820842,-0.535029017322374
"557",-0.355479474965067,1.10367330387642,-0.26127691595684,-0.387077685843011
"558",-0.283809912425493,1.07400422018089,-0.215640041266564,-0.327084755940893
"559",-0.0945762436393262,1.00278373714175,-0.0128645847267881,0.0735508391235265
"560",-0.353179366821752,1.14173901062468,-0.375164646302031,-0.40350892994739
"561",0.0665681922456793,1.02660341635865,0.0171590855191913,0.231560230314691
"562",0.224550589806038,1.04676992645861,0.148923726863379,0.271199193426705
"563",0.0973392982086655,1.02314123614879,0.00594091108342549,-0.216293075902991
"564",0.374272382168285,1.07983414750615,0.0338863162428987,0.406070811179297
"565",-0.13191185250197,1.02205833465347,-0.0412604728619591,-0.207125113913869
"566",0.183706418200942,1.11283743312677,0.477316195838737,0.102841634361839
"567",-0.215314423698202,1.00963103041246,-0.0880845367985464,-0.107684409032638
"568",0.427925191039493,1.10751273368764,0.47399127162953,0.0437804716659713
"569",-0.0856250582207926,1.03247265111846,0.0712939892421394,-0.246813578243815
"570",-0.308663994947103,1.0507802868401,-0.0431353301764118,-0.319810185113489
"571",0.0988565188236674,1.04878595302519,0.0468930867631047,0.31265478355013
"572",-0.0307001770724698,1.00754135551948,0.0601332589307473,-0.107347912193901
"573",0.112334087646282,1.01061838187932,-0.122789683089548,0.0791972696444497
"574",-0.223776135565487,1.00051290727673,-0.015534637712844,-0.0280134371053796
"575",-0.149209236626497,1.03125490979232,-0.0757778714613323,-0.240300651617017
"576",0.199275833698845,1.00787007468063,-0.0216385162242565,0.123829972350607
"577",0.333073555521314,1.06738021341307,0.183978097739412,0.324734629409798
"578",-0.000247254363139181,1.02118076026844,0.0463419694989386,0.201649614443916
"579",-0.278394825424731,1.01326380639729,-0.13718036355229,-0.0887980248112882
"580",0.211431366215568,1.02254720077583,0.198706886138714,0.0782198901530041
"581",-0.198990337625845,1.03071663484831,-0.244530403348637,-0.0508100697813672
"582",-0.000790226666228838,1.02525259553009,0.226103662023839,0.00447422178626272
"583",-0.482772863270528,1.30716655216504,-0.342086560791297,-0.769195150807019
"584",-0.145831476601659,1.01175265143785,-0.0570189075342444,-0.142801512159809
"585",-0.17738631289721,1.00337436713177,-0.0372824150705609,-0.0732812536982976
"586",-0.0464040325759856,1.0079872891098,-0.0303905464397647,-0.122942220957724
"587",-0.511800712440632,1.1002841260341,-0.380214613882448,-0.257025301075294
"588",-0.307794348124446,1.02449694503897,-0.062612995907948,-0.213713834689302
"589",0.0104110362099211,1.02135277456512,0.203229314961205,0.0431200145207186
"590",-0.083423251140222,1.07451239377454,0.383819532655833,0.0852024103352686
"591",-0.102647308924751,1.02158769586174,0.199552434543622,-0.0618081402714588
"592",-0.0233694750457307,1.00402554181035,0.0259136051061794,0.0859986841641995
"593",0.181917202080625,1.00243147901344,0.0656555801415569,0.023626572187664
"594",0.533714189604156,1.09076890777769,0.271709637207446,0.340515320100496
"595",-0.419939609322033,1.03216384651647,-0.195427914336858,-0.164833662683378
"596",0.0419633997555554,1.00854504062991,0.112147630926397,0.0677200698225861
"597",-0.351481959174093,1.0197469130838,-0.190718820535296,0.0592460820440214
"598",-0.171853055650565,1.02496720505054,-0.083477349448827,-0.208780515274096
"599",0.176270446182348,1.00640030668613,-0.0983300912201429,0.0563273508926487
"600",-0.0644726409937665,1.01550903721129,0.108428529614974,0.139649055218201
"601",-0.0507442534359225,1.00941904557539,-0.124163557636723,-0.0592471140675075
"602",0.0316446741829835,1.00873269420341,0.131314338047298,0.0172682650568343
"603",-0.0320301216172397,1.04133863153711,0.261713321189004,0.126064598693722
"604",-0.330165846616674,1.08802913695252,-0.424390581088295,-0.0608279338887474
"605",0.0581952632364458,1.01336326778005,0.111889112743346,-0.119941397921525
"606",0.176598770136813,1.02661248188674,0.0908567672618845,0.213724672905035
"607",0.0646747477181109,1.00689924757232,0.104486898345184,-0.0541163823246888
"608",-0.000375141503919794,1.05567860058351,0.0824869516738201,-0.32810548689945
"609",0.122005531683186,1.01683717029188,0.0754070233052459,0.168141641848293
"610",-0.143234415706721,1.02121386042851,-0.203178610826713,0.0399524821985585
"611",0.633986847903454,1.18118974092672,0.441706854315402,0.447330145330405
"612",-0.444392821512969,1.20531995304038,-0.458188976383319,-0.492807316420997
"613",-0.165478836597846,1.01019989328973,-0.103639368123771,-0.0988064055488709
"614",0.319448880464078,1.08432796617994,0.254802195137568,0.332930893118991
"615",-0.142268050705499,1.03854223827479,-0.250988316592024,-0.124799221211994
"616",0.0344983424379106,1.00105443577319,0.0422324906596339,0.0180665468164956
"617",-0.00757371908546672,1.04386691043691,-0.279237934869626,0.108093951888403
"618",-0.266328247178032,1.06671162516002,-0.140704430112203,-0.343621819153463
"619",-0.295986816769888,1.06331057827759,-0.199427278538596,-0.30142685091365
"620",0.374588655824917,1.08176060970675,0.273224793723605,0.309118470505759
"621",0.0656672600014006,1.05081755543182,-0.142350570151398,0.289747907639156
"622",0.0490130037869628,1.00607309479588,0.0406348747345105,-0.102624943495551
"623",0.234970942442271,1.03032694077209,0.217705714790757,0.119070679128934
"624",0.0941502581139441,1.01248552701836,0.131708388394772,-0.0882034174400275
"625",0.208219479180109,1.13228830851338,0.297471359494006,0.439985913270962
"626",0.0323122228912992,1.00056850763803,-0.0275499189065985,0.0194509754314006
"627",-0.204336055199304,1.00243980257915,0.051713430700808,-0.047024237155749
"628",0.143170233613906,1.02127666623761,-0.0588673944016743,0.198848331342688
"629",0.109817993112845,1.0158315480357,-0.00685770045075248,0.178512481157853
"630",-0.262376949178066,1.06084081274392,0.248650174592073,-0.252103789456874
"631",-0.0439804216235181,1.02334032614753,0.0621853949849987,-0.208226798876368
"632",-0.0400750329120657,1.02230866518619,-0.127157005964551,-0.17013554228586
"633",-0.609646560377647,1.09361865702889,-0.302119899449283,-0.323612937563409
"634",0.0837909067543588,1.00487661355156,0.0906483633935767,-0.0394953500670743
"635",-0.237170086081836,1.05869354388259,-0.190257423304395,-0.290919460910132
"636",0.00573502296069197,1.0023514596961,0.0686044659418923,-0.00136967431891839
"637",0.0210813797841342,1.01922607828452,0.0618420519178079,-0.187075811557313
"638",-0.0921047523862006,1.02990842842527,0.163700839759383,0.184155928504822
"639",0.453672481432502,1.05029374206635,0.0961549169021023,0.306384034471917
"640",-0.0355075335448301,1.01130936540396,-0.0507991822328186,-0.142007308397302
"641",0.00301857014478916,1.06257965851196,0.250413563063131,0.257620997042977
"642",-0.443318558430281,1.1156254959856,-0.330432261576739,-0.368014629875504
"643",-0.364856770983683,1.05232408811292,-0.289302264940236,-0.153916165243097
"644",-0.0538469337710636,1.00619319446546,-0.0680794529494322,0.0882605952546733
"645",-0.0412164406596336,1.00122590774734,-0.00385323172934742,0.0493808763564695
"646",-0.233400325287029,1.04843960603501,0.183860362076247,-0.255775242664421
"647",-0.147806271093664,1.00572556174135,0.101826020730566,-0.0333971112841255
"648",0.0760050441884114,1.03054773646416,0.247264797399532,-0.0298120294238636
"649",0.482282968181367,1.16535864698602,0.296716450191856,0.519634606517526
"650",0.0396159271964233,1.05352437271541,-0.307090211528518,0.124936807581947
"651",0.0836198112741539,1.1068078845556,0.30924091120817,0.359713430593827
"652",-0.11802344850223,1.03842379125438,-0.245674722490237,0.134044399258097
"653",0.289444903169683,1.13014186112381,0.333427737348885,0.40748812280947
"654",0.157678250296595,1.0370346256622,0.253594063914458,0.105502917351592
"655",-0.169249389690165,1.00374912597632,-0.0577548735989184,0.064627257978362
"656",-0.142975506236284,1.02270801237333,-0.0263661144633222,0.212688755181619
"657",-0.0952837366140274,1.01284711979947,-0.143279541300755,-0.0730086373706638
"658",-0.477047837302113,1.01809097219048,-0.105909909740098,-0.159035589333362
"659",0.0388757277862436,1.00852795749509,-0.0758226527492697,0.106675050406709
"660",0.0289159532339182,1.01911405744772,0.188119610683838,0.0566080750752209
"661",-0.393907014783223,1.0251656463178,-0.117354368049047,-0.192853713186993
"662",-0.0160718578495438,1.00818717004359,-0.126645025400644,-0.0200600942614905
"663",0.148718485601578,1.013071325125,0.131742024106421,-0.09464432827625
"664",0.0442229309887564,1.00008623109849,-0.00182071437883816,-0.0130059460225572
"665",-0.221237774662479,1.09175237893754,-0.401765609860222,-0.174664397200555
"666",-0.477230152268571,1.19629914833286,-0.393297416758606,-0.525783980616498
"667",0.13639571095766,1.03952269566542,0.249834276363529,0.13487130590834
"668",0.188504198171942,1.0260411125064,0.135460501518671,0.185501528515773
"669",0.0146542088559074,1.00738826903547,0.00258183399728363,0.121755733842365
"670",0.0432449170046843,1.01742722247665,-0.122789014325328,0.141707483915174
"671",0.388366443050955,1.18174263169929,0.506733799734636,0.373813461210354
"672",0.0764722014133053,1.08439501289697,0.0806412291077148,0.411593897141121
"673",-0.115400071914743,1.01307239543389,0.00718378680758102,-0.162061937533989
"674",0.13077851284744,1.00522281027449,0.00269589083245045,-0.102301664056706
"675",0.345176639032852,1.08966594402877,0.13776274711619,0.41035752105098
"676",-0.497374164441422,1.06679071232518,-0.171243565027755,-0.329724226194922
"677",0.156821357862609,1.02694586724595,-0.0877526887451599,0.216603970119493
"678",-0.285252635380501,1.02210686962277,-0.0932486142704452,-0.189755497592836
"679",-0.0752074427074958,1.00810572392997,-0.127509037986476,-0.00431229082178209
"680",-0.333099248289267,1.13744886143628,-0.276876647065769,-0.46597128097373
"681",-0.31031907276236,1.02212346272856,-0.184102248474166,-0.104128455126283
"682",0.342229784178549,1.07398871881741,0.32288021354227,0.22181103635744
"683",-0.0761564159937584,1.07311024379234,-0.38139318566663,-0.0781334324032976
"684",-0.3901519500609,1.05890787416463,-0.263963242145662,-0.22717678746694
"685",0.236644881499825,1.02412891692948,0.101382266172702,0.196371267238435
"686",-0.25072784496049,1.09115850097441,-0.217176952707602,-0.378762518553996
"687",-0.331311067641474,1.02654770063491,0.173129043234595,-0.154358401350511
"688",0.0205658630339795,1.01246273802648,0.117353206757871,0.106343879728563
"689",0.301028224687393,1.04419521537572,0.299427964613981,-0.0262019430704037
"690",0.144500835962126,1.01684278340888,0.014674683770063,0.183722344386786
"691",0.279853756541184,1.03208842049029,-0.0596830692347795,0.248282981609427
"692",0.0132113410135254,1.02171581606408,-0.0252828607917436,0.207999965734814
"693",0.264164720921041,1.10910718144468,0.205762530238532,0.433336498672787
"694",-0.105935982527142,1.00569978495947,0.102390695385641,-0.0307929044743528
"695",0.425330329495675,1.11878477100093,0.28126220211075,0.41541658306742
"696",0.154815000816572,1.0145807389939,-0.0727413380720636,0.155186254780786
"697",-0.697809911111455,1.48811290762162,-0.821127386035551,-0.735003293688199
"698",0.0342268996455705,1.07303453579754,0.231889061235799,0.312458922569713
"699",0.123950440111672,1.01210474732243,-0.0684634920860201,-0.140245391382356
"700",-0.503707461853163,1.14990005166329,-0.529353543161552,-0.205073048345104
"701",0.21898783483463,1.02313947068837,0.0971670272931759,0.193320835109627
"702",0.0166853376008849,1.00098644608588,-0.0440343895803928,0.00590235393094725
"703",-0.338800409166727,1.09586680346964,-0.375048319477008,-0.245484844754714
"704",0.27305910701926,1.06102683668113,0.198946351450704,0.293595465567874
"705",0.43572575759027,1.10427125935263,0.302613233593019,0.357547542414446
"706",0.275970040395256,1.00447849838976,-0.0382556384804873,0.0866807928655218
"707",0.110647178339356,1.0011279702196,0.0356111085041205,0.0314493514578122
"708",-0.0775060454126661,1.00622528673405,-0.0866306865104694,-0.0706006502642793
"709",-0.55314348814803,1.17003082714474,-0.433602101510198,-0.425395526580776
"710",-0.279525981291666,1.0787247880972,-0.125931284424134,-0.384432672985326
"711",0.114020942571513,1.00473166848149,0.0964818603611977,-0.0133032428695246
"712",0.0304221631510067,1.00218111046749,0.00450810654915162,0.0659291676967457
"713",-0.0205937242605413,1.05418807382188,-0.283678310895976,-0.175610679958531
"714",0.179311710885869,1.00043493169679,0.0294213514270095,0.0021063331585322
"715",-0.0574363574379886,1.09952843605567,-0.433707206610485,-0.144432823932675
"716",0.804111087077735,1.71255888960952,0.714903078673523,1.19238061812649
"717",0.0964730245607752,1.06239440107823,0.049176181797099,-0.355335850409484
"718",-0.167878537876785,1.03771628821636,-0.275997161098765,-0.0260894977906804
"719",0.168102821987472,1.07496864550095,0.346690697465184,-0.188050921564454
"720",0.25286442811864,1.02134573831773,0.0170247112608934,0.207019990305918
"721",0.0343060933602533,1.01757420968578,0.0333594524065031,-0.185322473415332
"722",-0.20333243031511,1.05140070806895,-0.25381338401637,-0.202539415971448
"723",0.0527103730541792,1.0215845198013,0.117388359516373,-0.172785717429733
"724",-0.0420596566081737,1.00679684995523,0.0506883224429873,-0.105216876249438
"725",-0.0616705362480906,1.0055305788131,-0.0729724505140713,0.0759392282959163
"726",0.0268408954687007,1.00426414103205,0.0590525894686169,-0.0711284516904881
"727",-0.28531294765416,1.06635622334269,-0.1501103451719,-0.338500338750283
"728",0.0809408078366263,1.0121232806869,0.145388302572379,-0.0570594145039848
"729",-0.133911309535883,1.01479147849725,-0.12963888863667,-0.113997821837489
"730",0.167768639172201,1.01679866403285,0.049241340250666,0.177355049517374
"731",0.367974784745921,1.12104316382779,0.151878565349232,0.483394948828057
"732",0.454585285041342,1.10875754000573,0.261735079718087,0.401046170115771
"733",0.0595894969541213,1.00896966203583,-0.0481006520131475,0.125324004821912
"734",0.153088431695592,1.00557807436592,-0.00995251083841413,0.105300575371139
"735",0.0555457423758453,1.004736478559,0.0626471433132599,0.0746373015444018
"736",-0.115153273504734,1.01064113411064,0.0997278596798221,-0.107003999738901
"737",-0.460511933316491,1.01376033918135,-0.0846936577234094,-0.143307395616932
"738",0.0908537672017085,1.02086657927919,-0.0935290347797426,0.18281381879488
"739",-0.190144278286337,1.00257478472785,-0.0654915861775211,-0.0294457316441055
"740",-0.146224645276056,1.01628227807133,-0.150235273610113,-0.101286876174246
"741",0.00603363593485865,1.02472874415918,-0.183537170996069,-0.127996507643027
"742",0.175802592350097,1.0471369046765,0.153409121553813,0.270113566041327
"743",-0.247541902628303,1.02404137221482,-0.0168158318818227,-0.219949902945481
"744",-0.26267481248652,1.07304272552316,-0.054452396393113,-0.385299399591033
"745",-0.819008034360774,1.16359219287562,-0.432076670322665,-0.408970099498709
"746",-0.111943155411135,1.02403198809029,-0.13050706471228,-0.177790378514549
"747",-0.430036371348649,1.1201201027654,-0.293272650871333,-0.410682598694027
"748",-0.469584408880305,1.13637296141509,-0.443354652570319,-0.307863865173475
"749",-0.0192954545571837,1.04255152814813,-0.289107940100028,0.0577086459304198
"750",-0.115977092111531,1.03317837199539,-0.255696001681007,0.0455752463886538
"751",-0.302990978802118,1.21980362662038,-0.691682203864109,-0.0974505842666801
"752",-0.235848400441683,1.06633189510841,-0.330956259553905,-0.16592668497737
"753",-0.313098287585885,1.09406436377574,-0.332922042436194,-0.293495733775004
"754",0.029202071172685,1.02639989934699,0.0821556161347437,-0.216211026816454
"755",-0.11359986286026,1.04803764357398,-0.295687027080784,-0.104652206685909
"756",0.354585286444419,1.13753951369056,0.222478711123127,0.494468773841537
"757",-0.123508889521357,1.00025094800196,-0.0222460956799762,-0.00265898586273576
"758",0.0396102536682675,1.00497198838988,-0.0899069670209359,-0.0434215928933533
"759",-0.0615026641743663,1.00105575503724,-0.0356311010438697,-0.0290353118043772
"760",-0.107871991184774,1.00056416526234,-0.0210399087212981,-0.0261910490076112
"761",-0.195103319414281,1.01384447920339,-0.166930250660315,0.00386256723850247
"762",-0.166744281367136,1.03904774230315,-0.0293025260279445,-0.280644922907322
"763",-0.108818835436256,1.00003515606877,0.00777630081314517,-0.00313727894140475
"764",0.408923960162339,1.06453934999587,-0.0350129232176973,0.363342982452372
"765",-0.138373959699043,1.03063365674142,-0.103340730526994,-0.22699433433974
"766",-0.0319519357287399,1.0308227830135,0.143739514158994,-0.204779300831492
"767",0.254528084689713,1.07041442907975,0.280354820685629,0.259206914453398
"768",-0.0856220198122203,1.00181924143563,-0.0548630574134197,0.0251363768653714
"769",0.127531263296175,1.01501411993014,0.0473935553290745,0.16735445787555
"770",-0.0879233423267182,1.0446791808446,-0.299698641734159,-0.0391830962641
"771",-0.0891218145711799,1.00640734568607,-0.070163943028598,-0.0890660796800317
"772",0.106647862751277,1.03655879475389,0.263008603166162,0.0726678033396829
"773",-0.372833502265753,1.1029606501652,-0.233926980547029,-0.40224415916827
"774",0.0705922837241517,1.04793088908525,0.238132410623305,0.203597896132907
"775",-0.137063094690232,1.00529371851549,-0.00987779351710782,0.102556763218886
"776",-0.512614354332826,1.15268891988142,-0.42932625993213,-0.379961456663815
"777",-0.352508899680717,1.09416090680483,-0.29438437714518,-0.332454400591747
"778",0.141483685257918,1.03722299879381,-0.150002104118872,0.23093487823786
"779",-0.150888666394229,1.0199167944914,-0.196898493125551,0.0382263141108103
"780",-0.212157520406476,1.15363527392105,-0.440203557157748,-0.370263654036622
"781",0.0278472716845181,1.04003617172239,-0.189878436154536,0.2135917085808
"782",0.296602794639684,1.0724261590741,0.340547697519085,0.184729890328736
"783",-0.323659608974516,1.04790715709616,-0.299787451506499,-0.0907573347591878
"784",0.139089175344078,1.02991218311876,0.216855189887176,-0.117016800312838
"785",0.20714785830132,1.02878747252292,0.0844997249971481,0.226414354879525
"786",0.285587075956444,1.02734955244325,0.0220980752906961,0.234432885862444
"787",-0.0709678828703193,1.01030834539664,-0.137111060617181,0.0438578366376809
"788",0.198435723988301,1.01078059406799,-0.140902787594405,0.0427061329619167
"789",0.0209392428335164,1.04086730095569,-0.229847965498892,0.174856086410506
"790",0.239945550624516,1.00328919309681,0.0804420196615026,-0.0108759577798255
"791",-0.405032872797265,1.16712661079544,-0.417395301415049,-0.433550098585488
"792",-0.431217259337983,1.08460069013624,-0.401186960284783,-0.124127675968973
"793",0.260391094718383,1.00570354658199,0.0735478959171667,0.0776552033913949
"794",0.0417072357556533,1.01904113559649,-0.118193592063086,-0.15644523269504
"795",-0.410922052385334,1.13903367727979,-0.382066728838755,-0.389130739844551
"796",0.133065089891486,1.01005624959593,0.137070409689975,0.0377535446708838
"797",0.000344710775897813,1.00622894405071,0.0398442595870902,-0.104446746351293
"798",-0.297091791172954,1.02830067442038,-0.15618072002914,-0.181686157162799
"799",-0.0635773915345358,1.00601578059673,-0.0129331423517119,-0.109089342460923
"800",-0.0841716146949021,1.00821669369347,-0.0505603471102543,-0.118087055777858
"801",-0.173104707248613,1.0176590930389,-0.188613355136718,0.00741834946817146
"802",0.202295998323576,1.07094588625382,0.266202251849579,0.275792408151826
"803",0.292937134569548,1.04061246561068,0.275088262170266,0.0848572424751692
"804",0.0882481824112697,1.06466135154774,0.312683773906302,0.189030820278501
"805",-0.332242720265441,1.013141184328,-0.133794951567779,-0.092487676565681
"806",-0.317825761586117,1.01731479349316,-0.114904637827586,-0.147398484611392
"807",0.134615390380002,1.05059028541926,-0.0119039677208295,0.321866809984848
"808",-0.0321458188738166,1.03606611517704,-0.0785359220495205,-0.259355169537613
"809",-0.210997106979418,1.02876831147256,-0.208448632506346,-0.122120458140054
"810",-0.107533661426881,1.01649610693171,0.103616220853642,-0.150093351562693
"811",-0.0675889223091861,1.0013612426498,0.0486820837340154,0.01882532880107
"812",-0.0658879099585444,1.00268125635296,0.0134396338074789,0.0720352558451198
"813",-0.183333947200849,1.00146990674361,-0.0389139196353697,-0.0377846658272009
"814",-0.0875187237488617,1.02377369166998,0.20489813656074,0.0782900082354854
"815",-0.312927124161433,1.13549431725494,-0.365875299710035,-0.394312832127423
"816",-0.366826571534344,1.15557104715271,-0.454007411722751,-0.359474220380865
"817",0.136979701529145,1.02062864741703,-0.0897804986256376,0.183363840478031
"818",0.264409718582252,1.09535667186205,0.360100644936635,0.264827800861083
"819",-0.0255349858484298,1.02152016780052,-0.13543276696881,0.158623512930353
"820",-0.113425732320731,1.03381725408661,0.259146680557155,-0.0402630451330209
"821",-0.339835097191505,1.04312865070766,-0.191078990997245,-0.227169982890907
"822",-0.221821575723678,1.15710994471821,-0.42354771876451,-0.399387974399768
"823",0.618359463814344,1.34315786988932,0.527684640643341,0.724997919634757
"824",-0.0749333698621282,1.0028141919217,-0.0584904581852311,-0.0470655906247107
"825",-0.269600540678575,1.05171968907783,-0.308629953887435,-0.104220228158477
"826",0.132364957002782,1.03310209465428,-0.171905988482592,-0.194289137892159
"827",0.0497762204889693,1.00636814012683,0.0615251166477572,-0.0948234859294135
"828",-0.00101162420046078,1.05919032883555,-0.261367080207208,-0.231454967720971
"829",0.361374761727321,1.04672421625807,0.201085963322443,0.234938332878543
"830",-0.170914598931791,1.01836761850062,-0.103028809271446,-0.162658141114194
"831",0.0817111060303501,1.01972081320022,0.155866040581701,0.124644752264614
"832",-0.314086384234595,1.03285664180129,0.0502379076451007,-0.253513303691288
"833",0.118712217631634,1.02648108333136,-0.149503367759532,0.176952415823242
"834",-0.104398081226118,1.09554505005482,-0.446794784068704,-0.0243593437641661
"835",-0.185463354529215,1.02266247263315,-0.15011130830498,-0.152660171790532
"836",0.261995869987884,1.14337573629115,0.516934478963284,0.200216929349867
"837",-0.0394449211511679,1.02526852897906,0.0488065277014425,-0.220892461095039
"838",-0.0278057208078179,1.01308361475727,0.159368236071131,-0.0306622866277092
"839",0.251600191927662,1.06751374388203,0.0810451512796586,0.364715336709461
"840",0.196246293103315,1.02628738283438,0.0997508350297581,0.208123912792136
"841",-0.42298032348578,1.11977990608893,-0.381571261593998,-0.32910547003368
"842",-0.0263257418079613,1.00495923336179,0.0911765665091142,0.0403719511385646
"843",0.0741880074301841,1.00411952540819,-0.090291479707141,-0.0101720203633376
"844",-0.410391730552241,1.15812445476489,-0.519182310163039,-0.267772256849422
"845",-0.148344843768018,1.00300840491876,-0.0115749247804116,0.0767585920532943
"846",0.198145050825885,1.06121414988649,0.0538787109326232,0.351101917436435
"847",-0.550402608515565,1.09946222749032,-0.310407434800539,-0.335357144099437
"848",-0.013606373346482,1.02891621576589,-0.14736587553821,0.192228712196846
"849",-0.198067632276937,1.02691939926933,-0.0681787474104762,-0.223416899533625
"850",0.0433216251921104,1.04441192540287,0.10065203749354,0.284016614429752
"851",0.0118562272933591,1.06680494907146,-0.0313563820357699,-0.370256096059182
"852",0.0465793895779536,1.00442825668518,-0.0870422931178354,-0.036052212642485
"853",-0.555519150078358,1.18520617092624,-0.47779218094646,-0.420033688444226
"854",-0.242479482037158,1.04571774440932,-0.231702562945334,-0.199598405046457
"855",-0.253606757977087,1.08136332555026,-0.253163209209386,-0.324430318170066
"856",-0.132160702423691,1.03276307632896,-0.202017996123387,0.160587362736782
"857",0.49846605949876,1.08780520990623,0.240594987621732,0.354166947399714
"858",0.243114801420138,1.01519555350893,0.162550364119724,0.0648027081907662
"859",-0.00225046126033149,1.04532070502481,-2.00025602189063e-05,-0.30445915317734
"860",-0.274444374307228,1.09479683032611,-0.421718328125665,-0.143992192201521
"861",0.257254037609536,1.06484184724279,0.111329694953148,0.348559691675727
"862",-0.275868041654652,1.00316584322855,0.0597946401340334,-0.0525957225607171
"863",0.440278060257878,1.15114692731503,0.428264540726835,0.376468765534239
"864",0.0519944160194891,1.02848707346704,0.00939823541457187,0.240202692449286
"865",0.43187673896254,1.13314401923369,0.303561105092329,0.438025140602926
"866",0.689357085090956,1.30017065021359,0.527052422677135,0.642385759047469
"867",-0.233346697019344,1.02182158614605,-0.0730879010333397,0.196920066617308
"868",0.0651293566405964,1.00834444003659,0.00166822289287329,0.12944391366568
"869",-0.0430147844318803,1.01774347677999,-0.187919416438415,-0.0220924750464373
"870",0.14096815439238,1.08384321643721,0.319451936000251,0.269567391207928
"871",0.163842519976991,1.07119251553909,0.27190087378826,0.271151839713722
"872",0.397027862040459,1.13110180443079,0.293312638066942,0.439726037819924
"873",0.235567960984513,1.08876240162405,0.279725122101242,0.327349084702564
"874",-0.00656272976721463,1.01871830386531,0.188204188693091,0.0486432522410971
"875",0.103316799999913,1.00218565862018,-0.0525100952314156,0.0402341178944836
"876",0.0209455333144455,1.00538869512849,-0.0882453272248854,-0.0549471611199942
"877",-0.314128500418541,1.04161664467057,-0.284559606330867,0.0631748755408936
"878",0.128948084045551,1.04025285055261,0.238775015915468,0.158469192139687
"879",-0.37253276972992,1.09375724745403,-0.399611766767397,-0.191351384158198
"880",-0.0028765994714188,1.09097815312826,0.362342364572924,-0.242778379265657
"881",0.347493860852797,1.03924639102374,-0.0749269586663821,0.272798482622024
"882",-0.312588665803757,1.08993884514967,-0.394176854667193,-0.18053058857399
"883",0.127839487866209,1.0192204288789,0.133076695239749,-0.145261405156905
"884",-0.339177871674391,1.01751604882132,-0.185576697636872,0.0300033148693511
"885",0.368458107047112,1.03759672829179,0.033145592335156,0.274787809537778
"886",0.0756337979909561,1.01936079792739,-0.036059791524374,0.194412262438317
"887",-0.759923048692688,1.29133912137946,-0.503284879235268,-0.64363114960217
"888",0.0577286084599584,1.07698290194394,0.383678579027679,-0.112618466846616
"889",0.0870945060396682,1.0085246790462,0.0259849818938512,-0.128245112816123
"890",-0.250573909193627,1.04640571734143,-0.306454148201721,-0.0324157420830175
"891",0.232203784962833,1.12820441924354,0.343322809653144,0.393668210518104
"892",-0.0476031514043471,1.0102017942656,0.0765729365370291,0.121013431186534
"893",0.231910296066449,1.0712068243203,0.237130792222585,0.30208119413541
"894",0.838685742035848,1.31773848219866,0.685251309191472,0.516590118680767
"895",-0.103990821133753,1.00079957804964,0.00579235763007648,0.0395758009068741
"896",-0.190197761210732,1.14546052140714,-0.27224191255878,-0.48781568973195
"897",-0.302835708081795,1.01251073208008,0.0185991138775609,-0.157581901055625
"898",0.228581220952452,1.10473607780037,0.304188368177645,0.357646806583202
"899",0.036558102195267,1.00546585877646,0.0219302847371434,0.102375073999605
"900",-0.00222153772386743,1.04715932177834,0.25771812584419,-0.173562705667552
"901",-0.0937545832338154,1.02190652867901,-0.177156416970102,0.113615832009025
"902",0.351355347306669,1.06395018060959,0.249913684460855,0.263691367204863
"903",-0.829387609581607,1.4812755242351,-0.787315546834163,-0.757833364540774
"904",-0.252840102933092,1.0104716384748,-0.122640125650872,-0.0775392271194547
"905",0.0653328453878465,1.0106604389205,0.136531388929905,0.052855488228227
"906",-0.164047383242613,1.00032589849449,0.00591239737123944,-0.0248384129147518
"907",0.21020937795739,1.05105502174886,0.265578070610948,0.184891717375484
"908",-0.181043730276507,1.02206835650977,0.0746776448501874,0.197603073706402
"909",0.0520073816507564,1.02492042853832,0.165754570980775,-0.151615655636694
"910",0.000294477205421648,1.00761774883149,0.108826219164673,0.0587399504814614
"911",-0.0641613908377917,1.00780701856961,-0.12366317903647,0.0195551739640982
"912",-0.0778623943424009,1.04252543384941,-0.0207135421451797,-0.293990185881597
"913",0.141172636951485,1.03418436286996,0.0362208838346139,0.261199816192485
"914",0.0510238587597378,1.05468085329276,0.288185448281638,-0.171174909671542
"915",-0.554018592044064,1.22745330850756,-0.41065487329,-0.581381285912541
"916",-0.343662478899603,1.02256428950154,-0.116668167209076,-0.178958835836243
"917",0.158849689600228,1.0009701926217,0.0052373590457122,-0.0437481038143913
"918",0.0537365540572488,1.00243974774047,0.0698742929157578,-0.0017409880800668
"919",0.139859271299919,1.03043086893357,0.109853789570242,0.222979641600403
"920",0.0206769875531322,1.01349639091756,0.0721714479841034,-0.148210041828473
"921",0.496745666095455,1.14104838475618,0.322287607125709,0.445109104206909
"922",-0.00707290320139412,1.02574510833324,0.226662035522625,0.0278809777862259
"923",-0.385929910721684,1.01808919538487,0.0759123956639703,-0.175336584727685
"924",-0.234384616286041,1.04781878942681,-0.174048305237508,-0.260060383218632
"925",-0.0717579800097303,1.0374570946084,-0.250594034962323,-0.11627490182578
"926",0.138194863114714,1.00931292627593,0.136657488720189,-0.00610851245129032
"927",0.163213818154944,1.02951485570246,-0.145867184569777,0.196528884843277
"928",0.339108175741295,1.09483702978542,0.194645094332763,0.40097557162695
"929",0.106085654667605,1.03271572622089,0.183644284120378,-0.181042945440745
"930",0.0577146320089305,1.01641312059858,0.180333625299967,-0.0239878158886875
"931",0.144320809657528,1.09210888098779,0.229811300727277,0.374016809769871
"932",0.00525897185910699,1.02292425151519,0.136085782785655,-0.166897226045029
"933",-0.453588659003323,1.14461794828539,-0.482567495216033,-0.277990755418193
"934",0.336874528805642,1.09999351738281,0.418793967314691,0.186003632289902
"935",-0.065795541971196,1.01530411128725,-0.175475830575813,-0.00711837625609797
"936",0.0835744833130582,1.04987423762106,0.258909460895699,0.187621443015198
"937",-0.263766542608538,1.03911870242969,-0.137452685282889,-0.246727454993717
"938",0.177366028151409,1.01407375460497,0.0871954949696551,0.144022655980264
"939",0.358753391153133,1.11972747475147,0.36566295593764,0.346525930297081
"940",0.146827930507815,1.01464825945522,-0.005705674428165,0.171693143994819
"941",-0.0343458053121072,1.01377132780155,-0.166528038575124,0.000847018799196995
"942",-0.0148438196318089,1.00640857689582,-0.0923361550490192,0.0658198915240373
"943",0.165888846751813,1.06550232456807,0.367214392591382,-0.0211847476667873
"944",-0.00788968073499485,1.00546005474198,0.104603316083383,-0.00284041301656366
"945",0.33988765698078,1.20303894497989,0.509594919838115,0.433146304166982
"946",0.052396513303342,1.00131928930781,0.0513607890512939,0.00154547336828091
"947",0.583722074157459,1.20754705503004,0.424783213605534,0.527000105835555
"948",0.167450791065684,1.02287573708562,0.0285989874390667,0.213206171195657
"949",-0.144348024628015,1.00127145316283,0.0345109369093899,0.0367901909813823
"950",-0.0843515071897238,1.00775241666482,-0.00748131132102489,0.124534988154786
"951",0.0921135611254918,1.05253598014073,0.117481435152363,0.3066432811678
"952",0.0440519627542907,1.08257182679676,-0.0353703568520132,0.413171511639228
"953",-0.447797187407593,1.11817621596672,-0.493902778251742,-0.0798629800900343
"954",-0.167563797674661,1.04066426788353,-0.0576015163737473,-0.282248443327871
"955",-0.242858830583698,1.01368388824209,-0.0221351212492973,-0.164514624544063
"956",0.218956364623725,1.00164228961283,0.0550000732287846,-0.0161946993072669
"957",0.0546683809027914,1.00294691489773,0.0756761604497388,-0.0132526541664258
"958",-0.18045581332815,1.00240109758599,-0.0115629942710825,-0.0683685425110868
"959",-0.34451070983706,1.10778386387973,-0.189941187095225,-0.437158363201657
"960",0.0841151312036028,1.01489051495028,-0.146604682282498,0.0922487098495032
"961",-0.170069830517824,1.00576055164127,-0.0828287479745434,-0.0685104791015284
"962",-0.00619023879828825,1.00533875763154,0.0947566807188274,-0.0415594640879469
"963",-0.0781780678426313,1.03853308439289,-0.277544936699389,0.0389842980076041
"964",-0.0657937952004282,1.00575930268686,0.00707743223941059,-0.107245908518998
"965",-0.177084765099716,1.03671543630389,-0.0224887650937842,-0.272531009823326
"966",0.132755672115403,1.00205453917957,0.0550906716411069,-0.0328377433530435
"967",0.149697028065902,1.00830107740516,0.00376191124100329,0.129061654724509
"968",0.0798402277040121,1.00336790227702,0.0635733960285006,-0.0520151000882373
"969",-0.209738333278763,1.03493857539551,-0.211777196350557,-0.162013190659217
"970",-0.343398079490692,1.0309271080872,-0.149150993028988,-0.201406761225875
"971",-0.190805949303973,1.01380605383806,-0.14105819566832,-0.088911755316716
"972",0.133395394140758,1.01543044274802,0.0715212014363465,0.161194608484749
"973",0.46461332874789,1.08179820560704,0.376731772568739,0.168405846667583
"974",-0.287754518915405,1.03457165025293,-0.143333796929527,-0.22314551791338
"975",-0.217016755755469,1.12727003051306,-0.194096090866729,-0.482767469081298
"976",0.585920421506443,1.15012685964631,0.458462587609858,0.335564969926769
"977",-0.124968563093999,1.00270391915456,-0.0673157309050239,0.0297277960945676
"978",-0.134121158974713,1.00389652982208,-0.0847950798377757,-0.0248603504424306
"979",0.118254018050086,1.03430561424615,0.220469944871389,0.145537304734981
"980",0.0757176459369347,1.04653199458337,0.308587762187039,-0.00167592214840348
"981",-0.211816910112501,1.06499784308755,-0.335948854788086,-0.146146408603522
"982",-0.0157253842210727,1.00007109546877,0.010501277304651,-0.00564970504298645
"983",-0.480051500520034,1.12532325747843,-0.434093714520009,-0.279132729782939
"984",0.144582859439825,1.01089776091199,0.0413456023738629,0.142143674432636
"985",0.330319441568339,1.14976232766118,0.0703414599664235,0.563032405034252
"986",-0.127309641503637,1.01245570348829,-0.146788058692029,0.0593280486059476
"987",-0.186206483256857,1.03853369896739,0.0422061051472568,-0.277075600837001
"988",-0.186247722406543,1.0572655243494,-0.332848423614306,0.0837992593957787
"989",-0.282110771460288,1.05192804743581,-0.221198676380399,-0.240049500207093
"990",-0.126792242715516,1.00305579263156,0.0271309672152835,-0.0733814264626435
"991",0.425327295317859,1.05498003845092,0.265352879470316,0.206326757563607
"992",0.274269062313835,1.08397964698396,0.380310731066058,0.174286037626275
"993",-0.190601123168561,1.03822667075318,-0.147282786612967,-0.237112632794514
"994",0.0716783340263436,1.04923886782874,0.308302939511748,0.0764950929861429
"995",-0.294756787120207,1.14152603988824,-0.273826457169397,-0.477598964715152
"996",0.220572043141833,1.04882349009804,0.245986978310697,0.198799194875137
"997",-0.159095561622455,1.01909277341065,-0.128471060654193,-0.148476487674632
"998",0.0185721069745445,1.01083421692954,-0.137995369338713,0.052374537292773
"999",-0.411665836404943,1.02551447752456,-0.162575821039868,-0.158899484032142
"1000",-0.160824080713683,1.0849959369817,-0.300674460691401,-0.294637153045444
