"","t","","",""
"1",0.45778290373774,1.10751715178065,0.378830681980712,0.288238713358119
"2",-0.1389317675615,1.0130185408816,0.00497740403508752,-0.161807878729555
"3",-0.633903487830444,1.20674921114914,-0.503130626781531,-0.450669758252652
"4",0.208696149499562,1.00534388144346,0.0957126672104225,0.039438626893809
"5",-0.142415550731779,1.02242889422766,-0.212133168429111,0.018983219005556
"6",0.460323049527278,1.20344151577012,0.472839348700656,0.474019442849571
"7",0.20323468013968,1.02428700960751,0.136755960934314,0.1745327625394
"8",0.250255967667738,1.07465918277618,0.265340596096216,0.290666006248533
"9",-0.130795125031875,1.01117242016429,-0.058180368982432,-0.138147413895346
"10",-0.121726999897395,1.00740082525517,-0.11974772416742,0.0227355510496347
"11",0.168363802040002,1.02718008790851,0.214491284847681,0.0953541908892079
"12",0.0624345333666278,1.00595249514581,0.0842094044412595,0.0696361881046019
"13",0.145394889919586,1.04131474121903,0.18432686968615,0.224410328175351
"14",0.251136273690365,1.04340415510693,0.228140805333745,0.191426236018127
"15",0.440528680778113,1.09667595635878,0.355608492224834,0.276117282170161
"16",-0.584293449377056,1.17734803191342,-0.485954247572038,-0.387294277671502
"17",0.106021108990073,1.01110308217192,0.103842195298782,0.107453437604805
"18",0.0926504470027221,1.00134838387724,0.0169277437524135,-0.0491124972386561
"19",0.172833935675208,1.00642367193121,-0.0122077247728496,0.112869742975563
"20",-0.094590486672591,1.0076051333113,-0.101381133157284,-0.070639723350498
"21",0.386719203428888,1.05893664761307,0.222055066258338,0.268399648298971
"22",-0.232205272647411,1.02277961765766,-0.181993427614235,-0.113826792106153
"23",-0.211430409762463,1.02144567174337,-0.0173018480872529,-0.207489533172245
"24",0.159492451322586,1.01453038815639,0.0645973047144214,0.158426944414108
"25",-0.0692490803502957,1.00201682746936,-0.0475920010405657,-0.0421037286794067
"26",0.288665490602022,1.07999185467817,0.301588923271239,0.274638903892539
"27",-0.719942331459173,1.26818319831557,-0.517408429830367,-0.583589874167117
"28",0.22658813295171,1.00517295616893,0.0879218385105619,0.0514044951954881
"29",0.292474433964884,1.07271674906226,0.323922466825626,0.213998736454907
"30",-0.0714259828708117,1.01130905915636,0.0857898261054477,-0.124040795178511
"31",0.506226439350446,1.09244920142126,0.315345952617144,0.306597762310702
"32",0.348288147442259,1.05664267240406,0.182733421764895,0.288274580418211
"33",0.446326373193139,1.01467935348075,0.143122135599545,0.0953427746687637
"34",0.0732780428237801,1.00217231509756,-0.0206482553594884,0.062633846270333
"35",-0.437069934709964,1.10179262150206,-0.317088348007505,-0.336752075501035
"36",0.296851071470864,1.0735969897151,0.281194749246063,0.271182612498957
"37",-0.352317105860239,1.05656151784437,-0.312985330116004,-0.135508022352113
"38",0.204432827146207,1.02354642028674,0.146396000608362,0.161911968327455
"39",0.207190758101278,1.02491586759438,0.101366668809749,0.200442844973736
"40",0.0587679920588658,1.01215576276046,0.155577258903717,0.01596886349192
"41",0.167521847871937,1.03554616131843,0.258234290309641,0.0753054017293283
"42",-0.233960828510395,1.03541013532737,-0.195221672553559,-0.184289573508756
"43",-0.175309596491562,1.01595391316076,-0.0502864422392035,-0.172144205227997
"44",-0.0411020676275797,1.00784494137494,0.109586412386786,-0.0611738839314152
"45",-0.00177942221667806,1.01066117334421,-0.0514453259718027,0.137074380323774
"46",-0.329151882136098,1.03934218624035,-0.143619276910905,-0.244142752090784
"47",-0.210478942104454,1.0301236749299,-0.208828745814093,-0.132458825952794
"48",0.174691132768335,1.01074331443559,0.138257156183247,0.0498698951307918
"49",-0.0898213955689272,1.00172662090396,-0.054071140151086,-0.023076716196581
"50",0.0386584051789385,1.0200853610979,0.139685106622106,-0.145128270554751
"51",0.0642732747139378,1.00078497805335,-0.0193220609417224,-0.0346010152772464
"52",-0.375052690192998,1.06767749569424,-0.25543278000981,-0.273293486399487
"53",-0.0518509574323814,1.01107194185011,-0.132613873179537,0.068410761118991
"54",-0.383185342387513,1.0687415438057,-0.287664603474418,-0.243839216214498
"55",-0.00557432279730776,1.00314505487217,-0.0645724532783804,-0.0461562497620685
"56",0.163322887165801,1.00212141742231,-0.0178316241370081,0.0626846746592714
"57",0.0884323212343833,1.00979110138737,0.0947852704493978,0.103410932434446
"58",0.191883205675435,1.03518239866776,0.245236655906491,0.10705877409783
"59",-0.112826151147476,1.01830055623486,-0.158493535536771,-0.108700607271869
"60",0.163456401577676,1.01397761849944,0.11254018879104,0.124440012554919
"61",-0.142108830311339,1.01487085754333,-0.17074529303476,-0.0284412094890782
"62",0.0143844255848387,1.01059348066561,-0.0313660112992062,0.142531949046548
"63",0.0115344735682227,1.00947382902478,0.13625333577748,0.0217356843800071
"64",-0.139862339578313,1.01448441686853,-0.102964906316633,-0.136296955711775
"65",-0.0581570141642932,1.00807961982523,-0.127177758601104,-0.0070949012807603
"66",0.335134832908007,1.03805813571783,0.232466980278027,0.153374692209602
"67",0.43884934659002,1.07496715128515,0.297915905458985,0.258457906856546
"68",0.0987586247544742,1.00256556629519,-0.00857132505229618,-0.0711635237156996
"69",0.638438827343292,1.25800553637445,0.615499857411694,0.451373299027495
"70",0.542472642771329,1.18533570604169,0.497242809226679,0.397203127744119
"71",0.163300389760229,1.01254285188663,0.112804278146006,0.111884859291416
"72",0.119464404143216,1.00397733607564,0.0850760061796355,-0.027065929248022
"73",-0.112870729658047,1.00407845923934,-0.0870606336983449,-0.024372081743244
"74",-0.210591480237957,1.04541397052957,-0.168932573622222,-0.253677266123258
"75",-0.129776540536425,1.03328909145571,-0.142598143549754,-0.217605413483956
"76",0.0139436055182886,1.00107193358705,-0.0431034499058799,-0.0169442858195601
"77",-0.0354176222430008,1.00192025449246,0.0410025802462668,0.0465079001394091
"78",0.00648280340056735,1.00029732071298,0.0136579244893044,0.0202037354022478
"79",-0.257791334598969,1.03878028663669,-0.145683022065535,-0.240501436558823
"80",-0.109097049895603,1.00040226752973,-0.0150353497258877,-0.0240548360471145
"81",0.101469105333826,1.01669678039597,-0.00524223485149125,0.183425358773773
"82",-0.125599499290969,1.00470355904583,-0.049989144726405,-0.083248585386621
"83",0.0792757065995066,1.00370559756021,0.0780774107314021,0.036453319563119
"84",0.312833015976836,1.07647545313908,0.142753630279545,0.372049462105522
"85",-0.290170344540086,1.05240387515878,-0.268090218983418,-0.188895608563663
"86",-0.126491832923541,1.00719916275001,-0.0968811011813549,-0.0711632326289994
"87",0.178941842572539,1.01017816455895,0.123524874117846,0.0721216307764467
"88",0.259512145449001,1.06052752406135,0.0945127393568117,0.340273377434908
"89",0.267421062390643,1.04077687840856,0.247344643871915,0.148449108376406
"90",0.107483936962045,1.01330314233521,0.0161526744300453,0.162856837053788
"91",0.113562003453661,1.02237908373841,0.192602376810613,0.0903510670257626
"92",-0.0125108475432162,1.00956684583524,-0.100457176769671,0.0955697224291176
"93",0.427582084727087,1.13898197586652,0.365251573329886,0.404810115398376
"94",-0.0570038906952106,1.00359071578335,-0.0536872924722279,-0.0656658163243187
"95",-0.227908952476028,1.05473909551578,-0.253610672760602,-0.219445178282309
"96",-0.037979116748924,1.00487439345015,-0.0123740215096157,-0.0980786939324109
"97",0.139592434280544,1.00331610905533,0.0641735227128118,0.0502491161371344
"98",0.0800125897479113,1.01302433894533,0.0716025546328917,0.145228734986125
"99",0.0176005670823781,1.00129216041723,-0.0365695080646239,-0.0353364060554805
"100",0.221646581138951,1.04041549231301,0.176618892747309,0.226429157507702
"101",-0.101913510866489,1.01765404739572,-0.0847076788950056,-0.168654585816996
"102",0.18709545337085,1.0293173675491,0.234594120124043,0.0667820480475904
"103",0.192360113315234,1.0153896249559,0.077211553650546,0.158286027339614
"104",0.290358612229975,1.0190155932782,0.0986434322360553,0.169299298937739
"105",-0.305049674223527,1.04930296822826,-0.22050323582055,-0.22894331640234
"106",-0.00742489344752926,1.0077499148389,0.119585700249589,0.0354845199154274
"107",-0.277068535137296,1.03533438883382,-0.175783726460732,-0.202527475206385
"108",0.259074942726055,1.03823217836541,0.177946722897381,0.21508375113771
"109",-0.237582126779159,1.02238588911682,-0.0815580228397447,-0.196522759943147
"110",-0.113033316987766,1.00662292172483,-0.0111504773631361,-0.114740461025771
"111",0.331029269386152,1.04854744460025,0.0731373258256522,0.306761593340491
"112",0.0829925640423988,1.01237296461641,0.113945889214844,0.109157472567177
"113",-0.175139343599513,1.00525577019974,-0.065556178987906,-0.0790034867356338
"114",0.0261475173561859,1.01129732801296,0.145251350576165,-0.0403029875064777
"115",0.0703872170509348,1.01975410568799,0.147150951373547,0.135074178055544
"116",0.055819474609217,1.00224321858014,0.0317592045955404,0.059015439618332
"117",0.0292248349720463,1.01009620510138,0.112760579334269,0.0870597226529664
"118",0.241826132159648,1.06538049945798,0.227607990291782,0.288496466842612
"119",0.0333136969677243,1.00136017858939,0.0355096404964878,-0.0382265967147409
"120",-0.016999567139006,1.01395917716004,0.143150185307841,-0.0872996987016482
"121",-0.175714611384122,1.0015489102464,-0.0555990855856201,-0.00299354268348407
"122",0.108331174929654,1.00152785265726,0.0388689948688993,0.0393349829812939
"123",0.313899950585588,1.09771875292438,0.163703423248485,0.422122789882966
"124",-0.0115168589353116,1.00469916028325,0.0684877338679478,-0.0687737812214713
"125",0.348431157782862,1.03301901134904,0.20547943219791,0.157817872093647
"126",0.121136765721407,1.00112361605787,0.0229941721108454,0.0414700214339136
"127",-0.0780143868949532,1.00456464510045,0.0101855981242099,0.0951124585774045
"128",0.070641752030452,1.00369118825719,-0.0676325831294168,-0.0531209476983828
"129",0.163846005813485,1.00103440051145,0.0260837896125878,0.0372760905508596
"130",0.143854607119241,1.00975469601405,0.0920121214526016,0.105538218803486
"131",0.111353421697631,1.00341643535399,0.0313929751320536,0.0765442607310685
"132",0.11806458416758,1.00086944491621,0.0396182765274537,-0.0130398593501834
"133",0.239365074040763,1.03479871364913,0.0637961883968426,0.258337810078046
"134",0.100757302763141,1.01687692882227,0.166500101641005,-0.0794758109398642
"135",0.368260870192677,1.11480800969311,0.383290108107895,0.309653986737692
"136",-0.00887447610355977,1.00452997110556,0.0812751628743337,-0.0497474697757981
"137",-0.146553763466093,1.0010866207957,3.92558314676535e-05,-0.0466306851240664
"138",0.283372626355392,1.04496151862276,0.237671082477935,0.188300376941055
"139",-0.321853690805576,1.03022103797938,-0.156572837842105,-0.191938358712823
"140",0.386351008618246,1.06906269024423,0.297401948922367,0.233339058988021
"141",-0.183825376018233,1.04025632390091,-0.260725093522321,-0.118977497971754
"142",-0.138630251292811,1.00572829156176,-0.0970779563828168,-0.0454452069230849
"143",0.0833291578961536,1.0112436433657,0.0194327841468025,0.149117648679966
"144",-0.10521034260758,1.02406126154163,-0.042425738494681,-0.216567597076347
"145",0.203383512544395,1.02004564388974,0.0426578737130419,0.19665559089105
"146",0.269995467783292,1.02254094492977,0.109973412405838,0.183018667413142
"147",-0.133286780618623,1.02306435366774,-0.150112614421704,-0.155328280545023
"148",0.163605605224095,1.01826090159114,0.131602600073603,0.139771310944235
"149",-0.295436441058827,1.06536857828034,-0.269443279850776,-0.249820988970782
"150",0.0449698148831811,1.00265863483848,-0.0120638266902312,0.0719638944315878
"151",-0.0960309687382036,1.00555129259811,-0.0397202957925478,-0.0977532615716115
"152",-0.256159621824957,1.05452215707115,-0.123429742670121,-0.311098181252111
"153",-0.111721170092668,1.01015645978903,-0.0701535589329688,-0.124477112042935
"154",-0.00687440774886753,1.00412744838339,0.0909469524411533,-0.000764485847113455
"155",0.108260836483131,1.02726497300848,0.191086761678235,0.136964135018796
"156",0.109493811668174,1.01171979473025,0.0918413595892464,0.123053271869631
"157",0.168139264804916,1.0228826449894,0.168412558569361,0.133888444373057
"158",-0.328825091793152,1.08322724130102,-0.228586095728321,-0.348036856002767
"159",0.346951097727936,1.11842448740324,0.344695396255843,0.363398428482069
"160",0.0551222569948983,1.00817243604978,0.091614898136611,0.0895453586176647
"161",0.0486256006855209,1.0111951005507,0.108170881512364,0.103993229445821
"162",-0.0873325420423343,1.01424487051286,-0.0534443916898513,-0.160736910380139
"163",0.077166359558245,1.00729464751985,0.119735003849964,-0.0174938782206213
"164",0.192849993111544,1.0431646409518,0.159591487500133,0.250445653285472
"165",0.00208123252569608,1.01175720971808,0.0419788848520418,0.147954130199545
"166",0.00834345466687659,1.00110340607384,-0.0332271455784035,0.0332262915378878
"167",0.176464590794773,1.01847393395481,0.074072171902555,0.178332463379574
"168",0.159397935569563,1.01878399045282,0.0752259233062264,0.179615922639678
"169",-0.195078838602798,1.0060207708657,-0.0129139489000544,-0.109137625670673
"170",-0.484020398313379,1.11362492253894,-0.363226544996189,-0.328978639291372
"171",-0.24722003870894,1.02930178815793,-0.131865071126101,-0.205118926776683
"172",0.132958845905195,1.01287314649253,0.0376796326046506,0.156500019720293
"173",-0.349811077394351,1.05769167133031,-0.175807376032013,-0.2963164493143
"174",-0.147477959343285,1.00097931991718,-0.0382268985137119,0.0223227044032105
"175",-0.124587992833754,1.01165871403974,0.0116116201272196,-0.152704040452613
"176",0.00199061747980213,1.0048237246396,0.0906125350653494,-0.0382110728406554
"177",-0.330093051287608,1.06065527375917,-0.138507402835133,-0.32527728035171
"178",-0.417504855527322,1.08799468522109,-0.281931702442771,-0.32287296298552
"179",0.151757425517656,1.00961313682942,0.130224313513861,0.0485830652426925
"180",0.0649983175234359,1.00463495640949,0.0923109942810883,-0.0277502427868691
"181",-0.443602331659956,1.13222390774455,-0.339849785545007,-0.407962131249152
"182",-0.362941543245031,1.04961835673517,-0.291774305469481,-0.128710720078911
"183",0.0422883227310371,1.00168039786342,-0.0563676420104119,-0.013649483434005
"184",0.165679758441975,1.01943399986526,0.141746706992383,0.138396355219714
"185",-0.170554073881602,1.01325746522035,-0.0286277517201964,-0.160845089002485
"186",0.0944095999683455,1.00523318305962,0.0598335632487213,0.0831486442050369
"187",-0.232774618644685,1.02772646514134,-0.1832282304999,-0.150496188323112
"188",-0.0529620416856312,1.01748920805848,-0.186394175132278,0.0232701523896593
"189",-0.315543999269578,1.05423382277388,-0.28306780118334,-0.176865974720005
"190",0.631294687888539,1.14808512549838,0.45170929476836,0.337724989318986
"191",-0.691266580994719,1.30471664978542,-0.61409964545464,-0.570234304194131
"192",0.00882965775973877,1.00329739480594,-0.0312884840257891,0.0750112870956876
"193",0.292613446398121,1.08656505677522,0.299183061316063,0.301849496316442
"194",-0.14849875432809,1.04589776420258,-0.165796669721949,-0.257708357398558
"195",0.163086198708265,1.02810061280219,0.22499139099123,0.0798106761284173
"196",0.277705898124912,1.02997681579782,0.186725118541602,0.161201647592817
"197",0.0361766321020419,1.00333947523642,0.051212084368542,-0.0637763669576631
"198",0.241805372869431,1.010624226,0.0148658855227186,0.145397151367279
"199",-0.121633872921583,1.00703182895168,-0.0649249414217839,-0.0994879716505519
"200",-0.382908964986186,1.06276839461605,-0.15850465299706,-0.323037049845765
"201",0.0208759860567831,1.00612938942269,0.0311861364633228,-0.106413218880785
"202",0.136458112767771,1.02715101705815,0.0364634527524151,0.231753378523319
"203",0.13655607113121,1.00479130706019,0.0800591311958153,0.0565341158583927
"204",0.387801976157652,1.07847341370747,0.339549092541952,0.218657992828471
"205",0.624043150692361,1.21165864214901,0.536860351044561,0.424143405666875
"206",0.117369128551678,1.0063915167811,-0.021459077375458,0.11119079569444
"207",-0.183505941933897,1.00502829491771,-0.100268543125814,-0.00530026835480556
"208",-0.347163525791264,1.06449300212413,-0.170637035563867,-0.322534267427837
"209",-0.229853432400131,1.0127517905442,-0.0887828085694093,-0.133355922826885
"210",0.0252815052962162,1.00211273634772,-0.0338316477516281,0.0555459805992713
"211",-0.0723415328356384,1.00428008428319,-0.0527042643670519,-0.0761626431091969
"212",-0.092485135909544,1.01151589661126,0.054007023792059,-0.14229423909071
"213",0.223648793950323,1.03303691600902,0.230574111630249,0.118325182794465
"214",0.178686168790467,1.0223492932283,0.158867114678122,0.141277447734056
"215",-0.298068938790174,1.05494662657003,-0.203464577854048,-0.267422045594895
"216",-0.0296156645729699,1.01510843334848,-0.144967958923878,-0.097105212736766
"217",0.398769957241303,1.06912494811701,0.177332913629649,0.334037711089348
"218",0.0338262985055622,1.0061126880522,0.0712865248026,0.084740618602856
"219",-0.0504163056341968,1.00165545319544,-0.0412734120568898,-0.0401267039929203
"220",0.313920983809965,1.06154382370716,0.27842879932207,0.222154660898424
"221",0.203971956177906,1.03191656921092,0.171973532919104,0.187821483828042
"222",-0.029445882057848,1.0047275505832,-0.0313909657369443,-0.09215236389278
"223",0.243402397092863,1.07010152964419,0.150495141327007,0.349954991654363
"224",-0.24462963550342,1.07163691470392,-0.241384268248898,-0.300232096881846
"225",0.0621264154774242,1.00380620128789,0.0513857280162625,0.0706144227495653
"226",0.0583987203177023,1.00394788211677,0.0426394312666335,0.0780591372486616
"227",-0.358743562350407,1.06972806648368,-0.144820239869071,-0.351205401933375
"228",-0.222516688934544,1.02267049715566,-0.165118223239389,-0.13634851706887
"229",0.215808872893432,1.0111694279478,0.0968930823433812,0.114347464380636
"230",-0.143518407487522,1.02128154080237,-0.181931153024219,-0.0995843418562243
"231",-0.387112933568755,1.06944527921178,-0.289844915261413,-0.244342240158068
"232",0.995538336942879,1.49677709188841,0.701784375775476,0.864777631949026
"233",0.298949209852611,1.05720808769353,0.256295518885633,0.228038478515705
"234",0.126340106706008,1.00442110481773,0.0938647405293191,-0.00715306148677621
"235",0.0320700879279358,1.0031939097782,0.0450212815888374,0.06611433142794
"236",-0.254660737244862,1.02006795467243,-0.0726065164952274,-0.187794903850002
"237",0.0489755898791073,1.00797815412727,0.106997312222954,0.0676131228009205
"238",-0.0778598552797364,1.00468939388931,0.0166560244916216,-0.0955162553799559
"239",0.17463003686247,1.01561483863611,0.14545397608004,0.101570868364736
"240",-0.145688816674448,1.01999013390826,-0.0933000278712433,-0.177974655694061
"241",-0.0161318951023855,1.01818087099443,0.0015257087372056,0.19154623011647
"242",0.05662751124134,1.00250707246415,0.0690430192737976,0.0159214267638858
"243",-0.0602395838009257,1.02620107395187,-0.144137973899225,-0.179757861191675
"244",0.0019587085107869,1.00289716464442,-0.0474495444968309,0.0595924792139528
"245",0.00738805580219184,1.00810093503358,-0.12232511310209,-0.0361117975201741
"246",0.452692056259153,1.1055805521873,0.320573394864149,0.345747098151322
"247",0.37984441773119,1.08761001097059,0.238175424415521,0.355201355808143
"248",-0.0917958886016732,1.0099819933079,-0.1415015968517,0.00639725680333827
"249",-0.0220387880865517,1.02014732341577,0.152593642030849,-0.131968715550806
"250",-0.163028270646095,1.01269279132488,-0.148141367284995,-0.0600068737754313
"251",0.205686413576269,1.01467525354271,0.134774741371439,0.106778458690026
"252",0.0362869068327028,1.00103076608836,-0.0361547149363065,0.0274851094834885
"253",0.0354852557878253,1.00414409631421,-0.0676268869358763,-0.0610898545262906
"254",-0.557444719999768,1.18527230590529,-0.495908760292022,-0.398678994445009
"255",-0.382956668662441,1.06492371075771,-0.261752719203085,-0.256023482758461
"256",0.126311634344996,1.01131988901836,0.0774659060030097,0.129487263200849
"257",-0.589058229273412,1.19494329642258,-0.397739395179898,-0.519319607936384
"258",-0.11141169015453,1.00171644095316,-0.0521899359237035,-0.0266840526185587
"259",0.0141695984947233,1.00180181993646,0.0296026670174032,0.0522548422010955
"260",0.194071288439843,1.03132384062003,0.228565804248571,0.106707719305826
"261",0.0361686606213787,1.01186830934295,0.115272737507231,0.10290612926422
"262",-0.0596801391759718,1.0070707053307,0.0403887916456196,0.112072079683969
"263",-0.111155939943592,1.00993297278628,-0.134943705154007,-0.0418904041545867
"264",0.0832713687630042,1.00616314106031,0.0817323624731055,0.075392886620134
"265",-0.239535802900691,1.07349826249149,-0.234518749234624,-0.312088890910389
"266",0.572366516783904,1.21458820515686,0.525670763364086,0.445976183949744
"267",-0.0882276867104741,1.02278017792087,0.0430670224774151,-0.210296276530914
"268",-0.50245380334248,1.18932662063476,-0.435294699780629,-0.474358867202228
"269",0.260647588845197,1.05725206257318,0.24427936894116,0.241059149846965
"270",-0.00906524384554408,1.00066360096639,0.0189962266155232,0.0310931772804924
"271",-0.307777010003268,1.05765532558359,-0.260190213481283,-0.225689699684988
"272",-0.384451663226462,1.07047222874589,-0.224473216496949,-0.309067254156295
"273",0.144374371283687,1.02353924796437,0.115340264628438,0.185281449365297
"274",-0.421142024200404,1.11270226025706,-0.353031481255676,-0.336860643625223
"275",-0.157941882287952,1.02202689202956,-0.179004394329302,-0.111787274957409
"276",0.0402549304672053,1.00532732440337,0.0466762864421691,0.0922190515891436
"277",0.125853098606297,1.0085742539222,0.0714009696127787,0.110108706345519
"278",-0.0862672481435503,1.01694065726037,-0.179551678039836,-0.0439260207875294
"279",-0.0320720562913838,1.00599654954,-0.0568866367453962,0.0937708283325885
"280",0.227808341146606,1.0605762629999,0.189710370848565,0.298046950716399
"281",0.0605925541191118,1.00848279669354,0.118024107469504,0.0557481953326266
"282",0.17238768187514,1.03811586799103,0.173455252257103,0.218169271069953
"283",0.095841164825767,1.01517220976364,0.0317217959308695,0.171954479846604
"284",0.106565129965037,1.01687654185569,0.0325139327443781,0.181606017394457
"285",0.200949321418578,1.0395390610439,0.207096513528307,0.194300009059328
"286",0.181206710284851,1.00829149910961,0.0190769829615958,0.127623727800881
"287",0.0779544253466958,1.01244659642435,-0.13731520968874,0.0786933529555074
"288",-0.024175171748926,1.00292470880723,-0.0532297118521072,-0.0549960845170024
"289",-0.151406462767236,1.00941510301789,-0.13754064149814,0.00119253381352379
"290",-0.470209372751694,1.09803439629433,-0.317689750701488,-0.323655306992907
"291",0.19730961062747,1.01411675432567,0.140862461297638,0.0926852652863304
"292",0.0125391891637227,1.00670828047844,0.102146214679745,-0.0550246563864633
"293",0.292219987249958,1.07988510397634,0.293812075242833,0.282535488446135
"294",-0.225290272040559,1.02448477877739,-0.18837238922132,-0.118679842119929
"295",-0.0343658225530318,1.00990338605218,-0.0243651732703747,-0.138964698722966
"296",-0.168219991441385,1.00989670389942,-0.0428114869268278,-0.134382026826627
"297",-0.198997442340116,1.03802061747106,-0.111444490485097,-0.255082198194069
"298",-0.17817036013233,1.03346858189714,-0.195239478335858,-0.173028482821824
"299",0.0260178592023427,1.00319958377239,0.0250050264421456,0.0760536227521096
"300",0.133537897909578,1.02315718826807,0.138575106975705,0.166275589402912
"301",-0.257972552029794,1.01217499695831,-0.119191994188482,-0.101446995958134
"302",0.105115485033933,1.00069337481124,-0.00165522785335748,0.0372087437554878
"303",0.24051377507934,1.02771039318848,0.199894423438638,0.127400438561864
"304",-0.382085480539704,1.08186580586945,-0.280396523754016,-0.303003979142543
"305",-0.326360956463102,1.04847961402621,-0.104457183977747,-0.297318344109468
"306",0.0621369119951621,1.00748667948881,0.00029865904831365,0.122594127714854
"307",-0.0929719483653817,1.00078886959722,0.0397285451092165,-6.49090468802988e-05
"308",0.15891088397391,1.02191132009532,0.196343629012852,0.0758414496501299
"309",-0.391170078155085,1.09270609153328,-0.327004124103102,-0.295084573120155
"310",-0.291096588855991,1.08429816381373,-0.310478638277861,-0.281612363405698
"311",0.0315548963413786,1.0056021491161,0.0120606496363716,0.105310127895073
"312",0.143575548586074,1.02006842452485,0.201019446474976,0.0114355958088107
"313",-0.585157259282367,1.19535862221738,-0.464413025584337,-0.461738862753658
"314",0.140850730282352,1.03571681108786,0.121298832612984,0.240823391672665
"315",-0.518342202480426,1.15430309169355,-0.389065605269873,-0.425492164780127
"316",-0.498702455971626,1.09499031513056,-0.339959198476708,-0.288845172368863
"317",-0.473007488925652,1.12792117966819,-0.460211936814962,-0.245786819738394
"318",-0.373767254962181,1.12538152347405,-0.399297613486405,-0.327177305510071
"319",0.247994017224499,1.02517136738239,0.219048631842405,0.0547177246296899
"320",-0.541675911063429,1.23588306532857,-0.508926780331119,-0.518073820442351
"321",-0.204747003441636,1.02688925232679,-0.186390720799997,-0.140570394265419
"322",-0.396011549754493,1.09182450610413,-0.360033222652124,-0.249913646518657
"323",-0.0677972649177036,1.00063599447469,-0.0188166317272268,-0.0303039239833985
"324",0.301380113266162,1.1035966899159,0.228011443617555,0.407352961904999
"325",0.383567112656251,1.08965180360948,0.342762943045172,0.26430024211945
"326",0.0358313468882565,1.00205640581505,-0.0195452088448708,-0.0611148529098098
"327",-0.0597025229434975,1.00094794285603,0.0155504651374992,0.0406812898237339
"328",0.0538525037470605,1.00091111864028,0.0409453987889449,-0.0121054424023551
"329",0.0888631604860868,1.00991658772826,0.103595972873132,-0.0959134431305287
"330",-0.127921212071768,1.0149766730647,-0.161000884739324,-0.0652407999540246
"331",-0.455078808273797,1.09513972374874,-0.360971388406251,-0.262736886037214
"332",-0.205377422174159,1.01800126920114,-0.157685057600043,-0.107060761742116
"333",-0.0735149118914663,1.00648598391894,-0.00133295479725768,-0.114071289362374
"334",-0.582878497054439,1.17882218107043,-0.443518840014542,-0.439218366118487
"335",-0.0647953704809121,1.00535708868961,-0.0589140824653412,-0.0852760615044199
"336",-0.159721222724423,1.03557621047554,-0.132400846309786,-0.234282102601397
"337",0.281770365661902,1.04744521848296,0.216540404347675,0.224168996535551
"338",-0.186003557516684,1.01567189816045,-0.0193112782629772,-0.176681858844358
"339",0.0959935018189514,1.01337444077651,0.148875527652509,-0.069020536692341
"340",-0.346505774333477,1.06317462041623,-0.216668142298146,-0.288782252935103
"341",-0.288892912579956,1.02543262029464,-0.181347491787268,-0.136473975492771
"342",0.00471161928073397,1.00075677479654,-0.0201515411379757,0.0332872001067007
"343",-0.405964983915795,1.10924331914317,-0.409137586879376,-0.251052138143214
"344",-0.059063880162249,1.00443543428769,-0.0864218359648064,0.037706868355438
"345",0.600067518540163,1.1910563472818,0.425478087722363,0.487425501249566
"346",-0.180378931785085,1.02010275988176,-0.140130172066459,-0.144821184897116
"347",-0.422659621059542,1.10862189376436,-0.349752791642752,-0.326673366027552
"348",-0.398089728718939,1.07894329720549,-0.35160733811626,-0.201223553212455
"349",0.11199020511224,1.00612239377157,-0.083638327191887,0.0727110821895466
"350",-0.0944310089214971,1.02018595726534,-0.142198210555896,-0.143384295918715
"351",0.281718446898508,1.03540576195059,0.215207636683601,0.160470448972831
"352",-0.163742559084554,1.02826251276503,-0.143946593364036,-0.191319558374822
"353",0.230727477482374,1.02215986421459,0.142454917529608,0.156580281270729
"354",-0.0206318859186014,1.00324957535136,-0.0719926423070107,-0.0364248527289943
"355",0.155216420613217,1.0035271913536,0.0822986746352561,0.0171391930765519
"356",0.435931995551704,1.13000932773218,0.307583795296424,0.426981603389173
"357",0.117832648720454,1.02392438261709,0.182328164881153,0.123197327929045
"358",0.201367318875918,1.01078550006139,0.0375730483337474,0.142392391556776
"359",0.119281196700505,1.00380472693234,0.0866900827504244,-0.0104287757877787
"360",0.430620704719574,1.09843337725008,0.31143645610829,0.33100335053246
"361",0.203579923874996,1.01245180639939,0.0509353233413862,0.149880796359975
"362",0.55524423530487,1.21662171794458,0.431102074954047,0.542512124790535
"363",0.341503821862213,1.08748536087825,0.359984283047456,0.230294867687707
"364",-0.408554717960077,1.07821318532731,-0.182371765562821,-0.359561138249355
"365",-0.364475798052756,1.04622140777131,-0.219543075504813,-0.215360330787414
"366",-0.448467056537679,1.10149444312423,-0.203481457547726,-0.414590526505145
"367",-0.140203865944651,1.02385039850633,-0.212319256935655,-0.0564816045794178
"368",0.337241662978882,1.04686051418861,0.135487057521741,0.278496307715827
"369",-0.384999691139675,1.10423855776041,-0.30002283998679,-0.359623536397502
"370",0.0865498578256275,1.00088815316506,0.0399114182561009,0.0135710662420088
"371",-0.114282414503698,1.022365412372,-0.11958878002123,-0.175868019001758
"372",0.278359664488922,1.00663867581184,0.11538759908474,0.00266938526203782
"373",-0.131950823414653,1.01914545401031,-0.154353625959815,-0.121788400855521
"374",0.055197130605507,1.01588132939953,0.176943809732509,-0.026566211997669
"375",0.211703189289947,1.05837100658105,0.230339560798611,0.259022922349505
"376",0.178580891793418,1.01512810329898,0.160672295362787,0.0683335906434849
"377",0.0717131401701186,1.02070524011603,-0.0113569027917622,0.204230771333057
"378",0.342040933547901,1.05601035314331,0.286666153587772,0.181605017367527
"379",-0.158411112123208,1.01306662104435,-0.127825534500872,-0.0998229001971808
"380",-0.0684197632907982,1.00682629924871,-0.0946126164375137,-0.0689031905626325
"381",-0.282732683600518,1.09399578776294,-0.387753165209798,-0.21557891017637
"382",-0.368441960407492,1.07669252228755,-0.290184499874424,-0.27397033339865
"383",-0.565299547347708,1.14999897065767,-0.356344480628857,-0.442172187771959
"384",-0.0570718427361142,1.01024491590834,-0.140686943939767,0.0283191441173023
"385",-0.0407330751456037,1.0043094849901,-0.0905536263597023,0.0209184701683879
"386",-0.479429692982182,1.12782053457643,-0.406425363124455,-0.326798993911269
"387",-0.410831135057847,1.06266871822345,-0.307876194008898,-0.185679976985324
"388",0.087555308329044,1.01966630048276,0.0577087940143749,0.190759166053958
"389",0.172409652675507,1.0198985028922,0.0165418913950302,0.199798203272257
"390",0.116145223090232,1.00114678833498,-0.0364657322496525,0.0310667372756088
"391",0.240941918168487,1.03524889002608,0.181371098427304,0.197090813980508
"392",-0.41849440521451,1.09803334867197,-0.355611758836472,-0.281456056557702
"393",-0.233234247965446,1.01014837098344,-0.0458188890460339,-0.135278826159484
"394",-0.156140070678557,1.02743801921508,-0.164321449673705,-0.169196171663979
"395",-0.024736601711531,1.00613494802627,-0.0151480444326178,-0.109900274748031
"396",0.11552435105497,1.00639445030792,-0.0415778260851181,0.105361634329612
"397",0.0190204655309756,1.00403313027343,-0.0574158069689652,0.0691805738395367
"398",0.00392010303358406,1.00019335515247,-0.003973365171034,-0.0192603234754093
"399",0.211378531591325,1.01287908796882,0.148435929141759,0.0623764521624556
"400",0.310804780894378,1.01842134023272,0.179712505158275,0.0698959350115986
"401",0.12009749071877,1.00769709902562,0.0507897463193632,0.113462967762463
"402",-0.21140371498386,1.01751485253131,-0.122471497800999,-0.142608580906601
"403",0.0433857869265781,1.00955919945444,-0.117441777112499,0.0736016724793259
"404",-0.178322253558842,1.01506027001916,-0.173651705704218,0.0138721619582379
"405",0.0780231090804696,1.01048508955494,0.079591075472087,0.121430543596132
"406",0.361102956737608,1.03214153084455,0.216911813837179,0.135149564231606
"407",-0.216796665134165,1.05210692415135,-0.233016700884253,-0.229417080785711
"408",0.22866813867965,1.07603964347506,0.163406223126287,0.362159799775661
"409",-0.0951023825604834,1.01418855649784,-0.142130028922485,-0.0915285912142489
"410",0.157543418411727,1.01285789416393,0.0945098153606546,0.130188358045904
"411",0.338832255245241,1.04888909750759,0.235185231529518,0.211792931281224
"412",0.221012444754618,1.0205265264366,0.145323531625526,0.142672570302188
"413",0.119390460034477,1.00673371907112,0.0946023907133473,0.0675512308258244
"414",0.0167546844441312,1.00751630366914,0.011535551052978,0.122294861793241
"415",0.352564601758319,1.0392769116472,0.151625342571343,0.238969149835414
"416",0.241691382220528,1.04513438841761,0.14638347915183,0.266228786731388
"417",-0.258668565146925,1.04932390185715,-0.17901928633734,-0.262740834527083
"418",0.195637966789182,1.00695029064941,0.082466936114171,0.0845463913297434
"419",-0.0493963602339014,1.00345294514035,-0.0311664442707071,-0.0771133312881992
"420",-0.059217470357051,1.00033442224971,-0.0257997818132946,0.0018241699624025
"421",0.202015726107348,1.03926747502899,0.230335346277267,0.164385257576426
"422",0.0971603932010641,1.00174754593081,0.0356214637099344,0.0472150092825854
"423",0.0585262178230933,1.00404340238822,0.0409729072623208,0.0801521974108039
"424",0.426477545534282,1.09566648266806,0.306214681501121,0.326676613909467
"425",-0.288019651215832,1.06720624960178,-0.279258349824581,-0.246868291285758
"426",-0.468500419467605,1.19773525218584,-0.396682383524338,-0.526510038774302
"427",0.257469979353152,1.03467253644402,0.129839428693959,0.231708826823531
"428",0.0574478930577107,1.00473270929196,0.0777305833003884,0.0587007115881191
"429",-0.278759902827635,1.01164410287801,-0.0783996578738202,-0.131443084767233
"430",0.368249514300762,1.09662135060707,0.338402929606862,0.296752158948777
"431",0.100463970567148,1.00869774618757,0.0830145829112897,0.102857776506917
"432",0.046501638539273,1.0030376746108,-0.0657772957061054,0.0419276049666223
"433",-0.0843191525522228,1.0123466804601,0.0217507248352322,-0.15611760761594
"434",-0.382589687370504,1.04826196979531,-0.238248860036252,-0.205160030246074
"435",-0.779479924542023,1.35153141354395,-0.734634733708216,-0.535676180005751
"436",-0.267613214149139,1.0362656083773,-0.230723704527231,-0.143572223200774
"437",0.139270609698841,1.00362934109139,0.000781207748826238,0.0852715897236088
"438",-0.161800022751143,1.01413305014793,-0.109356632866057,-0.128479454585286
"439",0.184256964206341,1.02703042633258,0.21946958732652,0.0813916264219478
"440",0.149947889323002,1.01852846951436,0.147792590823966,0.124730081811884
"441",0.0111964369328129,1.01518630663445,0.0586643976918748,0.164808147922181
"442",-0.531598056218945,1.13956827590237,-0.42399663723665,-0.34473570609251
"443",-0.12392255311661,1.01017593149957,-0.044671197039475,-0.135867202576961
"444",-0.208280360473741,1.02014751326537,-0.137818106253223,-0.147333358104277
"445",-0.19457702922008,1.05439232768117,-0.055853316538189,-0.329580927398108
"446",0.131851908461062,1.0222886147795,-0.0079397944785844,0.212157893021733
"447",0.105233246637436,1.0039437019533,0.0677332055475089,0.0575775091328905
"448",0.405222087860085,1.09533738848024,0.395777784159257,0.207663044783365
"449",0.180564327990707,1.02512021457453,0.11621493032083,0.19330169243919
"450",0.184085032072954,1.0050166341398,0.0682769438893873,0.0734621932072859
"451",0.560975365184311,1.13788776081368,0.423104246381305,0.340251896252876
"452",0.104729941962625,1.00621592865694,0.0675660897350631,0.088911858606453
"453",-0.457671217829332,1.08527231587253,-0.272643577874188,-0.321685372753077
"454",0.291162153088874,1.07130164533345,0.308758330624776,0.228813261337608
"455",-0.347179591488314,1.0811207447013,-0.353398237713257,-0.2095990224325
"456",-0.051995778349462,1.00026799383393,-0.022002588000688,-0.00720733028428642
"457",0.0716605880672505,1.00005224399732,-0.0102134857367082,-0.000418847435027101
"458",-0.0696902280739485,1.0047771322951,-0.0802335531808442,0.056032691592825
"459",0.0720923089204801,1.00668623094857,0.00617855684637042,0.115667597090713
"460",-0.188545970082312,1.02825850668756,-0.15138907031181,-0.185464028764217
"461",-0.10276383087113,1.00183129506551,-0.0269661823897718,-0.0542104120992055
"462",0.134269562557452,1.00547818747721,0.0541506442686209,0.0897445999364744
"463",-0.199098266689907,1.00676428569264,-0.00572421144246256,-0.116368210219
"464",0.0875615658983716,1.01534950453821,0.104269903185747,0.141641814643945
"465",-0.0626322069846254,1.00667727189699,-0.0836777564636203,-0.0799822657042501
"466",0.216329149224266,1.02865551442573,0.163526370597142,0.177175882889821
"467",-0.63441384929248,1.24139311102282,-0.554147327698296,-0.483712306334813
"468",0.191451943751963,1.01313545746813,0.0915754199462692,0.134377816773556
"469",-0.00340866837131107,1.00348404497243,-0.00412254106815421,-0.0834459895343292
"470",0.144513413837176,1.02811236582196,0.114700185261511,0.20942517579555
"471",-0.144097810471132,1.00714379095579,-0.105523448717432,-0.0565987405477111
"472",-0.0195989740698683,1.00591654759614,0.0644061684911176,0.0878632243207014
"473",-0.0262902897847246,1.00246118625875,0.061663466489959,-0.0335566216377767
"474",-0.261703274160909,1.02741645698945,-0.192737661347948,-0.135782068001892
"475",-0.0827582022332556,1.01162786329213,0.0779562620734071,-0.131581742626173
"476",-0.173307700813645,1.0081929272409,-0.0539747033515651,-0.116360259266994
"477",-0.179703965521526,1.01238044670279,-0.147161489408967,-0.0570759572944259
"478",-0.15271804136057,1.01706660150237,-0.163707520210153,-0.0873173506138677
"479",0.365397168903098,1.09224574743851,0.367305614231012,0.241013191655341
"480",0.308955362805662,1.03501107519282,0.152384066277157,0.219150683586966
"481",0.0235407518064329,1.00140866867769,0.00210251747804805,0.0530556417647458
"482",0.0883637912195012,1.00141693859653,0.0532284873258398,-0.00161649158516037
"483",-0.0309058685822595,1.00001601675781,-0.00145080079694659,0.00547073570986843
"484",0.205995364912842,1.03539643289848,0.215533025220288,0.15997277361567
"485",-0.0705325293983529,1.00323876774554,-0.0457024707721084,-0.0663272890513758
"486",0.664694304941218,1.15697925127205,0.423588179594801,0.398966216591821
"487",-0.288645783099498,1.05894915413433,-0.249125982165365,-0.243535533448332
"488",0.0760699166272747,1.00049719004789,0.0160100578233567,0.0271717747342151
"489",-0.393818759840195,1.11961028738588,-0.246617539431303,-0.438984037141612
"490",-0.156512150360117,1.00329666636049,-0.07886059161295,-0.0196267119130975
"491",-0.362962459174004,1.09139419754814,-0.330705164756225,-0.285963963543144
"492",0.492771625974685,1.15911131555694,0.436409083771782,0.391262256617751
"493",0.212503737613434,1.05445150269044,0.328527174196732,0.0627524289604765
"494",-0.0874904500154913,1.01626873458483,-0.168601937206534,-0.0661477714277636
"495",-0.0124598040551451,1.00937045803551,-0.10824089486054,-0.0843364110843916
"496",-0.0913980068442214,1.00470329401791,-0.0830427419449016,-0.0503250635440854
"497",0.128898400794067,1.03834315845615,0.102797633843105,0.259979155297016
"498",0.51938193599403,1.12082137562527,0.334853488053982,0.379623099398085
"499",-0.128836002794229,1.01592354393232,-0.0654339331125678,-0.166790429921555
"500",0.0323459660155,1.0058282111384,0.063215900763743,0.0877162482810069
"501",-0.0671906875908657,1.00146162013182,-0.0524166944034932,-0.0133366691815247
"502",-0.0577511493092735,1.0038304400129,-0.0875671500497303,0.00274709458377066
"503",0.121290713261061,1.0265936190522,0.217092957922032,0.0822502662571157
"504",0.00480788542811322,1.00489480558243,-0.0195484814466003,0.0971155351099459
"505",0.15908512709135,1.01686973027569,0.0963572380930644,0.157287415319923
"506",0.258107527422497,1.02188840099581,0.100461832668199,0.184833233664086
"507",0.116081446326593,1.01295958041331,0.0528895469943359,0.152609984502446
"508",0.244318158044925,1.00318418953388,-0.0698057029579261,0.0388031179841327
"509",-0.095835592057208,1.00312938172631,-0.0767091458100267,-0.0196026383862011
"510",-0.0976615016204456,1.00151645924716,-0.0316028151154062,-0.0451273777185243
"511",0.167817924733668,1.01558923695047,0.137826738735988,0.111468777238457
"512",0.468885142014404,1.10287769513562,0.281993754997896,0.369890162845476
"513",0.0880110746458703,1.00899556975567,0.107721804442975,-0.080424328620906
"514",-0.0166053241885812,1.00414287622014,-0.0673535163162354,0.0613711634523901
"515",0.0844141409160657,1.01415735829805,0.0303960694667583,0.166106069579186
"516",0.0630969362893243,1.00876250625051,-0.112329678928054,0.0705962976985068
"517",-0.013284515702371,1.00361628496887,-0.0164162383156688,0.0835233774117706
"518",-0.395561049266075,1.06362073276899,-0.235607686512723,-0.275278188805722
"519",-0.429021664203613,1.1358278441577,-0.455562104709006,-0.287346585706241
"520",-0.286065837707947,1.07157806800137,-0.255992175236924,-0.287658759711944
"521",-0.114567076718662,1.00673512871245,-0.0987289765374838,-0.0613857359289448
"522",-0.247221236606674,1.05556889056311,-0.181899503286377,-0.28484777237817
"523",-0.0217127363325121,1.00944222678292,0.0487540277584525,-0.128828001574914
"524",-0.306606200164181,1.01844799128572,-0.1085647417129,-0.15953058581582
"525",-0.153557392649941,1.03420682929925,-0.0753872125312703,-0.252785549341691
"526",-0.211444151785697,1.02850183425055,-0.164110906440546,-0.175737399104494
"527",-0.414326193148473,1.12063000951081,-0.356684936266888,-0.358590957019962
"528",0.206074012858897,1.01820418896707,0.0516114166930542,0.184596944982934
"529",-0.0501127497478164,1.00558509235789,-0.0846531924655364,-0.0635233419919233
"530",-0.206184689009372,1.03444264674909,-0.15237607862001,-0.216455815532074
"531",-0.344574120457466,1.11283032871591,-0.37559653995992,-0.31195925964796
"532",0.38859456977681,1.00431773534723,0.0625697483756078,0.0688414128356692
"533",0.37578796416455,1.12798277832364,0.290912775775675,0.433260781845309
"534",-0.159857618035134,1.00353054985744,-0.0626458447343351,-0.0561165094664793
"535",0.0227187493751226,1.00111477852261,0.0464193960990343,0.00872005975710658
"536",0.00254148458834174,1.00267488450757,0.0307225110646408,0.0664308011102368
"537",-0.00653502292239557,1.00674607178695,-0.113086711974809,0.0273687528613853
"538",-0.120917159012845,1.00683475814589,0.0256461482075796,-0.114273817179653
"539",0.158014567749103,1.01228270233549,0.10813971282039,0.114114293402518
"540",0.308574471643414,1.0226134261998,0.163778112630222,0.137531630061477
"541",-0.368183114727878,1.04684953927945,-0.230403747523687,-0.206901114101987
"542",0.0366124301100717,1.00173811466353,0.0562849043165061,0.0176425597840513
"543",-0.356394783432982,1.10305848636507,-0.374276818413494,-0.276866190677502
"544",-0.157151104701518,1.01154642188622,-0.150189510346363,-0.0258703423390534
"545",0.0917673285385474,1.01348463294572,0.0836274246562318,0.14197730474441
"546",-0.0963955198013485,1.00327276183055,-0.0250652660203278,-0.0769932923729089
"547",0.380302276620229,1.09070656048571,0.311932340687988,0.303873355066674
"548",-0.0134040343126327,1.0072028367373,0.0689905779691534,-0.0984776852040251
"549",-0.203371896906349,1.00706223695505,-0.102135855841699,-0.0611769241821161
"550",-0.306296703263025,1.02764497119804,-0.170571487212471,-0.16419364962978
"551",-0.110351843117061,1.00554693867048,-0.04677752342937,-0.0945331115080493
"552",0.0892710040543911,1.0022427159904,0.0289082788238378,0.0604547200081057
"553",-0.11923918985418,1.00455997412788,-0.0355701907879138,-0.0887440316141113
"554",0.208987039193468,1.00838319880701,0.117117116455902,0.0558592576867223
"555",0.190595567006579,1.00783216674466,0.0336975207500286,0.120789707427983
"556",0.483324982490823,1.12105540414198,0.353976688996588,0.362582022172846
"557",0.0375914481497423,1.00519161868782,0.101787547706519,-0.0070345868490501
"558",-0.114519540366318,1.00142307497398,-0.0326951407544102,-0.0421805981630674
"559",-0.0159778386485438,1.00506748571751,-0.100118387205276,0.0117029650061723
"560",0.266571170459979,1.01735472630391,0.0822485870464606,0.168064895387964
"561",-0.0062798975257674,1.00346768419801,0.0274840875047473,-0.0786893777058988
"562",-0.0778232851663706,1.0037416820145,0.0837837361249576,0.0218552001647236
"563",0.332724540878693,1.06643692070936,0.347297457558786,0.129120803224182
"564",-0.345255188898344,1.06545122370194,-0.338824331007213,-0.142773886987385
"565",-0.152006312987373,1.0078605664006,-0.096923169429879,-0.0799300977917834
"566",-0.136519458919528,1.02053342789767,-0.200702228211103,-0.0347432446334524
"567",-0.302489623350087,1.05286186068649,-0.173986865412707,-0.279726059479761
"568",0.182337278581771,1.01828125002713,0.147077876841679,0.123550808579141
"569",-0.177728847572408,1.01357017619499,-0.131925366670804,-0.0996001993005789
"570",-0.198664318934112,1.04143510707674,-0.286639082174241,-0.049245495451458
"571",0.122173327554305,1.02426329546576,0.201769972636224,-0.0916742961835395
"572",0.0942352442720872,1.02626835766347,0.103062910755504,0.206409249714938
"573",0.467179295292624,1.14205172929846,0.376067767739263,0.403553201525166
"574",-0.121193424616629,1.01593425705144,-0.143228410973412,-0.10774060024289
"575",-0.290608800304586,1.04783853192944,-0.242298786723138,-0.198133507889339
"576",0.669957018827202,1.34442260906163,0.614455934598252,0.655679842753361
"577",-0.485308353053228,1.16623667751007,-0.401537388352168,-0.445954833727636
"578",0.205617429742548,1.01903383746593,0.0994568117288214,0.168932840209604
"579",0.152960138856335,1.01023494765499,0.079501854496948,0.119390554881977
"580",-0.12848203349004,1.01051269359271,-0.11604286501389,-0.0875782929233337
"581",0.388644735764974,1.08999421054428,0.334021350524,0.27661727425122
"582",-0.0998788120343454,1.00107855155842,-0.0348456575321292,-0.0307253403797849
"583",0.131179934841878,1.01959669482982,0.197159078194197,0.0265653532541253
"584",0.361423518714885,1.0783426788207,0.262830892865739,0.306174549434808
"585",0.144262615310892,1.0038457527746,0.0682250676681559,0.0552416102705644
"586",-0.329305541139023,1.05614958615524,-0.213324835272517,-0.264470155200625
"587",0.374378120027686,1.08679651029096,0.303526296415741,0.298326066854302
"588",0.103642413855883,1.01927380073792,0.0791113772060439,0.18072208184746
"589",-0.157845546948874,1.01092327492374,-0.086945659826977,-0.12002633052704
"590",-0.405518699014282,1.07188734298489,-0.238325416664121,-0.30355143192396
"591",0.371779735357588,1.06326786075947,0.255938487162362,0.255017714116219
"592",0.0213191310554157,1.00327750337175,-0.0315170568350143,0.0746486697826205
"593",0.160175134656383,1.03213133171287,0.191885741092707,0.168745217024643
"594",0.00828728435938966,1.00506398620443,-0.100188159797064,-0.0107679618130918
"595",-0.134248599846768,1.01045340022533,0.00712000420257853,-0.144794266347411
"596",0.288326772263608,1.04513757480073,0.202245025729901,0.226736630979339
"597",-0.240308745649884,1.02738646649929,-0.169806111114777,-0.163367182059232
"598",0.123897355870891,1.00739999329547,0.112569342897088,-0.0467214033546076
"599",0.129689443079798,1.0136482368632,0.0483694391586756,0.158565902549525
"600",-0.0856873033379231,1.00109352617931,0.00814599805843055,-0.0460639867331523
"601",0.0998926387691942,1.00526097250453,-0.0459964916693707,0.0918365155853896
"602",-0.18689811538647,1.01805393201086,-0.190612397199934,0.0100360608038602
"603",-0.0957807415551757,1.01079687631713,0.0674488061141403,-0.130999937886401
"604",0.0123695717293209,1.00830005528058,0.103766915805636,0.0768207567198427
"605",-0.0185873122997308,1.00334914108662,0.0700031201717861,0.0425330704920315
"606",-0.24420509653596,1.0319332737382,-0.173627545313631,-0.186386042815453
"607",0.0807896410032388,1.00262587077529,0.0419326873736667,0.0591632189585257
"608",0.242204765903523,1.06807665918585,0.304597811161462,0.219107104707402
"609",-0.19509286743134,1.06247924771642,-0.339615977799131,-0.116289034098654
"610",-0.218935779718983,1.03485148907849,-0.108648876799637,-0.243131705086238
"611",-0.053876487475897,1.00040346303809,-0.0209641174886795,-0.0191727576662712
"612",-0.373657124709195,1.07427009652667,-0.313302081548563,-0.23642767602114
"613",-0.078579796002948,1.0043687700872,-0.0934302632342084,-0.0052356698190597
"614",0.203264845841753,1.04337242250296,0.142972025885471,0.261122599278386
"615",-0.233823925650445,1.06339411814822,-0.144301802888138,-0.331638417852115
"616",-0.100751137665493,1.00153913993127,-0.0514511899307202,-0.0208188344768429
"617",0.158213252192245,1.00787092631417,0.0423025126077756,0.118382015257596
"618",0.212890530105405,1.02252505762142,0.0835171871034661,0.196423962188971
"619",-0.351370232721873,1.09172799482611,-0.331368713024961,-0.286469528423571
"620",0.175731583338249,1.00637481750155,0.0388178811417654,0.10622356332256
"621",-0.475713252807599,1.18832714535819,-0.475033798279746,-0.431815116556927
"622",0.215542344470778,1.02450958734406,0.119721766060429,0.187847260537025
"623",-0.166801865981804,1.0026448933413,-0.0295180845151568,-0.0665241672623292
"624",-0.105369798880336,1.00296574572338,-0.0767063540602665,-0.00751148062946536
"625",0.869014545577782,1.35952557328606,0.615250285951993,0.685402706483408
"626",0.378337671067243,1.04502353399229,0.158274817491672,0.258888525712729
"627",-0.176149237833859,1.03728704714978,-0.173667937908853,-0.214018376610981
"628",0.103804978342292,1.00199775520051,-0.0207064006267788,-0.0597557227379634
"629",0.0594230809354337,1.00205066710318,-0.052717959294593,-0.0364191736555267
"630",-0.414599455341783,1.09309825468332,-0.240306926577542,-0.370292283784825
"631",-0.0192067846827196,1.00088868159787,0.0115684630382843,-0.0405502603401554
"632",0.25061550170605,1.06121105261967,0.252791331463453,0.249530440906675
"633",0.137045482702609,1.00960575538762,0.118043795883377,0.0732764871241253
"634",-0.198789769260752,1.03564388544308,-0.240336425351348,-0.121641522947442
"635",0.327214678541078,1.03078051394445,0.197536004797219,0.153257935312764
"636",-0.134236348763044,1.01525482561513,-0.17503764812538,0.0102069914047371
"637",0.147547251463709,1.00000033416,0.000121851812299871,0.000808376298988586
"638",-0.124411304184139,1.02129940500469,-0.113298597746701,-0.173827219996083
"639",-0.263552548424509,1.04250898426696,-0.149829568025768,-0.253724422991835
"640",-0.0243510457481872,1.00239304386164,0.00113437258856242,0.0692136372475185
"641",-0.0788794694646298,1.00059809190541,0.0015951996613776,0.0345542596908326
"642",0.0113501545495011,1.00165979827351,-0.00133133093811995,0.0576244655962585
"643",0.00952283310721578,1.00358900214588,-0.0837119342512312,-0.0135350394194086
"644",-0.28914690433287,1.01308454944929,-0.107798280772174,-0.121325327097952
"645",-0.307204414738085,1.02757838328977,-0.184448022604045,-0.147973851615358
"646",-0.00172567841800897,1.01417036775422,-0.0661171631985766,0.155467216998637
"647",-0.137725435152277,1.02335173883704,-0.0877832739235487,-0.19885391170417
"648",0.112740124776673,1.0081954149962,0.111679927052335,0.0631315191718353
"649",0.103511253762849,1.00429906759144,0.0627820853744123,0.0683741685220801
"650",-0.0128425108058772,1.00107209416714,0.0401897735562438,0.0230243310800349
"651",0.113651708797526,1.03035154020203,0.200770139222316,0.145998793122933
"652",0.276496512278932,1.04185053742624,0.177576718900744,0.232204761449439
"653",-0.389438927454341,1.07724732391084,-0.237857478406084,-0.322312917580665
"654",0.243831617412533,1.06228043953657,0.187171708192229,0.305624743557199
"655",-0.0413874953916262,1.01048678085793,-0.0324661638624651,-0.141525554203774
"656",-0.434536843160971,1.15419505241649,-0.295340033405314,-0.494914622627838
"657",-0.0324640196715875,1.00151841931107,0.0492380680081469,0.0247942912414314
"658",0.234577198946184,1.06312017471368,0.240781941893258,0.268790926821138
"659",-0.486715533988365,1.12000597089425,-0.31002639600716,-0.397865566011421
"660",-0.0792658281367586,1.00208523145293,-0.0634965126125718,0.0119584272424641
"661",-0.00723108174404139,1.00276653431372,0.0398363520971597,-0.0628791490968839
"662",0.334863601567336,1.0346150403608,0.00976110818464715,0.265203700026566
"663",0.0734832115863196,1.0229104165355,0.117277378073039,0.180531816722575
"664",-0.353514616543547,1.04257196566422,-0.198616968925883,-0.217962389516276
"665",-0.210480734658864,1.04959415281473,-0.279049184420601,-0.154205830943784
"666",0.211873037369145,1.02622488727467,0.0293408530730251,0.228640839752796
"667",0.1730530356852,1.01311893363575,0.0499935905572184,0.154630574578363
"668",-0.104180058334819,1.00070877272062,-0.0111662896922091,0.0359633393126323
"669",-0.0629942692442588,1.00360487297975,-0.0513149296052113,-0.0677459893152947
"670",0.150344335508979,1.01619198813046,0.162154522433004,0.0796998594418748
"671",0.323822087443224,1.03461353179428,0.183592855726898,0.191621563238242
"672",0.0577063445176485,1.01591678909351,0.168147738213111,0.0617516031846622
"673",0.095559555929265,1.0162044745203,0.179275104835668,-0.0230644926506099
"674",-0.0992291910435009,1.00216700666305,-0.0273284015367234,-0.0599321926298133
"675",0.472791909123312,1.08240085276381,0.291421326216589,0.294389566204342
"676",0.213677160052794,1.036581948313,0.203949070448926,0.181402624654108
"677",-0.0455391952380182,1.00277663141918,0.0619696802893391,-0.041481697714023
"678",-0.353870796985378,1.06869363126707,-0.127720127377497,-0.354674000419369
"679",0.152912397957848,1.02701559212652,0.131409935405826,0.193629686121806
"680",-0.251414090827248,1.01432905044582,-0.0627287024805079,-0.157887721066062
"681",-0.527104232870712,1.17000686929819,-0.405694120085263,-0.452026940716137
"682",0.106253813840173,1.01275965085576,0.1361569922926,0.0845185414646682
"683",-0.189738862948196,1.03444026624421,-0.222708437208393,-0.143065077582176
"684",-0.0912345002630428,1.01352646612229,-0.159392601715637,0.0427772842598966
"685",0.206332897607815,1.04696228694757,0.28104015754056,0.13094449259159
"686",-0.0557051233223705,1.00193892386593,-0.0554063674850572,0.0284910793010202
"687",0.0651596192615371,1.00182134919863,-0.0281673482519876,0.0534098886219131
"688",-0.0771977733295821,1.01645932196194,-0.146918238443425,-0.107724576657342
"689",-0.492059486453558,1.07992462006677,-0.292303762721921,-0.284245836073214
"690",-0.410220433717562,1.10889742375737,-0.323942156385243,-0.353150075367697
"691",0.104898596720552,1.01352030259337,0.118628229065548,0.114676706604813
"692",-0.318015871562412,1.05816171109337,-0.221368344394119,-0.265898971273401
"693",0.100593508399236,1.02218713331058,0.172711960165456,0.122625912112888
"694",0.276134281153151,1.03599139118658,0.240696699087602,0.123867920225702
"695",-0.380251372121364,1.04876520968546,-0.185745780355764,-0.255747864363731
"696",-0.0389729264705088,1.00116640542677,0.0465782261875343,0.0128312197545032
"697",-0.381752195335152,1.07688316579238,-0.205486929396008,-0.342713400109201
"698",0.323803694518631,1.01551422966158,0.164367345115441,0.0652113985807499
"699",-0.246419417450334,1.01304122609298,-0.0593312160061858,-0.150772452958756
"700",0.193658267698789,1.02995360312628,0.21374671501828,0.122950259909041
"701",0.036526836826459,1.00552218360285,0.0622492440155011,-0.0848521852219046
"702",-0.0825782384133581,1.00494014713674,-0.050313551287602,0.0858676067212965
"703",-0.321932623757694,1.04767588399905,-0.299811345693972,-0.0879654188096125
"704",0.131138549477872,1.00862089464671,0.050375478297152,0.121566526249049
"705",0.2735407929899,1.05558762103568,0.195733678649506,0.275596721181683
"706",-0.274236666294422,1.06631936182426,-0.28954105693817,-0.230657663537188
"707",0.300799663420096,1.06535812330979,0.278327608355599,0.239836763923322
"708",0.221627620075344,1.03829197056142,0.156765483224857,0.231246187863898
"709",0.010283792395886,1.0029206891852,-0.0728937220209508,-0.023160614967184
"710",0.192610103241642,1.00727230421012,0.0887206921438118,0.0820130088112803
"711",0.0977541648786812,1.00438324034857,0.0880256544553167,0.0322052425982221
"712",0.1646008325715,1.05152543553324,0.308333687088816,0.103131367583222
"713",0.242927049546815,1.02701639350512,0.143716655256167,0.184684042435284
"714",-0.0120741465002696,1.00570100428967,-0.0952674083537683,0.0485657382813895
"715",0.344802474808614,1.06755054923481,0.269270393970648,0.259147892336484
"716",0.613151486533512,1.1647713647277,0.419230176618788,0.425368535627413
"717",0.205539289080505,1.03816557242994,0.182322760830078,0.211059628214582
"718",0.0922513401157534,1.00817944198519,0.083114765717657,0.0975588179575235
"719",0.00102260993941074,1.00028948707431,-0.0172717552927464,-0.0167554295825349
"720",0.182849306532703,1.00529116285015,0.0665422904665282,0.0786285297082305
"721",-0.298228772308962,1.04683465929075,-0.190161683047223,-0.244338572871822
"722",-0.413931679318656,1.06123876774535,-0.316377465034217,-0.161657111764978
"723",0.184522971215572,1.03320763406396,0.0420183448661802,0.256422451791486
"724",-0.298749508811668,1.03350829809484,-0.22351126308335,-0.134841082411022
"725",-0.453824140667436,1.13342945721081,-0.273515624930511,-0.458095554870456
"726",-0.0415168604027819,1.00646918486519,-0.11385896271375,-0.00404434085428298
"727",0.0444137064753454,1.00496199373221,-0.000875872540747,0.0997388675167357
"728",0.218611003807568,1.01897275607223,0.09428998990744,0.171507654116907
"729",-0.228038851359159,1.01230308793843,-0.144312830958355,-0.0627004678648655
"730",-0.044105602860996,1.01550522967782,0.0415865736566579,-0.171818009517329
"731",0.0978000386367495,1.00915716743592,0.0610532187716679,0.121122636467788
"732",0.202581159707152,1.03328887073638,0.139119112883426,0.219844860795518
"733",-0.359275121133267,1.08819483716304,-0.305170427123003,-0.301726720788629
"734",0.358576263476509,1.03243402813388,0.206821090335512,0.15213500268241
"735",-0.0443107120479233,1.0084786653715,-0.0671550156941044,-0.111890224669545
"736",0.187236585391361,1.04127184459863,0.113551001086296,0.267120243534875
"737",-0.216343218858162,1.02502806856824,-0.141187459973726,-0.17535290844156
"738",0.210532649225526,1.07275553913681,0.345784320628592,0.176741761777291
"739",-0.375376644906521,1.06187264941437,-0.257053598033333,-0.247985828854018
"740",-0.0659636272938106,1.01980819742207,-0.173062389072077,-0.100290423360907
"741",-0.0797106567890702,1.02720710295757,-0.180386076147801,-0.15038382858037
"742",-0.08698608877636,1.00370489963591,-0.00569029683993814,-0.0859717748740674
"743",0.294361638812763,1.02294406633102,0.113657416045635,0.183020639873418
"744",0.126948067159693,1.00263759026871,0.0726715826861204,0.000989186399226127
"745",0.000317583729874465,1.00168717184348,0.0467669905531944,-0.0344969394350851
"746",0.00950777744203103,1.00489482104745,-0.0971504550025814,0.0193749957618278
"747",0.279429338384617,1.07348044509317,0.212785444741034,0.327234809431695
"748",-0.0908963367373178,1.00390440940596,-0.0095158992153552,-0.0879403825717221
"749",0.661979064776796,1.30503747259987,0.634385935320762,0.54834048724953
"750",0.219173184898315,1.02305516282313,0.194322223936744,0.0942376753923228
"751",0.0335044831924164,1.01591038293457,0.179089740976347,0.000877969985092778
"752",-0.145925088901625,1.00009883570896,-0.00794660674354112,-0.0115988200983748
"753",-0.00570244280158294,1.01296556351264,-0.0237682306459021,-0.159794568350902
"754",-0.191545503883164,1.02606409061626,-0.184069911494061,-0.137571020693792
"755",0.120126854987906,1.00328861384924,0.0403149754232316,0.0704467560371163
"756",0.105973799509066,1.00879830438014,0.0480218845807896,0.123967405077081
"757",0.30921284310091,1.08812268790492,0.133727000597966,0.407588117153207
"758",-0.0365665663801154,1.00076508603904,0.0354475478815278,-0.016559854585848
"759",0.060659409350931,1.00965600371844,0.106032726435181,-0.0903454856061093
"760",-0.114052873123712,1.01000689546357,0.121562604303706,-0.0730510925234115
"761",-0.112260117202256,1.00361975923497,-0.0830157644941935,0.0190001045340481
"762",0.0578923923744236,1.00397929725466,0.05212411762371,-0.072508659330469
"763",-0.316096842620871,1.0390569473612,-0.208258785122313,-0.190440589893425
"764",-0.19068205504963,1.023863277775,-0.14411282960487,-0.165914146230641
"765",-0.117746178484184,1.01323163992728,-0.127702641265925,-0.101638533851257
"766",0.473361965789645,1.1498940461954,0.341810158917231,0.453235184795492
"767",0.403278665475619,1.08055427892068,0.315824510475154,0.260484986663186
"768",-0.128523887398054,1.00545119225363,-0.0477345950009038,-0.0930242357901817
"769",-0.544948835188354,1.14240450990624,-0.478931442459758,-0.275159476808525
"770",0.0475761178127126,1.00048707881043,-0.0212564510113701,-0.0228595309890389
"771",-0.105371764735052,1.01162872353163,-0.113805384714094,-0.102181254074887
"772",-0.122928260699698,1.00942819559265,-0.0930006906546592,-0.101469964005094
"773",0.039719299106579,1.00511233435644,-0.0652417892687941,-0.0774229527237018
"774",0.0386408802175787,1.0113735687029,-0.151247867695412,-0.000760255505630993
"775",0.194834836424827,1.01111134762651,0.135274189333062,0.0636164365504398
"776",-0.119444645689523,1.00948917025111,-0.128049516015355,-0.05168855098094
"777",-0.103964077176683,1.00659732314196,-0.0584673129126281,-0.0990946228477245
"778",-0.474243605648169,1.10892159633119,-0.366946895012108,-0.308313287178303
"779",-0.282781774715486,1.04805474161678,-0.14684393788605,-0.277228424465322
"780",0.483887170416769,1.13993985341368,0.409259768479338,0.363275806110245
"781",-0.111319426714541,1.02686286060836,-0.0403223482454403,-0.229829159874788
"782",-0.0905975044496356,1.00473001520884,-0.082608591469153,-0.0515579681236672
"783",0.0655179456778315,1.0192289758541,0.0527060516640608,0.189867789102247
"784",-0.0523038725305557,1.00130403494204,-0.0503887175451358,-0.00841115541189508
"785",-0.347773927020674,1.03537438318586,-0.169182445418097,-0.208272450218091
"786",0.0539681560935619,1.00122344930354,0.032307016983395,0.0374786884631982
"787",0.254970723089737,1.03646726932219,0.215902194814416,0.166284823873127
"788",0.305248153825124,1.07485761203621,0.306020250276488,0.248335443650103
"789",-0.530315235783188,1.11147888829789,-0.292259397465435,-0.387259297790325
"790",-0.227654544856247,1.00964270625403,-0.104426282562933,-0.0920518647396128
"791",-0.0896582986286761,1.00213920515918,0.0375217531824451,-0.0536200014470944
"792",-0.35960879048223,1.0797986485729,-0.270544553932611,-0.304582937469051
"793",-0.156630254889219,1.01453693752905,-0.170832577250792,0.0100711548833709
"794",-0.277906629659881,1.02036500898486,-0.158562609454662,-0.126501582771117
"795",-0.0905331755634841,1.00279845369041,0.0216478176754941,-0.0716666638944417
"796",0.166286809754346,1.01259081693989,0.113783335565637,0.111326165381501
"797",0.0412431236524267,1.00561829160415,0.0236415685513271,0.103485383727801
"798",-0.239234707883243,1.02825937014445,-0.15370424708071,-0.183554724044923
"799",-0.214624486242965,1.0598832645801,-0.170131560516169,-0.307258501352384
"800",-0.0773860263057471,1.00128245640508,-0.0499451655504652,-0.00848751687642894
"801",0.44415923946997,1.07666291119826,0.242432446555044,0.31690618991626
"802",0.0498382884991261,1.00466885683162,0.0545028533896805,0.0799309130420319
"803",0.226309827946622,1.03456616644676,0.150941624174162,0.218045359611259
"804",0.401491172254635,1.07968105674712,0.283811721810086,0.29182544587781
"805",0.136118446844039,1.00336687078157,0.0528277332007488,0.0628832886136326
"806",-0.0115033756574843,1.00462473190482,-0.0199602102148106,-0.094193640778032
"807",0.0802164884962762,1.00392786145311,0.0719993803769396,0.0518385978509183
"808",-0.304120128905165,1.09305816700179,-0.148511379337484,-0.415596591247559
"809",0.257012945772844,1.03211744084113,0.153650190998493,0.204102989920678
"810",-0.0190492923805923,1.02016818318178,-0.19804236634996,-0.0390172155198522
"811",-0.000756778074186917,1.00897080953301,0.132376632803195,0.0223275967669426
"812",-0.0857624177703486,1.00172346090534,-0.0575937507267887,-0.0115261444290269
"813",-0.176461543637762,1.0313375712435,-0.0894257130179288,-0.235924199076068
"814",-0.204998205109641,1.01903811074378,-0.157753894894244,-0.116414688909684
"815",0.27290615643607,1.0234713696638,0.145757496641556,0.162013569475748
"816",0.0847580313697905,1.00551108067818,-0.0804867842422394,0.0676343916135657
"817",-0.2337031326737,1.00993005868116,-0.0798361241812964,-0.116554350855875
"818",0.163813948352448,1.01747308356169,0.166969247711866,0.0858646964186816
"819",0.15050502104669,1.00601561954802,-0.0444176149772023,0.100471400181004
"820",0.0220456603682132,1.00275295154444,0.0573362804788441,0.0471808517509528
"821",-0.621578188158555,1.23010921649916,-0.461204670535625,-0.548141347092427
"822",0.11470756254199,1.01145916403735,0.0859948020606661,0.125118082360911
"823",0.192890819424119,1.01890392980809,0.171840087292379,0.0929311711845199
"824",-0.295005807302508,1.04788544744508,-0.119122509465199,-0.289609631583438
"825",0.12469437734739,1.01257022138762,0.0942205564217377,0.128144215587603
"826",0.000683713687443218,1.00076051508894,-0.0119255175555689,0.0371401479819293
"827",0.223779994242255,1.02004031031643,0.138049063432147,0.14637175532168
"828",0.176110301476152,1.02049217181674,0.187716047796353,0.0785299824205354
"829",-0.20087881264233,1.04641749283202,-0.137014760164546,-0.276073404734876
"830",-0.223293674567697,1.05173598242388,-0.288981163068882,-0.150460839145847
"831",-0.282617424578709,1.04956798228743,-0.285649880111447,-0.14141108667719
"832",0.399698613700869,1.09765521553564,0.330971043813262,0.308715306309464
"833",0.310254924077379,1.0422380904599,0.202912630599835,0.212336293526465
"834",0.520199565541407,1.24373524860965,0.534601676476016,0.510958331122153
"835",-0.197238996053641,1.03475414140719,-0.1080407271362,-0.242988342187865
"836",0.126688308158395,1.01776125744169,0.115205345213835,0.150218858947343
"837",-0.381423991587726,1.07028986606872,-0.347868889227119,-0.156549140263657
"838",0.129467803148623,1.0007015088798,0.0370201697643736,0.00574603384308243
"839",0.357019988247951,1.04876206405497,0.246773019453162,0.197496693316147
"840",0.0492646800925128,1.00198667923396,0.0591367967186454,-0.021912202905145
"841",0.151640245984756,1.03767438693908,0.247165815134888,0.125208598499065
"842",0.160920634019698,1.0136998101323,0.161790550140346,0.0375649164452183
"843",0.0756020753224122,1.02048541540091,0.203441393239162,0.00144310875733245
"844",0.307128440679927,1.06514289442146,0.230291077780974,0.285474000621765
"845",0.474592044291985,1.13319637851674,0.39948091867094,0.352915043461276
"846",-0.0365475050801345,1.00129441092347,0.0396126411264655,-0.0319583480417536
"847",0.161950981323516,1.01764402760381,0.144429105490559,0.121406756010103
"848",-0.190556834144857,1.01828586571883,-0.159125847867271,-0.107633957760889
"849",0.0700644965455005,1.01364291217087,0.107814863945727,0.125888476464686
"850",0.381841822319016,1.09368978827633,0.278577069271003,0.344314056431488
"851",0.132688094579957,1.01089268268882,-0.0266405296258201,0.145582616046901
"852",-0.192389970877772,1.01500506791933,-0.143877942354485,-0.0976443833805781
"853",-0.113568857917608,1.0136071915155,-0.16550244840537,0.00291174582668927
"854",-0.151610592590395,1.03829028676618,-0.0829800595326177,-0.266760246875296
"855",-0.218269675787775,1.01438646195995,-0.150910392847562,-0.0787778365926781
"856",-0.115869792254546,1.00781824522034,-0.101389083754293,-0.0736061756544286
"857",0.191020649424827,1.05798437071282,0.165116495379318,0.303426221059189
"858",0.208152729985836,1.00617531865552,0.00481762394293852,0.111200550228284
"859",0.579848975179186,1.21086954395883,0.444082293214379,0.518648213474713
"860",-0.420833265641702,1.1070804098374,-0.249097570770918,-0.40444707204005
"861",-0.0477792322349103,1.00122070215805,0.048101698773593,0.0113631423887195
"862",-0.0788441412475189,1.00980029056849,-0.139578177547758,-0.014647838906949
"863",-0.753034059890815,1.22403602733872,-0.391735948995982,-0.587202812056755
"864",-0.0752424690711987,1.02042769879478,0.127667712089277,0.158030515273164
"865",0.230177549966824,1.0174393831087,0.183564446622004,0.0385615383118747
"866",0.219894538829695,1.02496071748672,0.224708233446814,0.00711914405765172
"867",-0.0362464691671518,1.00303396477888,-0.0559322430187773,-0.0543021057688184
"868",0.175707754927574,1.01018753757982,0.143103129197481,0.000596234399502075
"869",-0.332027038383921,1.06609026449446,-0.156224955306027,-0.334876418085077
"870",0.108268395541585,1.01123435066935,0.149774726854528,0.0127453195062528
"871",0.0567400889137495,1.00477447503267,-0.033230610758462,0.0920188686400113
"872",-0.158211813770762,1.01485434653307,-0.0587158627537634,-0.162732271348208
"873",-0.146035733939433,1.0160316122422,-0.0719690415575273,-0.164744329592163
"874",-0.435187553190362,1.13874994530894,-0.474808714965429,-0.267035806838683
"875",-0.0401805960094912,1.00066506773068,-0.0352204408667903,0.00949201356921813
"876",-0.261099036874471,1.04827827760123,-0.226929638661894,-0.217693101377548
"877",-0.0127392103479718,1.00337435407251,-0.0764766087418564,-0.0301897784983756
"878",0.0382251114046567,1.00061148347763,0.0317003550567878,-0.0147793219256556
"879",0.451800848198545,1.14618086797783,0.438449655725183,0.348557716186129
"880",0.225699158241942,1.01351866139372,0.151826160541856,0.0645669727371993
"881",0.20214225183625,1.02338679226088,0.106670375243917,0.189583642805313
"882",-0.211996020815541,1.02923812897687,-0.194817666788553,-0.146209448555426
"883",0.186249842534847,1.02235528526494,0.12459907220981,0.172294516783353
"884",-0.0652045347244867,1.00714976963064,-0.0710484700316992,-0.0964508858082694
"885",0.152329874496465,1.00730230409205,0.0951483377840642,0.0748647156281619
"886",0.180198725781069,1.01150841479165,0.123809474467179,0.0884335186819679
"887",0.424926148337355,1.10706929246985,0.359268301126209,0.310690692064616
"888",0.0464970907136216,1.00138773982783,-0.0452174628342373,0.0270700301502189
"889",0.306315279489562,1.04992421515003,0.25778354329134,0.189442609691061
"890",0.324808580420128,1.03494280987909,0.26404754074448,0.037222519356031
"891",0.172585539054786,1.01622535494069,0.155182123474153,0.0929111434564555
"892",-0.432030134339711,1.06093494236904,-0.155087057285321,-0.318639226402174
"893",-0.162570594869655,1.02415118278586,-0.0436386806098696,-0.216751726074575
"894",-0.162027253616318,1.02739780532558,-0.182967117387719,-0.148557343617392
"895",-0.100865794367095,1.00612512274213,-0.0405957811747948,-0.103149140392272
"896",0.00351919064425592,1.00200016616651,-0.0618770380034336,-0.0132501005895556
"897",-0.0775502054511553,1.02286578689801,-0.212814534407507,-0.031054660703258
"898",0.0406453802438333,1.00759832976688,0.12350518292198,0.000929483948865995
"899",-0.261391355405175,1.02619219005802,-0.192019985731902,-0.127274255117045
"900",-0.259614826018964,1.05245634464083,-0.163019653469514,-0.284761215683274
"901",-0.243302389474664,1.02807651738231,-0.220475210888993,-0.0912798278722919
"902",-0.0353317787764117,1.00321979784104,-0.0261128585663211,-0.0759478860648591
"903",-0.299353359856555,1.03168871389664,-0.18576948548068,-0.17283315840993
"904",0.131292997707462,1.0016612182252,-0.0169575827585789,-0.0551147574010269
"905",0.123139027302799,1.02694335301691,0.205404078799064,0.111453195191155
"906",0.282743103409609,1.05641477776377,0.186652186986074,0.284909009634654
"907",0.072489344015881,1.00079354919791,-0.0352994190671104,0.0184845646328625
"908",0.143543501145192,1.01514931315981,0.140274201486121,0.104169460045999
"909",0.0532972148835461,1.00032781854235,0.0208897395395243,0.0148109193390319
"910",0.00251681886186508,1.00442672026888,-0.0922721334378732,0.0189443865278417
"911",0.194892714015622,1.0202713862544,0.0498534464636502,0.196133463450721
"912",-0.00797145652354775,1.00111407938197,-0.0326125977221911,0.034144083039719
"913",-0.22138836744649,1.00982888039298,-0.097334850429251,-0.101391787476356
"914",0.0681435669715614,1.00002951011676,-0.00767942461780921,0.000218041056047526
"915",0.152186421475065,1.03141431569902,0.191258395870159,0.165032471465646
"916",0.0254800448414956,1.00151035213969,0.00400918717411294,-0.0548353158208678
"917",0.273687316973432,1.04190791590707,0.232836944781702,0.177084901599589
"918",-0.149343133054019,1.03475287301891,-0.24550799306169,-0.102173056936289
"919",-0.0276346339216872,1.00241345533439,-0.0690289141572252,0.00823070141016146
"920",-0.126106368420841,1.00716511103452,-0.104940663357941,-0.0580432430104596
"921",-0.185648961554693,1.02554864872358,-0.215310909280277,-0.0734250859289126
"922",-0.149069363281716,1.03090528600615,-0.195831927453765,-0.156254807622577
"923",0.0905772851291084,1.00211611317224,0.0645515000259042,0.00835512560301837
"924",0.265921126052309,1.04708708546684,0.137032553888899,0.278591894580822
"925",0.0362821212688004,1.0114891094319,-0.012215459077577,0.151528878630018
"926",-0.226615145757131,1.03398225357791,-0.187490518501057,-0.18430031520932
"927",0.131071515735509,1.01935819278846,0.0405421500128391,0.193513460196658
"928",-0.105847431137545,1.01202338988555,-0.154946913941159,0.0135201899225234
"929",0.533925401567899,1.16792411030712,0.404376692454994,0.447801538670678
"930",0.448501281581839,1.10340099081979,0.351479334091698,0.306522469402413
"931",0.369731717420966,1.07404858915312,0.211445714730132,0.329956181309093
"932",-0.503470353880113,1.15353679705313,-0.468382889224149,-0.333563504055264
"933",-0.426970682186926,1.08846873921213,-0.398908441483306,-0.160113246033533
"934",-0.0488798988538423,1.00424261303595,0.0644057644150841,-0.0659933583580889
"935",-0.161524446758518,1.03155356337062,-0.137593952242039,-0.212533899435001
"936",0.192423991348269,1.02307901835003,0.110252060261734,0.185836382326244
"937",0.0932127030443541,1.00308298908317,-0.00919175892066122,0.0780448240178302
"938",0.287044828604864,1.03101133879036,0.124759890979062,0.217759845511488
"939",0.352155762906674,1.09489989334262,0.313142307462043,0.317407737333286
"940",0.444170661354959,1.09671241952043,0.369210227702293,0.257802131275849
"941",0.253293544797266,1.00888898227049,0.101145012850987,0.0873307787790296
"942",-0.334166638923135,1.03218642655806,-0.197150848000377,-0.162912130620836
"943",0.369619400304314,1.04021376986613,0.231149041945085,0.16915911866338
"944",0.014205581274098,1.00416864138172,0.0366836968555765,-0.0837195719018018
"945",0.276080537254266,1.09676862598475,0.353790782662611,0.278807282988558
"946",0.0473246016141251,1.00370549632096,0.0377393486039594,-0.0774626678591873
"947",-0.209801620990164,1.03142847150783,-0.113871762248583,-0.22556133001777
"948",-0.347752181916458,1.1206849497364,-0.377462766363968,-0.336833217742169
"949",0.143668918417536,1.01647818292521,0.152590016830774,0.0997205251015482
"950",-0.659119887186381,1.20703041576487,-0.466480854172402,-0.489201428117393
"951",-0.21840624010943,1.02662342668567,-0.163268385909141,-0.165224375872453
"952",-0.00249680219268194,1.00012224253083,-0.00181561308420008,-0.0155307293464076
"953",-0.431043152010785,1.06682733775935,-0.280974748649072,-0.243256570748451
"954",0.18440543738434,1.01861934183279,0.173333832890104,0.0868374684769837
"955",-0.567645756154464,1.22619201610761,-0.513197069158284,-0.490077165937574
"956",0.249642301618868,1.02267445567558,0.203460333330241,0.0668351333693081
"957",0.11869651901005,1.01822006979964,0.146280517895202,0.123992421651876
"958",0.145861744144428,1.00162990843737,-0.0509488927905482,0.0258202207516241
"959",-0.162170000447492,1.00554825991048,-0.0505841328056055,-0.0925664546004274
"960",-0.664208256900696,1.2279307653325,-0.417278952247592,-0.577661008257614
"961",-0.309411597621146,1.05506870443883,-0.293428692500664,-0.164528336476097
"962",-0.196720933738683,1.03547670943123,-0.164481112358904,-0.212504069259174
"963",0.22884125690325,1.02156495092051,0.191548759148787,0.0830904436008086
"964",-0.104215447740775,1.00787288523422,-0.121842789933245,-0.0310175326491328
"965",-0.401430633755531,1.06309223723319,-0.286478585235918,-0.219306007821712
"966",0.0911734826342298,1.00108649024554,0.00676971676026624,0.0461338475213427
"967",0.0370625106094244,1.01197797402765,-0.154638492528222,0.0136512470387241
"968",-0.0350952627844781,1.00633441995492,0.0475967202622194,-0.102193527223013
"969",0.28211763378832,1.03059966474848,0.0824596290510342,0.235236218632368
"970",0.0219334688048099,1.00074890046894,0.0167013010521189,0.0349203140443284
"971",0.0451896793311553,1.0064855902631,0.0190753661564275,0.11246943501795
"972",-0.0168069940918466,1.0002358880666,0.0217034633515367,-0.000889637524143331
"973",-0.282777995382366,1.03447414003416,-0.164761768102115,-0.207341038319189
"974",0.180516151441801,1.0489828684459,0.270681034858411,0.164611165055591
"975",-0.174366614454656,1.04504446390212,-0.180053701104949,-0.244332961859188
"976",0.0517893736070647,1.0052321544528,0.0959062232476975,0.0359677729109597
"977",-0.430693847919847,1.13615292840367,-0.386210980592209,-0.376410089118548
"978",-0.176834136889799,1.00872623791104,-0.0943317598087377,-0.0928985583394958
"979",-0.256555952511516,1.04272534043321,-0.220383920454729,-0.196741107007527
"980",-0.408592093530532,1.12391909273914,-0.324395142969471,-0.397444232869696
"981",-0.16491248020496,1.05661383111437,-0.296559776916778,-0.16877525534642
"982",0.183907797895415,1.00078232411433,0.0286714268276784,-0.0272618697697083
"983",0.0453660786297731,1.00883686650057,-0.0998333361523647,0.088233373523765
"984",0.305304285333583,1.04186999773906,0.179797743171643,0.230577240288756
"985",0.761752695159937,1.27135977548149,0.528747925266047,0.580328622626175
"986",-0.308952806875629,1.03320421573248,-0.192944053317093,-0.174021675939922
"987",-0.00150404263234199,1.0003523185137,-0.0256288789404752,0.00692255155263035
"988",-0.24208394444267,1.04737842418475,-0.0940990055086524,-0.296895504529809
"989",-0.336291300761273,1.05977078421576,-0.296698821878344,-0.187307031830868
"990",-0.115824901878186,1.00324559540202,-0.0785318943002305,-0.0182884190452594
"991",0.0056331426593653,1.00016391092821,-0.0179402795736835,0.00244848770442853
"992",-0.193996820131116,1.00738232416737,-0.119136151050639,-0.0250144869563682
"993",-0.101471198311541,1.00143138298813,0.00449099179268578,-0.0533352212542921
"994",0.0497662350864331,1.00131193198376,0.0485984332519175,0.0162412258930384
"995",0.0898039000124942,1.00814556753634,0.127228813028027,-0.0130504589442705
"996",0.264589176658372,1.02066123459124,0.183598016443503,0.0896723154341536
"997",-0.0202554089183433,1.00497256029897,0.0391388511817632,0.091858572175032
"998",-0.302822067131466,1.04802937085329,-0.268881088758419,-0.161457493722772
"999",-0.0308635018096018,1.00869752290552,-0.0703989766456226,-0.111869016277842
"1000",0.00459386014227418,1.01442626131799,-0.168454013759508,-0.0261511930875496
