"","t","","",""
"1",-0.16862243754902,1.01195154987866,-0.111686059810109,-0.107573990099481
"2",-0.16862243754902,1.00850137831531,0.0650910559853542,-0.113305712541745
"3",-0.16862243754902,1.10531551256557,-0.283586617402535,-0.37590026968369
"4",-0.16862243754902,1.0285609538129,-0.232662085785874,0.0616927025366036
"5",-0.16862243754902,1.01974339179722,0.0318959424869474,-0.197127456146934
"6",-0.16862243754902,1.00381424143104,-0.0448015757948244,0.0750722991926313
"7",-0.16862243754902,1.01326351538047,-0.151235841471017,-0.0618924216341063
"8",-0.16862243754902,1.03580090944108,-0.242808336118489,-0.118015405394092
"9",-0.16862243754902,1.01660914221836,0.0126368443684074,-0.182577266400736
"10",-0.16862243754902,1.00671430022042,-0.0607449606515361,-0.0989127495509328
"11",-0.16862243754902,1.03528008172139,-0.0196723931457849,-0.267241173019729
"12",-0.16862243754902,1.08729609671698,-0.388704730070406,-0.176412683095265
"13",-0.16862243754902,1.10681246361413,-0.0724934852577908,-0.468805422544112
"14",-0.16862243754902,1.00947912976913,-0.0649999352257569,-0.121750243778345
"15",-0.16862243754902,1.01090524785797,-0.137629666443089,0.0546579825968374
"16",-0.16862243754902,1.00001702915874,-0.00386702874466677,-0.00437089191861598
"17",-0.16862243754902,1.01042552397185,0.0546087591034391,-0.134080658273159
"18",-0.16862243754902,1.06244824617217,-0.0304075818087023,-0.357591463492733
"19",-0.16862243754902,1.1150505663522,-0.103173916847644,-0.48238253327073
"20",-0.16862243754902,1.01076525150783,-0.0351285377924988,0.142871898875371
"21",-0.16862243754902,1.04939272248664,-0.176429520946509,-0.264759721533533
"22",-0.16862243754902,1.0551720591229,-0.336661644277329,-0.00685650247150079
"23",-0.16862243754902,1.01604815017444,-0.0799541532205355,-0.161124724532572
"24",-0.16862243754902,1.06070595272273,-0.349961929354002,-0.0512227112154496
"25",-0.16862243754902,1.00822904285045,-0.115841463387594,-0.0557365069533233
"26",-0.16862243754902,1.04148532874402,-0.270504460376256,-0.10732672968833
"27",-0.16862243754902,1.00171482053517,-0.0479742947937021,-0.0336310677627006
"28",-0.16862243754902,1.02457171265894,0.0451115254353974,-0.218431098183743
"29",-0.16862243754902,1.08527202402421,-0.405562668118358,0.115474189143411
"30",-0.16862243754902,1.04858619920471,-0.0287676939561167,-0.314174214325485
"31",-0.16862243754902,1.02387007200414,-0.0001197361989659,0.219795154653144
"32",-0.16862243754902,1.00824343050234,0.029071059085478,-0.125338296919881
"33",-0.16862243754902,1.04739470174113,-0.10942515934477,-0.291653554303328
"34",-0.16862243754902,1.01697641075302,-0.177240939627073,-0.0531664306514415
"35",-0.16862243754902,1.032773647049,-0.247701282869371,-0.0725636307234363
"36",-0.16862243754902,1.00346030364441,0.0831255914188807,0.00476623975434296
"37",-0.16862243754902,1.00247193063338,0.040606183918644,0.0574552829196097
"38",-0.16862243754902,1.06026903188127,-0.204173317422222,-0.287199715214417
"39",-0.16862243754902,1.00400450164491,-0.0777714708416068,-0.0444593932299578
"40",-0.16862243754902,1.00556073897629,0.0344132177845294,0.0998405238981047
"41",-0.16862243754902,1.03985978570405,-0.205309628118311,-0.197879585926384
"42",-0.16862243754902,1.09387599407964,0.0651887006679706,-0.438537482695543
"43",-0.16862243754902,1.04726376920078,-0.21649279619943,-0.22336577955089
"44",-0.16862243754902,1.00037495017408,0.0180069326412252,0.0206347113534132
"45",-0.16862243754902,1.02184069924679,0.166594719385234,-0.128080498555077
"46",-0.16862243754902,1.0409884116751,-0.202072149971146,-0.206938926854946
"47",-0.16862243754902,1.085069314357,-0.390329555275543,0.158171600603799
"48",-0.16862243754902,1.00137670320963,-0.0410501416822898,-0.032713721874037
"49",-0.16862243754902,1.09243147783948,-0.363693815274216,-0.247251577357648
"50",-0.16862243754902,1.0227854587696,0.0866841766042659,-0.196407607278817
"51",-0.16862243754902,1.01973354771352,-0.0160753358919218,-0.198992693102939
"52",-0.16862243754902,1.05622482829212,-0.188621483498345,-0.282900731465287
"53",-0.16862243754902,1.09189615602482,-0.299077109071022,-0.320608949300382
"54",-0.16862243754902,1.04147951850092,-0.210711368111031,-0.200699543611044
"55",-0.16862243754902,1.06881793339036,-0.315705763259565,-0.206643765406899
"56",-0.16862243754902,1.00284277033541,-0.00709079081542856,-0.0751221851360306
"57",-0.16862243754902,1.04676608839398,-0.177211379470238,-0.253604753105887
"58",-0.16862243754902,1.00291766736799,0.0710451377500838,0.0282211963056161
"59",-0.16862243754902,1.02163849264757,-0.155432469381674,-0.139949837874544
"60",-0.16862243754902,1.02886685231276,-0.0661261969469463,-0.232796747969784
"61",-0.16862243754902,1.04976270350303,-0.014220134925835,-0.319060372701902
"62",-0.16862243754902,1.00505222912471,0.0201033085615044,0.0986196747785469
"63",-0.16862243754902,1.04532920185262,-0.300285261979005,0.0504172756507656
"64",-0.16862243754902,1.04857168487303,-0.31481649117815,-0.0198281416109796
"65",-0.16862243754902,1.02984768424901,0.138031787748815,-0.203797640624008
"66",-0.16862243754902,1.02710354678222,-0.1168105781634,-0.203216595389618
"67",-0.16862243754902,1.02177637407573,-0.0850757883399028,-0.191804767557238
"68",-0.16862243754902,1.0055540990054,-0.0952112451721263,-0.0455397059645735
"69",-0.16862243754902,1.01778587142886,-0.150694556890392,-0.114800830153012
"70",-0.16862243754902,1.00909267601934,-0.0723671209265593,0.114153530846284
"71",-0.16862243754902,1.0106832048161,-0.114623422145234,-0.0913346133349774
"72",-0.16862243754902,1.00556209407651,-0.000468613984397494,-0.105616785808268
"73",-0.16862243754902,1.07721500785515,-0.333182995132971,-0.222218957117965
"74",-0.16862243754902,1.06870911048807,-0.240661779115751,0.290208667880629
"75",-0.16862243754902,1.01035803640775,-0.144100533100127,0.00764186456155345
"76",-0.16862243754902,1.00332059508037,-0.0357332695995371,-0.0733167781354614
"77",-0.16862243754902,1.01277401650065,-0.0233384097469856,-0.158639613997703
"78",-0.16862243754902,1.05398696909858,-0.200403355656108,-0.265945532151579
"79",-0.16862243754902,1.01560743492561,-0.131091083645357,0.119472129238807
"80",-0.16862243754902,1.03612045419601,-0.15946132882528,-0.219357425706569
"81",-0.16862243754902,1.04446788896225,-0.247825304248036,-0.171743383126207
"82",-0.16862243754902,1.00456891737907,-0.0146116115505218,-0.0945791233415399
"83",-0.16862243754902,1.03303684894104,-0.24115786165941,-0.0949105738571691
"84",-0.16862243754902,1.05438763607808,-0.224265973869409,-0.247867020958282
"85",-0.16862243754902,1.00760325984311,-0.0551207062822331,-0.110571411248124
"86",-0.16862243754902,1.0045320892768,-0.0943902564576028,0.0132362333267902
"87",-0.16862243754902,1.01499727308714,0.0126177208256817,-0.173378941903285
"88",-0.16862243754902,1.0141960796742,-0.160884206879121,-0.0520572761811127
"89",-0.16862243754902,1.03508447950298,-0.103449173643943,-0.246369941714376
"90",-0.16862243754902,1.05620246192981,-0.113843312004091,-0.320317562582103
"91",-0.16862243754902,1.02558306362892,-0.156438821175748,-0.16537084274934
"92",-0.16862243754902,1.09550730831938,-0.230116898026883,-0.383643683414246
"93",-0.16862243754902,1.0422205461969,-0.258472563808698,-0.139339874670284
"94",-0.16862243754902,1.01824783194596,-0.0626067990979201,-0.181408478217959
"95",-0.16862243754902,1.10939511673597,-0.465158135938572,-0.11993929134258
"96",-0.16862243754902,1.02653004029162,-0.0827799100094064,-0.216590420194299
"97",-0.16862243754902,1.0037473737202,-0.0159648684740759,-0.0851699079769475
"98",-0.16862243754902,1.03118939787172,-0.0549692385958722,-0.245621572935323
"99",-0.16862243754902,1.00675972956352,-0.0851463626630557,-0.0794685472125186
"100",-0.16862243754902,1.02497701699945,0.222010086758996,-0.0359083103800965
"101",-0.16862243754902,1.00297256379679,-0.0755981584453722,0.0154558134300137
"102",-0.16862243754902,1.01269564266725,0.0661470393750874,-0.145523310363485
"103",-0.16862243754902,1.0505983625436,-0.100298579025007,-0.30609984388246
"104",-0.16862243754902,1.03535622002817,-0.133062569132459,0.232931009199895
"105",-0.16862243754902,1.04086497796997,-0.195124099351681,-0.212900183693256
"106",-0.16862243754902,1.011559379736,0.149606273201526,0.0295015550544774
"107",-0.16862243754902,1.03698346991895,-0.209455362779004,-0.177378600423669
"108",-0.16862243754902,1.02399339980846,-0.205439428615725,-0.0797315748078261
"109",-0.16862243754902,1.06148967819189,-0.320139300117961,-0.15579205829533
"110",-0.16862243754902,1.03070316334658,-0.242717695854849,0.0586270505104435
"111",-0.16862243754902,1.0251019145841,-0.0879440364439166,-0.207604869253901
"112",-0.16862243754902,1.05864357249558,-0.181568659911711,-0.296241515193397
"113",-0.16862243754902,1.00000009664294,-0.000279584872531902,-0.000339290722141623
"114",-0.16862243754902,1.01570522568415,0.128874481834784,-0.122672219405648
"115",-0.16862243754902,1.02047044806935,-0.2006751177473,-0.0330065523793145
"116",-0.16862243754902,1.00507420168348,-0.0162170090896312,-0.0995548065432956
"117",-0.16862243754902,1.01632139135967,0.180483671629187,-0.0182979455270058
"118",-0.16862243754902,1.01715347992526,-0.141107791007417,-0.121201456431317
"119",-0.16862243754902,1.00608107663294,-0.100486247788017,-0.0458437211009474
"120",-0.16862243754902,1.00610004240019,-0.10123917142368,-0.0445861580213188
"121",-0.16862243754902,1.03143331588347,-0.154510015027987,-0.199953345484447
"122",-0.16862243754902,1.02195393923361,-0.130613260304722,-0.165317966802379
"123",-0.16862243754902,1.01598013476281,-0.160322279758424,0.080699447617137
"124",-0.16862243754902,1.01808290084608,-0.167512560245882,-0.0918277471956588
"125",-0.16862243754902,1.01692530129884,-0.0877779251521701,0.162579532161087
"126",-0.16862243754902,1.04422234293267,-0.0327280744514824,-0.298879866539202
"127",-0.16862243754902,1.01505861197141,-0.0836692089266567,0.152785631572211
"128",-0.16862243754902,1.01428865328337,-0.098696868743387,-0.13798695691859
"129",-0.16862243754902,1.02090014002124,-0.187597312130165,-0.08393059261626
"130",-0.16862243754902,1.02492178242187,-0.204690717170805,-0.0925546886274365
"131",-0.16862243754902,1.01945473784908,-0.198107597154137,-0.00642981125234626
"132",-0.16862243754902,1.01732531698789,-0.094202577131329,0.161482739159073
"133",-0.16862243754902,1.00735505432918,0.00315747711050662,-0.121467015361548
"134",-0.16862243754902,1.02327421549133,-0.0926522190884281,-0.19622865842529
"135",-0.16862243754902,1.00445732872683,0.0421025082158547,0.08462803338717
"136",-0.16862243754902,1.00039882633165,-0.0154806676167215,0.0236254239301377
"137",-0.16862243754902,1.0799694841865,-0.256092616079078,-0.317412442673282
"138",-0.16862243754902,1.06189454912511,-0.229186505975288,-0.27403207648096
"139",-0.16862243754902,1.03167016728137,-0.0558850478385338,-0.247427151877992
"140",-0.16862243754902,1.00455595981134,-0.0444362416579666,-0.0846055365788702
"141",-0.16862243754902,1.00639540983769,-0.0719220043938983,-0.0875154056514584
"142",-0.16862243754902,1.01398088876994,-0.0638608259727113,-0.15517421724229
"143",-0.16862243754902,1.08494290149657,-0.322184909116079,-0.270736003970036
"144",-0.16862243754902,1.05520860116002,-0.00760662075397844,-0.336760050010078
"145",-0.16862243754902,1.0072820946667,-0.100462649899391,-0.0672642119654766
"146",-0.16862243754902,1.02411387072877,-0.167453214857264,-0.144113292423113
"147",-0.16862243754902,1.08802860462219,-0.109397273283019,-0.414534052973153
"148",-0.16862243754902,1.01235927204764,-0.0499205731829119,0.149596898610634
"149",-0.16862243754902,1.05185689809632,0.0625288198153335,-0.320145405660164
"150",-0.16862243754902,1.10746463911549,-0.165425527789632,-0.446220037253736
"151",-0.16862243754902,1.0162562020791,-0.0355100649620932,-0.1775266277228
"152",-0.16862243754902,1.11034882388996,-0.320016555120923,-0.361197889199748
"153",-0.16862243754902,1.01376574367501,-0.133073014286837,0.10006275989376
"154",-0.16862243754902,1.00769166171999,-0.00293807535146486,-0.124233058455596
"155",-0.16862243754902,1.05762892246884,-0.282469120261371,-0.196952110273969
"156",-0.16862243754902,1.01402052539404,-0.0517099108757297,-0.159886556775812
"157",-0.16862243754902,1.10180716840252,-0.38799879188735,-0.251864991289248
"158",-0.16862243754902,1.00526041155521,0.00789200923499883,-0.102402203249706
"159",-0.16862243754902,1.05437035021058,-0.296273813266076,-0.154656596936414
"160",-0.16862243754902,1.01042040746889,-0.128936525766489,-0.0657629998772679
"161",-0.16862243754902,1.1056568628433,-0.43985038034537,-0.170319526956018
"162",-0.16862243754902,1.04073739304819,-0.221026892398632,-0.185152461839806
"163",-0.16862243754902,1.01127115014716,-0.147153929485465,0.031860008740573
"164",-0.16862243754902,1.03466256524219,-0.265186599660436,-0.0142369685710014
"165",-0.16862243754902,1.08240497826693,-0.244397388711081,-0.334470407313165
"166",-0.16862243754902,1.06859117077413,-0.365692394853769,-0.0903114754753462
"167",-0.16862243754902,1.02877658290213,0.0497110930054519,-0.236453092092237
"168",-0.16862243754902,1.00137210528983,-0.0294646492073523,-0.0433350631668986
"169",-0.16862243754902,1.03479540278686,-0.0965756519416955,-0.247940858030427
"170",-0.16862243754902,1.02226402211823,0.0383134286505841,-0.208700292530646
"171",-0.16862243754902,1.0201058018941,0.0677392385072698,-0.189808436652501
"172",-0.16862243754902,1.00792577559785,0.0681866395317842,-0.106136474898582
"173",-0.16862243754902,1.04704834994086,-0.310303173862283,-0.00471035082171365
"174",-0.16862243754902,1.09482308276316,-0.444229868352281,0.036019531017967
"175",-0.16862243754902,1.00100155339377,-0.0194159407409245,0.0403377136423415
"176",-0.16862243754902,1.12647915207772,-0.0183063741794987,-0.518285786733665
"177",-0.16862243754902,1.03938724784803,-0.072461279827197,-0.273998565534401
"178",-0.16862243754902,1.02370562717645,-0.14807933763789,-0.161386867115827
"179",-0.16862243754902,1.01707199417285,0.0516482083639142,-0.178235529296285
"180",-0.16862243754902,1.08998698069127,-0.259092733259893,-0.347767988245588
"181",-0.16862243754902,1.03422506981408,-0.252219929941919,0.0775022707540226
"182",-0.16862243754902,1.03194546504105,-0.239447008587425,0.0870435115176534
"183",-0.16862243754902,1.02656984484111,-0.060568260739268,-0.22400252705745
"184",-0.16862243754902,1.01748301207229,0.0910721933635354,-0.16424839558322
"185",-0.16862243754902,1.06907200353899,-0.280748307705133,-0.253170567941008
"186",-0.16862243754902,1.02192577708678,0.00291164954023056,-0.210532221218937
"187",-0.16862243754902,1.0020681913879,-0.018335178786002,-0.0616804783565763
"188",-0.16862243754902,1.01696250648693,0.000740127407256558,-0.184965380035274
"189",-0.16862243754902,1.00061760692115,0.00859585814867063,-0.0340838158558573
"190",-0.16862243754902,1.09399580172074,-0.23326241406699,-0.377379729670596
"191",-0.16862243754902,1.00982531295023,0.0828497239225771,-0.113503682411522
"192",-0.16862243754902,1.04504975381515,-0.278671635365971,-0.120295916770146
"193",-0.16862243754902,1.03118072776377,-0.153525063326821,-0.199408495912063
"194",-0.16862243754902,1.0064539143235,0.00548053877518522,-0.113663738069067
"195",-0.16862243754902,1.06227099269032,-0.257282099756097,-0.249450562349271
"196",-0.16862243754902,1.02362909215208,-0.185963907658844,-0.115038877551683
"197",-0.16862243754902,1.02282491340102,-0.153122141720776,0.15074618797388
"198",-0.16862243754902,1.04317935549583,-0.24989891322625,-0.160541897649919
"199",-0.16862243754902,1.01996133417951,-0.172332969659711,-0.103065371437345
"200",-0.16862243754902,1.05463935826026,-0.183122709940786,-0.280589110792892
"201",-0.16862243754902,1.01809700759827,-0.191025503646134,0.00554741717240161
"202",-0.16862243754902,1.03616768759399,-0.232482833721439,-0.139982887663875
"203",-0.16862243754902,1.00516839939925,0.0105413053877042,-0.101254096369328
"204",-0.16862243754902,1.00663696788645,0.092879467528244,-0.0684937196194281
"205",-0.16862243754902,1.00759285508862,-0.122055144907996,0.0185984737850691
"206",-0.16862243754902,1.03933050057837,-0.196748003052338,-0.203710855693555
"207",-0.16862243754902,1.01860150908101,0.0316382108959528,-0.191175463680379
"208",-0.16862243754902,1.03219720333329,-0.152880031915094,-0.205082330810601
"209",-0.16862243754902,1.02410209655954,-0.102614570760014,0.195589759561632
"210",-0.16862243754902,1.0056435097072,-0.0460723924486932,0.0958968366019966
"211",-0.16862243754902,1.01619366642383,0.0734487157341829,-0.165090441385658
"212",-0.16862243754902,1.01595675566221,-0.163517146465018,0.0736903805637315
"213",-0.16862243754902,1.00303381679035,-0.0655811625586636,0.0421420068633155
"214",-0.16862243754902,1.01035301475169,0.0233990184271064,0.142357649441372
"215",-0.16862243754902,1.00388820519863,0.0631333824212993,-0.0616903927768979
"216",-0.16862243754902,1.00008259955536,-0.00256446546101424,0.0125948183915142
"217",-0.16862243754902,1.04409462647345,-0.298335284660852,-0.0336102210205855
"218",-0.16862243754902,1.01285090188474,-0.0695210686715492,-0.145030239810523
"219",-0.16862243754902,1.01751031048518,-0.187947141401285,0.00176181234496198
"220",-0.16862243754902,1.00423681115758,-0.0860115577524085,-0.0330693939608916
"221",-0.16862243754902,1.03262599932696,-0.00102019263312494,-0.257517792963894
"222",-0.16862243754902,1.03825252710606,-0.14836902337778,-0.236547971760565
"223",-0.16862243754902,1.0438105746699,0.19986258082027,0.222700391963227
"224",-0.16862243754902,1.08439605734981,-0.41775478520888,-0.037359719363294
"225",-0.16862243754902,1.01045192801982,-0.0800398788995422,-0.120858250130955
"226",-0.16862243754902,1.0358877418444,-0.180132691460901,-0.201533191237916
"227",-0.16862243754902,1.03396915031154,-0.114481298709464,-0.236614107867124
"228",-0.16862243754902,1.00622334257008,-0.0830843833483092,-0.0747154627672918
"229",-0.16862243754902,1.03212043073282,-0.254385960322419,0.0236720663850966
"230",-0.16862243754902,1.09046212860246,-0.206250836542191,0.382842325692771
"231",-0.16862243754902,1.01117421059655,0.149538247043918,-0.01056394086421
"232",-0.16862243754902,1.02690295674979,-0.223023006041692,0.0692128698840152
"233",-0.16862243754902,1.02453814267533,0.070632925208779,-0.211398665258494
"234",-0.16862243754902,1.13387965362296,-0.283588276039601,-0.453057125088008
"235",-0.16862243754902,1.04965338889231,-0.136068003586775,-0.288544165099578
"236",-0.16862243754902,1.03237487139741,-0.256510950167423,8.6816002255187e-05
"237",-0.16862243754902,1.0493700283093,-0.149733531367002,-0.280637356562224
"238",-0.16862243754902,1.10325028637111,-0.459114343070021,-0.0798449395098116
"239",-0.16862243754902,1.06435836243522,-0.0837334829202698,-0.354749809758695
"240",-0.16862243754902,1.02160406586724,0.11335203071288,-0.175573872001883
"241",-0.16862243754902,1.0779377647394,0.201718066552879,-0.348223557901445
"242",-0.16862243754902,1.07536890177392,-0.31519420343448,-0.238895142319279
"243",-0.16862243754902,1.01216381362843,-0.138219233413889,-0.0732873054035871
"244",-0.16862243754902,1.03458022440441,0.247120166617242,-0.0963735647350843
"245",-0.16862243754902,1.07427529068162,-0.211933142915184,-0.330381208762213
"246",-0.16862243754902,1.06499186137516,-0.335658410471585,-0.146768853218289
"247",-0.16862243754902,1.03164314996839,0.159108909882101,-0.197413129433753
"248",-0.16862243754902,1.02064554910956,-0.0589119299178835,-0.195567690149767
"249",-0.16862243754902,1.02592724296837,-0.22647702777032,-0.0351406282953896
"250",-0.16862243754902,1.00028356676052,0.00357447583317461,0.0235464870771026
"251",-0.16862243754902,1.00111068641514,0.0352941157456764,-0.0312559090145
"252",-0.16862243754902,1.01007383721824,-0.139792545865449,-0.0265932463839788
"253",-0.16862243754902,1.01836623204881,-0.185565179177281,-0.0513356294808714
"254",-0.16862243754902,1.01227713298352,0.00616902274254081,-0.157057114196513
"255",-0.16862243754902,1.02582516978546,-0.00128734453857911,-0.228726084453443
"256",-0.16862243754902,1.02183451852223,-0.183393147437954,0.102531637636205
"257",-0.16862243754902,1.00224586752096,-0.064728310805963,-0.0175221215338202
"258",-0.16862243754902,1.00568945474999,-0.0964125213370769,0.0459989687359147
"259",-0.16862243754902,1.05944140650447,-0.341061249448934,-0.0780597075353186
"260",-0.16862243754902,1.0491624969531,-0.167777190418796,-0.269430435155417
"261",-0.16862243754902,1.01198526997935,0.15222601199798,-0.0306826975081078
"262",-0.16862243754902,1.02645522123004,-0.220077308786974,0.0719465033723054
"263",-0.16862243754902,1.09273535449483,-0.0455708043876209,-0.438171035955599
"264",-0.16862243754902,1.09376679758262,-0.428017504246862,-0.114572350732766
"265",-0.16862243754902,1.03506802693766,-0.244142288560155,-0.10844520886253
"266",-0.16862243754902,1.01942995550661,0.197739244155093,0.0116886913377604
"267",-0.16862243754902,1.03114231651875,-0.196397343254535,-0.15710684414823
"268",-0.16862243754902,1.01955978846521,0.141721025917984,-0.139346019203921
"269",-0.16862243754902,1.01851022972176,0.0368009207236636,-0.189759796273508
"270",-0.16862243754902,1.05299868155756,-0.162400117614087,-0.287110475533169
"271",-0.16862243754902,1.05122124749612,-0.29459336566296,-0.135206730951805
"272",-0.16862243754902,1.03196094488784,-0.183455005093804,-0.176883161662793
"273",-0.16862243754902,1.02950850675443,-0.0953277691627725,-0.225389400607436
"274",-0.16862243754902,1.00348269256557,-0.0256445938504095,-0.0794976042713676
"275",-0.16862243754902,1.11463171836356,-0.476889287169252,-0.122394752196748
"276",-0.16862243754902,1.11082177433221,-0.224661248393695,-0.428313364023064
"277",-0.16862243754902,1.01763994830505,-0.0693022912483711,-0.175465828052139
"278",-0.16862243754902,1.04215683797879,0.145231480566561,-0.254948410464519
"279",-0.16862243754902,1.03757093800407,-0.198629903794584,-0.192612597483141
"280",-0.16862243754902,1.01059975938667,0.132860433148095,0.060497760091631
"281",-0.16862243754902,1.00280132221494,-0.0720650697241427,0.0204234561640354
"282",-0.16862243754902,1.03342569556471,-0.214667920780195,-0.147940366503901
"283",-0.16862243754902,1.03732998802519,-0.205072262850835,-0.18438782786716
"284",-0.16862243754902,1.00286155312625,0.0230650864651954,-0.0721061476238811
"285",-0.16862243754902,1.06438150672204,-0.302731102326626,0.203130183714728
"286",-0.16862243754902,1.07637568178428,-0.383789518838179,-0.106255416645633
"287",-0.16862243754902,1.0247327333472,-0.116961343967958,-0.190780551447017
"288",-0.16862243754902,1.04993736988788,-0.0740624251436934,-0.311260723299462
"289",-0.16862243754902,1.05619614738796,-0.329690457439689,0.0827919321575748
"290",-0.16862243754902,1.02259901785199,-0.21290828027323,0.0194631832689357
"291",-0.16862243754902,1.01730003639003,0.169707897143202,-0.0780934932398216
"292",-0.16862243754902,1.04080266100637,0.0575498728430587,-0.282768794766468
"293",-0.16862243754902,1.02503259397372,0.0394861427470259,0.221658889376132
"294",-0.16862243754902,1.02113607897399,0.0701476860839021,-0.194417576158787
"295",-0.16862243754902,1.01413418464953,-0.128044240648878,-0.10987637103317
"296",-0.16862243754902,1.01378307036192,0.0819137181771136,-0.145073279851404
"297",-0.16862243754902,1.01725953888928,-0.1696545226526,-0.0776808367923423
"298",-0.16862243754902,1.03301002203729,-0.256920848783658,0.0331870922160823
"299",-0.16862243754902,1.00627735332994,-0.110083931758971,0.0218091676411283
"300",-0.16862243754902,1.00678728859459,-0.0987589549315781,-0.0621877262525609
"301",-0.16862243754902,1.00029363728825,-0.0203189417260327,0.0132098980498327
"302",-0.16862243754902,1.00415550361865,-0.00339620015310943,-0.0911961691747747
"303",-0.16862243754902,1.02519033197224,-0.156856443342158,-0.162515454500209
"304",-0.16862243754902,1.05338906161766,-0.263325779136126,0.200718831149666
"305",-0.16862243754902,1.02767349659453,-0.232493690011387,-0.0453817111590086
"306",-0.16862243754902,1.06289752104466,-0.165877220758572,0.319743471983855
"307",-0.16862243754902,1.00634306695518,-0.0823779503590017,-0.0770729635047114
"308",-0.16862243754902,1.03803510424725,-0.247198469703871,-0.128100719067701
"309",-0.16862243754902,1.00001266775896,-0.000174698586901513,0.00503042332247011
"310",-0.16862243754902,1.0260306199676,-0.229601391002858,-0.00469407718781976
"311",-0.16862243754902,1.03662752476972,-0.204438045969218,-0.181112424947851
"312",-0.16862243754902,1.03018496790257,0.223484339245549,-0.106469799494543
"313",-0.16862243754902,1.03223532207973,0.0210399578132133,-0.255082497095091
"314",-0.16862243754902,1.0226806968741,-0.162874491677252,-0.139096037757249
"315",-0.16862243754902,1.06184739456412,-0.267912233742009,-0.236099395073317
"316",-0.16862243754902,1.04620911845948,-0.28104652862597,-0.124765252755119
"317",-0.16862243754902,1.03770242274371,-0.214333955425909,-0.175747755944833
"318",-0.16862243754902,1.01389352761295,-0.13081421444524,0.104248389121908
"319",-0.16862243754902,1.03797227154725,-0.261726092068933,-0.0942649947291059
"320",-0.16862243754902,1.00001361099389,0.00179971890333427,-0.00489726300080499
"321",-0.16862243754902,1.05046227533951,0.0181543945469191,-0.321156363583375
"322",-0.16862243754902,1.01593263962314,-0.143336425357345,0.107581584936406
"323",-0.16862243754902,1.00606534271156,-0.0288571224345506,-0.106464737308348
"324",-0.16862243754902,1.04483898696565,-0.0905370440290705,-0.288949048003092
"325",-0.16862243754902,1.04846504689199,-0.0598895778840751,-0.309341547508714
"326",-0.16862243754902,1.01984960025022,0.0548041437232193,-0.192586897169324
"327",-0.16862243754902,1.00444055466381,-0.0671810322681155,-0.0662384839556207
"328",-0.16862243754902,1.08706974744874,-0.343259519967707,-0.252771710778319
"329",-0.16862243754902,1.00349187598273,-0.0833408600129939,-0.00708845650534134
"330",-0.16862243754902,1.04329437599282,-0.296673642811457,0.0211637576818887
"331",-0.16862243754902,1.00686320153961,-0.0475737772455976,-0.107285797443944
"332",-0.16862243754902,1.07011932587444,-0.11174573581541,-0.364236546954075
"333",-0.16862243754902,1.01795880741317,-0.0782634872622637,-0.173536624813323
"334",-0.16862243754902,1.02679244907948,-0.178421602472444,-0.149894847335725
"335",-0.16862243754902,1.02649371812017,0.120477524927837,-0.197925539856349
"336",-0.16862243754902,1.03467161282206,-0.0307004582668406,-0.263823479322854
"337",-0.16862243754902,1.10001037587376,-0.407380173186614,-0.209914795868188
"338",-0.16862243754902,1.05071459824152,-0.263867026146404,-0.185405931594667
"339",-0.16862243754902,1.02950754337942,-0.226289061078913,-0.0931613799337401
"340",-0.16862243754902,1.00041756530888,-0.00412965167312231,-0.028605086184256
"341",-0.16862243754902,1.01082121903861,0.0138015029253472,-0.146864071085139
"342",-0.16862243754902,1.06391028431248,-0.0290010166571121,-0.362027670349549
"343",-0.16862243754902,1.03109357272923,-0.157839582914263,-0.195552094821273
"344",-0.16862243754902,1.05892795874612,-0.16319809323262,-0.307725208878748
"345",-0.16862243754902,1.0214524237952,-0.0239256502930937,-0.206863765157516
"346",-0.16862243754902,1.04285633925717,-0.130542587040994,-0.265533382642388
"347",-0.16862243754902,1.01303734301508,-0.146981723937204,0.0681251141027147
"348",-0.16862243754902,1.04183105350044,-0.0879436527871663,-0.278707477424442
"349",-0.16862243754902,1.01487349398739,-0.136804376618327,-0.106079080577907
"350",-0.16862243754902,1.05963223474094,-0.244769307718084,0.250815587436824
"351",-0.16862243754902,1.09916226630847,-0.366872153497799,-0.271224096761823
"352",-0.16862243754902,1.04180991270216,-0.270070474104866,-0.11148916190041
"353",-0.16862243754902,1.01989853450314,-0.158457916753653,-0.122817381912091
"354",-0.16862243754902,1.03749274784065,0.016169453010317,-0.275916202154358
"355",-0.16862243754902,1.04071834136829,-0.263954451024787,-0.115856436353653
"356",-0.16862243754902,1.05239200350388,0.0138849101935265,-0.327621944179293
"357",-0.16862243754902,1.01518660390138,-0.078200660721416,-0.156488010414714
"358",-0.16862243754902,1.09022716384244,-0.0396630819385707,-0.432460528500653
"359",-0.16862243754902,1.01673252999859,-0.0531308625780389,-0.175846947653493
"360",-0.16862243754902,1.01253784386983,-0.104979008127398,-0.119215322509987
"361",-0.16862243754902,1.01052990948531,-0.134749288451622,-0.0548937813068323
"362",-0.16862243754902,1.00710091397422,-0.0469649241143361,-0.109756762118095
"363",-0.16862243754902,1.0781762012716,-0.393876790260723,-0.0855861851139754
"364",-0.16862243754902,1.03568300807063,-0.20994288176459,-0.169006744251872
"365",-0.16862243754902,1.02566271041001,-0.207005615047833,-0.0955650085767661
"366",-0.16862243754902,1.00553079913186,-0.101807383399237,0.0269711825501166
"367",-0.16862243754902,1.04946223251349,-0.31565902436504,-0.0415975697501662
"368",-0.16862243754902,1.01787113828778,-0.185937126617191,0.0385880694593583
"369",-0.16862243754902,1.08841223696871,-0.0504766957298308,-0.426723916333991
"370",-0.16862243754902,1.05446995452628,0.14890632158087,0.29955599208147
"371",-0.16862243754902,1.01662793532523,-0.00695996190060125,-0.182986113718994
"372",-0.16862243754902,1.04276973477666,-0.284464345653839,-0.0803041457081545
"373",-0.16862243754902,1.02570606516399,-0.227148397681756,0.0218297399159583
"374",-0.16862243754902,1.00740697859427,-0.0648414487641437,-0.103268615961463
"375",-0.16862243754902,1.01329505010295,-0.161412912387315,-0.0266970087797507
"376",-0.16862243754902,1.02976175537466,-0.194510324819378,0.150249813214368
"377",-0.16862243754902,1.00313136669521,-0.076469344338112,0.0206149999828099
"378",-0.16862243754902,1.00002196461973,0.00532831212672504,0.00394192995682094
"379",-0.16862243754902,1.028479528454,-0.197107683401265,-0.137545271067947
"380",-0.16862243754902,1.05667670620241,-0.314066042718459,-0.133896162162824
"381",-0.16862243754902,1.0494365848764,-0.103707347192241,-0.300935095685748
"382",-0.16862243754902,1.05166064823879,-0.160848398723749,-0.283051076101174
"383",-0.16862243754902,1.00036179973889,0.00434733712979306,-0.0265486541413611
"384",-0.16862243754902,1.01806726240467,-0.108618337428809,-0.157044603709691
"385",-0.16862243754902,1.00226145725142,-0.0378087831888015,-0.0556643926179821
"386",-0.16862243754902,1.01849686397854,-0.187867179416415,-0.0451861132678021
"387",-0.16862243754902,1.02844953897212,-0.0918943998535466,-0.221954665388045
"388",-0.16862243754902,1.06986178543447,-0.0410671481750328,-0.378044612808851
"389",-0.16862243754902,1.00756919483724,-0.109863334340176,0.0559082297397007
"390",-0.16862243754902,1.00040236926665,-0.0116241905950921,0.0258800816716411
"391",-0.16862243754902,1.01908510431942,-0.136687365185286,-0.14089362669914
"392",-0.16862243754902,1.0042027661078,-0.0902371128432225,0.0167469079019401
"393",-0.16862243754902,1.03097148552634,0.0288089085184006,-0.249143032730923
"394",-0.16862243754902,1.0115206891852,0.0775898139057744,-0.130972995032433
"395",-0.16862243754902,1.07170453463011,-0.286310077746303,-0.258025481159609
"396",-0.16862243754902,1.06531580298734,-0.189116838111573,-0.314853270011991
"397",-0.16862243754902,1.02858232544043,-0.220671617684681,-0.0963620120009201
"398",-0.16862243754902,1.03038753109651,-0.247383031048178,-0.0223629199476822
"399",-0.16862243754902,1.02145928538098,-0.0755602308335095,-0.194086896021901
"400",-0.16862243754902,1.08510900178999,-0.0554268872670296,-0.41759957606966
"401",-0.16862243754902,1.04529752221175,-0.272768724932794,-0.135070843043785
"402",-0.16862243754902,1.01901505224141,-0.195484380221522,-0.013324180424306
"403",-0.16862243754902,1.01812177967034,0.0720455044620167,-0.177147970707858
"404",-0.16862243754902,1.02133822423715,-0.200178827503402,-0.0553191224375112
"405",-0.16862243754902,1.04746803897298,-0.274413950600387,-0.147940110807656
"406",-0.16862243754902,1.02134671088253,0.194078304335822,0.074045361885075
"407",-0.16862243754902,1.07749755498762,-0.0643249240758694,-0.396059698968402
"408",-0.16862243754902,1.07215346824378,-0.316169566703992,0.222597988664271
"409",-0.16862243754902,1.02054535127493,-0.125306241158474,-0.160658519648382
"410",-0.16862243754902,1.00094301406144,0.0227186194930473,0.0370240695593802
"411",-0.16862243754902,1.02364287937474,-0.115403913647405,-0.185813565730457
"412",-0.16862243754902,1.01878424155849,0.0475032058343989,0.188851201434783
"413",-0.16862243754902,1.025644304179,-0.225019215271676,-0.0362297040196394
"414",-0.16862243754902,1.01187743318499,0.122452733072476,-0.0943465312140521
"415",-0.16862243754902,1.00900772659644,-0.109994480914731,-0.077445506645708
"416",-0.16862243754902,1.00025419501551,-0.0173803797781211,-0.014365829071056
"417",-0.16862243754902,1.00871210999715,0.0428185778190396,-0.125166649905026
"418",-0.16862243754902,1.05789459569371,-0.227941702363097,-0.259197908791265
"419",-0.16862243754902,1.00116141525363,-0.034732184337799,0.0334343351029916
"420",-0.16862243754902,1.04872295517378,0.105638163389385,-0.297758988351561
"421",-0.16862243754902,1.02977870332275,0.150420111922387,-0.194468423519957
"422",-0.16862243754902,1.00516830734325,0.0905043300960604,0.0466078568607754
"423",-0.16862243754902,1.02640386067894,0.114253883636105,-0.20112417878192
"424",-0.16862243754902,1.00299877894636,0.0682473292639184,-0.0367267289073087
"425",-0.16862243754902,1.01182854568026,-0.0388769080073539,-0.149283595472577
"426",-0.16862243754902,1.03314868419499,-0.259002804858033,0.0177130101764341
"427",-0.16862243754902,1.00674012897419,0.0871347791109463,-0.0770273818603642
"428",-0.16862243754902,1.02749549028394,-0.197262105791189,-0.129748387938609
"429",-0.16862243754902,1.03328074361427,-0.254216776882749,-0.0551627181654326
"430",-0.16862243754902,1.03713617874191,0.154415006683691,-0.227612519353077
"431",-0.16862243754902,1.01326571404233,-0.1571482967481,-0.0448533174123553
"432",-0.16862243754902,1.03552054072806,-0.210291187882204,0.167572093645741
"433",-0.16862243754902,1.05474248118705,-0.285916294773873,-0.175309936978438
"434",-0.16862243754902,1.0692956393077,-0.236611625649384,-0.295648613813783
"435",-0.16862243754902,1.03689571432168,0.177722566573889,-0.208728080787053
"436",-0.16862243754902,1.02530359780415,-0.221663129145869,-0.045966562275097
"437",-0.16862243754902,1.01305567825701,-0.0535946836364339,-0.153001363179138
"438",-0.16862243754902,1.06432755044511,-0.308379464270158,-0.194152622060412
"439",-0.16862243754902,1.00682163185591,-0.0843310359265913,0.0811053312214884
"440",-0.16862243754902,1.05784088406998,-0.344910543692353,0.00800330305542086
"441",-0.16862243754902,1.00512665252369,0.0234669852531398,-0.0986351266872561
"442",-0.16862243754902,1.05052694674976,-0.320464325311007,-0.0301576201040648
"443",-0.16862243754902,1.04724068444832,-0.246311799451708,-0.189851385601049
"444",-0.16862243754902,1.06707189848704,-0.170194574759703,-0.331174037725042
"445",-0.16862243754902,1.0085920767582,-0.0992624262414369,-0.0860520077399658
"446",-0.16862243754902,1.00656638413459,-0.00264927476740734,-0.114755684011647
"447",-0.16862243754902,1.00903568152445,-0.0974292965580263,-0.0930620156761867
"448",-0.16862243754902,1.02106251946085,-0.199932649823771,-0.0509470723613193
"449",-0.16862243754902,1.0054357552473,-0.0711301015872834,-0.0764301418152403
"450",-0.16862243754902,1.03936683207209,0.224473838982614,-0.17290143788867
"451",-0.16862243754902,1.01228443638168,-0.0459731626670386,-0.15035374439957
"452",-0.16862243754902,1.03187209940062,0.151079492915457,-0.204780410053924
"453",-0.16862243754902,1.02349182839858,-0.217800988316118,-0.0099122291740023
"454",-0.16862243754902,1.03120544215407,-0.196277925645346,-0.157669400431795
"455",-0.16862243754902,1.00592934251106,-0.107517748232866,-0.0182695358361137
"456",-0.16862243754902,1.00282240429735,-0.0387759867528208,-0.0644142640418748
"457",-0.16862243754902,1.06448672105122,-0.186319213079723,-0.313715046071642
"458",-0.16862243754902,1.02466127909718,-0.223439977384559,-0.00230507862401737
"459",-0.16862243754902,1.05749481820816,-0.234421709235943,-0.251677875022813
"460",-0.16862243754902,1.07397207982959,-0.22273287884885,-0.322189529521371
"461",-0.16862243754902,1.0328439209592,-0.245342268612566,-0.0810785809842139
"462",-0.16862243754902,1.01670662031556,0.111620864384519,0.145715937452089
"463",-0.16862243754902,1.0068679081195,-0.0403438554287264,0.110251338903847
"464",-0.16862243754902,1.01250092389206,0.0355030833036116,-0.154588654041008
"465",-0.16862243754902,1.00002847939231,0.00739214926936636,0.00152175059268398
"466",-0.16862243754902,1.03103249118006,-0.19937592912758,-0.152568793511246
"467",-0.16862243754902,1.01659628921764,-0.165852112140489,-0.0772081093513282
"468",-0.16862243754902,1.03395812662396,-0.114046178129036,-0.236776005680224
"469",-0.16862243754902,1.03340491516196,-0.0460844692034006,-0.256518888932432
"470",-0.16862243754902,1.09601452042133,-0.392066208324931,-0.218018158106428
"471",-0.16862243754902,1.0204676433222,0.137759909184162,-0.149587494427646
"472",-0.16862243754902,1.00231004904401,0.00170256437354219,-0.0679892321559984
"473",-0.16862243754902,1.01481031651863,-0.170916223125546,0.0250524087691199
"474",-0.16862243754902,1.04584681893458,-0.149719415995455,-0.267169730975568
"475",-0.16862243754902,1.00858853141397,0.0362668346817395,-0.126236058247883
"476",-0.16862243754902,1.01702182787149,0.182170085231353,-0.0338741555447485
"477",-0.16862243754902,1.02566517420394,0.109491277162788,-0.20000177449227
"478",-0.16862243754902,1.03473593202685,-0.027361438888637,-0.264442433602131
"479",-0.16862243754902,1.00266116604762,0.0581743097285484,-0.04410400874719
"480",-0.16862243754902,1.02991521984418,-0.195163392654123,-0.150454678340095
"481",-0.16862243754902,1.04747377412071,-0.213212700806856,-0.227467913529196
"482",-0.16862243754902,1.02506667057761,-0.0291413311810827,0.22341097096173
"483",-0.16862243754902,1.03152414053256,-0.208532311429494,-0.1433747801788
"484",-0.16862243754902,1.01516971621906,0.0204828728716173,-0.173637566923807
"485",-0.16862243754902,1.00775955782269,-0.124810424891753,-0.0012977755281296
"486",-0.16862243754902,1.06739129273874,-0.307585001514631,-0.211460726040852
"487",-0.16862243754902,1.03760777872653,-0.248207292024895,-0.122568522302718
"488",-0.16862243754902,1.02495567002961,-0.223498905716854,-0.0241322329929462
"489",-0.16862243754902,1.01554862628304,-0.113420543088254,0.135922009810548
"490",-0.16862243754902,1.02733485303163,-0.224585346849499,-0.0705572266603762
"491",-0.16862243754902,1.09207079606642,-0.277640646174368,0.339903361579472
"492",-0.16862243754902,1.05128164517909,-0.262606218917982,-0.190344611891341
"493",-0.16862243754902,1.00788852649251,-0.125152605417249,-0.0132705385161286
"494",-0.16862243754902,1.00954848407786,-0.0921039733278317,-0.10346496895628
"495",-0.16862243754902,1.03035620249592,-0.0887287261727748,-0.231864437060895
"496",-0.16862243754902,1.00352247867661,-0.0808588752135186,-0.0227861253496667
"497",-0.16862243754902,1.01779776661211,-0.186343355560659,0.0344738677696466
"498",-0.16862243754902,1.05997090917644,-0.145681565616682,-0.319867487781755
"499",-0.16862243754902,1.00158326014417,-0.0371542242756655,0.0422917322829503
"500",-0.16862243754902,1.00633807338811,-0.0908928620418572,-0.0667443299489957
"501",-0.16862243754902,1.01994887126548,-0.200154955361325,-0.0152870481138655
"502",-0.16862243754902,1.05211096130377,-0.266110886598752,0.190059124824827
"503",-0.16862243754902,1.01750389002228,-0.058300975038482,0.178648152859282
"504",-0.16862243754902,1.02254259479677,0.167767190120556,-0.132089091497965
"505",-0.16862243754902,1.06331214687298,-0.0626547627081029,-0.355959411165953
"506",-0.16862243754902,1.08752496180531,-0.309671359840966,-0.29464248071839
"507",-0.16862243754902,1.03915305618405,-0.211791082788774,-0.187039063908633
"508",-0.16862243754902,1.06945121822533,-0.105969831011655,-0.364000416317067
"509",-0.16862243754902,1.03017319630844,-0.0287413667707466,-0.245826662973126
"510",-0.16862243754902,1.06801902024475,-0.299883939033141,-0.225242648524928
"511",-0.16862243754902,1.00191607726035,0.0450504934526382,-0.0425003401450285
"512",-0.16862243754902,1.01350150796565,0.0955964073731172,-0.134337759196715
"513",-0.16862243754902,1.00820790121807,-0.120434965893557,-0.0444813564177068
"514",-0.16862243754902,1.01812516408722,-0.162381471238404,0.101050024968264
"515",-0.16862243754902,1.01327468130135,-0.158553168252924,-0.0398305486191579
"516",-0.16862243754902,1.02318331042845,-0.215192722251249,-0.0244167776215837
"517",-0.16862243754902,1.08597924620646,-0.338421123779039,-0.254601779591755
"518",-0.16862243754902,1.00298268579486,-0.0618630418781338,0.046338235333826
"519",-0.16862243754902,1.00466803452305,-0.0422434525424968,-0.0870249981883985
"520",-0.16862243754902,1.04358638399511,-0.200070589414731,-0.221459477356968
"521",-0.16862243754902,1.01926724027268,-0.185371197731173,-0.0674034579587991
"522",-0.16862243754902,1.01748050755541,-0.140919933953201,-0.12412959143512
"523",-0.16862243754902,1.03504616970548,-0.115181058920418,-0.240943763330687
"524",-0.16862243754902,1.01290512507532,-0.0301183359570991,-0.15833407164293
"525",-0.16862243754902,1.00420214734433,0.0851146877282333,0.034313884418523
"526",-0.16862243754902,1.01606509669498,-0.161434555163001,-0.0795434794379515
"527",-0.16862243754902,1.02532192697762,0.139042763473884,-0.178751682136521
"528",-0.16862243754902,1.01003599184258,-0.0161812329039243,-0.141105891156736
"529",-0.16862243754902,1.09222038774652,-0.426277585485187,0.10598488346026
"530",-0.16862243754902,1.03821054103414,-0.278935824060856,-0.00871398702608179
"531",-0.16862243754902,1.01002761092064,-0.116460691603324,-0.0811953331992082
"532",-0.16862243754902,1.00968507510336,-0.139117398622261,-0.0105023943485207
"533",-0.16862243754902,1.0651846919237,-0.181087476504439,-0.319101478783547
"534",-0.16862243754902,1.00980842425805,-0.140005648201069,0.0105580383745278
"535",-0.16862243754902,1.02921197466718,-0.12127425037107,-0.211115714704647
"536",-0.16862243754902,1.01977267505541,-0.125320443607736,0.155663403546296
"537",-0.16862243754902,1.02549932143473,-0.0396048916610214,-0.223786306148546
"538",-0.16862243754902,1.02687075091705,-0.179851170249098,-0.148718175247586
"539",-0.16862243754902,1.0007152074663,0.0378257894148682,0.00036893016043058
"540",-0.16862243754902,1.08289262621509,-0.380210257149149,-0.167620405290024
"541",-0.16862243754902,1.00514963900156,-0.0345625967071093,0.0955574366222667
"542",-0.16862243754902,1.00164311973051,-0.0519362238108656,0.0243221701282272
"543",-0.16862243754902,1.00791369214946,-0.0876159438705347,-0.090628125888344
"544",-0.16862243754902,1.00669944208168,-0.080508975838314,-0.0834390286199514
"545",-0.16862243754902,1.03324680583122,-0.209333472016487,-0.154202656442555
"546",-0.16862243754902,1.02438797721685,-0.181612136608855,-0.128014685496592
"547",-0.16862243754902,1.04398502663373,0.00305351293822825,-0.299825635818848
"548",-0.16862243754902,1.05628231784169,-0.336551012075426,-0.0496563314796307
"549",-0.16862243754902,1.0663421990682,-0.370114132817009,-0.0100605269603072
"550",-0.16862243754902,1.06763252758567,-0.178833754660656,-0.328416963862911
"551",-0.16862243754902,1.02547787888376,0.000871724223767155,-0.227165402684498
"552",-0.16862243754902,1.02545999462084,-0.184466789768027,-0.132439435367453
"553",-0.16862243754902,1.03955022406788,-0.141569200032686,-0.2462170383253
"554",-0.16862243754902,1.04965678121687,-0.314006141982888,-0.0563870654633905
"555",-0.16862243754902,1.00972428757535,0.119516191735356,-0.0725190790938438
"556",-0.16862243754902,1.02316732119313,0.0519363699389232,-0.210176070557724
"557",-0.16862243754902,1.04509148598471,-0.10702368204047,-0.284186814543242
"558",-0.16862243754902,1.01268600947553,0.0872498295078296,-0.13386717685202
"559",-0.16862243754902,1.07111470047338,-0.169054382799035,-0.344539282559511
"560",-0.16862243754902,1.00775188180192,0.0949530195523403,-0.0809183499164328
"561",-0.16862243754902,1.01696060496052,-0.119232272155252,-0.141394969211653
"562",-0.16862243754902,1.1121971437082,-0.482893723042102,-0.06161281294687
"563",-0.16862243754902,1.00335577026956,-0.0744160500337634,0.0344246021124404
"564",-0.16862243754902,1.00575486176362,-0.100790997558105,0.0372023758971987
"565",-0.16862243754902,1.01788500428232,0.0193035876341453,-0.188990088224915
"566",-0.16862243754902,1.00587920569705,0.0959347421108134,-0.0508871468039823
"567",-0.16862243754902,1.01605710768627,-0.179606984972246,0.0106478649954275
"568",-0.16862243754902,1.0060996509953,-0.103576809221705,-0.0388375118192857
"569",-0.16862243754902,1.05274053486023,-0.152569726882658,-0.291522061217931
"570",-0.16862243754902,1.00426041382886,-0.0170802411045288,-0.0908143388871961
"571",-0.16862243754902,1.11076274091933,-0.284448198442691,-0.391002671368531
"572",-0.16862243754902,1.00568254183449,0.0603287445417552,-0.0880784737192112
"573",-0.16862243754902,1.00404532978758,-0.0862287183429545,-0.0259158716075312
"574",-0.16862243754902,1.01053668112028,0.114578714373475,-0.0897557914683262
"575",-0.16862243754902,1.00759266629871,-0.121980058278783,0.0190747624163873
"576",-0.16862243754902,1.0168883592367,-0.181933316166343,0.0310194071482114
"577",-0.16862243754902,1.04363494581748,-0.135161271291072,-0.266280549185328
"578",-0.16862243754902,1.01801047141289,-0.172306863147688,-0.0815822579884249
"579",-0.16862243754902,1.09168941860775,-0.431405669435263,-0.0753321649712029
"580",-0.16862243754902,1.05451639353344,-0.29830155668109,-0.151726746199941
"581",-0.16862243754902,1.03123810686118,0.0984336072602789,0.231868191014542
"582",-0.16862243754902,1.00651809773123,-0.0889862604248143,-0.0718340206038001
"583",-0.16862243754902,1.14279731065131,-0.548644439909929,-0.0705334799069358
"584",-0.16862243754902,1.04261362919497,0.0519444607234454,-0.290422025306722
"585",-0.16862243754902,1.0497018158236,-0.0200542514496464,-0.318546274726554
"586",-0.16862243754902,1.00302696543255,-0.0712991038065516,-0.0312974628558265
"587",-0.16862243754902,1.00138804884218,-0.0403006272814921,-0.0339688652248683
"588",-0.16862243754902,1.01915241224757,-0.19642005024225,0.00952907408286647
"589",-0.16862243754902,1.02794775423774,-0.160826117556414,-0.175532177546279
"590",-0.16862243754902,1.02588588825207,0.165347561581609,-0.158436231947583
"591",-0.16862243754902,1.09420023085584,-0.304834870776714,-0.323032268919878
"592",-0.16862243754902,1.03718811039669,0.0822723043259892,-0.262660321116738
"593",-0.16862243754902,1.00108570809629,-0.014659993410285,-0.0442456726455334
"594",-0.16862243754902,1.04837092207013,-0.306108158043429,-0.0733442964479327
"595",-0.16862243754902,1.03785115444546,-0.0686275122229219,-0.269119459255309
"596",-0.16862243754902,1.03071040633047,-0.140000768402767,-0.206793922939151
"597",-0.16862243754902,1.03044720087939,-0.247546045462103,-0.023289250229169
"598",-0.16862243754902,1.01941686223277,-0.190090041503234,0.0554663422789691
"599",-0.16862243754902,1.00522834958657,0.0878862474635112,-0.0525361049120036
"600",-0.16862243754902,1.01466586202172,-0.117737290515275,-0.125238739910593
"601",-0.16862243754902,1.08154371379087,-0.0402655386559838,-0.41001889131757
"602",-0.16862243754902,1.02569899991474,-0.161131302021438,-0.161539908180511
"603",-0.16862243754902,1.04424741458243,-0.0783211437725331,-0.290376413126562
"604",-0.16862243754902,1.0242246820876,-0.200939755684779,0.0930559723111922
"605",-0.16862243754902,1.01119203143869,0.146445343911281,-0.0326049948905899
"606",-0.16862243754902,1.01273972312142,-0.0442786659974841,0.153886797762289
"607",-0.16862243754902,1.0219078947437,0.167468597157786,-0.127475543950593
"608",-0.16862243754902,1.11587131620664,-0.131629561474754,-0.477328453874998
"609",-0.16862243754902,1.00908187156541,0.134765564429876,0.0091905476358017
"610",-0.16862243754902,1.02449610091418,-0.0727099642315653,-0.210488769034819
"611",-0.16862243754902,1.00995491747525,-0.078746200531322,-0.117507324173126
"612",-0.16862243754902,1.03239558553311,-0.256561487068011,0.00410467802646687
"613",-0.16862243754902,1.06456664851684,-0.34761140101218,-0.111662272145614
"614",-0.16862243754902,1.01583041938307,-0.120667468216265,-0.131722447055407
"615",-0.16862243754902,1.00843398593383,0.107683065663737,-0.0730989832737698
"616",-0.16862243754902,1.00680858778358,-0.111589319670263,0.0348045423801593
"617",-0.16862243754902,1.01968228141326,-0.142176427075707,-0.139777747199395
"618",-0.16862243754902,1.04494162489181,-0.187873975765401,-0.237920929431699
"619",-0.16862243754902,1.05974063891329,-0.332727169360066,-0.111098391230408
"620",-0.16862243754902,1.00282331606536,0.049323739629147,-0.0567606549761943
"621",-0.16862243754902,1.09140744782892,-0.436548538682524,-0.0244047239401279
"622",-0.16862243754902,1.06184459330755,-0.197777071672093,-0.297318297885097
"623",-0.16862243754902,1.06897429725634,-0.334994093921754,-0.174599556792775
"624",-0.16862243754902,1.03487824960084,-0.237861641415376,-0.119978460733916
"625",-0.16862243754902,1.01745666600868,-0.176521946042112,-0.0637029808643486
"626",-0.16862243754902,1.04337982618179,-0.160212784792786,-0.250944865004391
"627",-0.16862243754902,1.03396632166141,0.110624087564585,-0.238429582016409
"628",-0.16862243754902,1.01406797130125,-0.0959047106465142,0.1383334265275
"629",-0.16862243754902,1.06930545528214,-0.378570053796343,0.00994339302130706
"630",-0.16862243754902,1.02360548757074,-0.183767132922306,-0.11831244669286
"631",-0.16862243754902,1.00518312871508,-0.0325502206724395,-0.0966105863122878
"632",-0.16862243754902,1.01631713311162,-0.0119169572000381,-0.180993097070905
"633",-0.16862243754902,1.0183619714748,-0.0935397184290123,-0.168259995311585
"634",-0.16862243754902,1.01089254736404,-0.145830283427697,0.0252442221419089
"635",-0.16862243754902,1.00069119109285,0.0301132209192792,0.021818658452984
"636",-0.16862243754902,1.03554034928233,-0.24902474166035,-0.101639033017638
"637",-0.16862243754902,1.04640791629087,-0.298650181658615,-0.0760105010605579
"638",-0.16862243754902,1.03359514352849,0.076798834813978,-0.249841669256543
"639",-0.16862243754902,1.02415991990431,-0.0496281674733051,-0.215500780814468
"640",-0.16862243754902,1.03553178573351,-0.254930148336204,-0.085654531308653
"641",-0.16862243754902,1.03417899996384,-0.254924136555269,-0.0673786952066493
"642",-0.16862243754902,1.06934544686054,0.000630672936241962,-0.378812997365472
"643",-0.16862243754902,1.01499822285885,-0.117260562566673,-0.128340768554557
"644",-0.16862243754902,1.022451696703,-0.0458089239525162,-0.208108179986175
"645",-0.16862243754902,1.00825428796043,0.0768839987058371,-0.103274197811446
"646",-0.16862243754902,1.04214503096773,-0.235256134784691,-0.17527354796689
"647",-0.16862243754902,1.00972051737076,-0.118799497762373,-0.0736356064066925
"648",-0.16862243754902,1.01170461940194,-0.146363905785782,-0.0460851820257974
"649",-0.16862243754902,1.03931141735541,-0.279761369254943,-0.0436096149709197
"650",-0.16862243754902,1.00410041104347,0.0880243174328908,-0.0216646024230289
"651",-0.16862243754902,1.07494179328754,-0.386140888118621,-0.0799692033172918
"652",-0.16862243754902,1.0479074206059,-0.272772658279611,-0.153964408406546
"653",-0.16862243754902,1.02623355810944,-0.207872635999175,0.0997210258306612
"654",-0.16862243754902,1.00248285887856,-0.0691490273114584,-0.0137947224407331
"655",-0.16862243754902,1.01550226981228,-0.147338544856665,-0.0976535365125568
"656",-0.16862243754902,1.06727032177603,-0.0701610351938141,0.366255878975941
"657",-0.16862243754902,1.07727838758306,-0.397792318741436,-0.0478538974782535
"658",-0.16862243754902,1.09657835956689,-0.300468398071886,-0.334966924382865
"659",-0.16862243754902,1.00040513510908,0.0282848391120565,0.00322524867594378
"660",-0.16862243754902,1.01077041064807,-0.120856985016628,-0.0839667327836821
"661",-0.16862243754902,1.06078915429483,0.103946937979873,-0.338332179897428
"662",-0.16862243754902,1.05630568179377,0.0946509115842963,-0.326837724759647
"663",-0.16862243754902,1.01816790337428,-0.141615023610744,-0.12888391889333
"664",-0.16862243754902,1.01532164362383,0.146889715307401,-0.0964440332416075
"665",-0.16862243754902,1.05353530900065,0.103751179089348,-0.314916401841282
"666",-0.16862243754902,1.04138855426596,-0.2177516973636,-0.192546927400607
"667",-0.16862243754902,1.00122537380094,-0.0363293299254589,0.0336515813892561
"668",-0.16862243754902,1.03436534728719,-0.131946904815987,-0.229132463823954
"669",-0.16862243754902,1.020502726029,0.108816862399279,-0.172002047343061
"670",-0.16862243754902,1.06957610662723,-0.248926186094005,-0.286406706877746
"671",-0.16862243754902,1.01387934685945,-0.0878014913164489,-0.142275184451645
"672",-0.16862243754902,1.00392559118454,-0.00203345176477424,-0.0886705007832395
"673",-0.16862243754902,1.01501840034082,-0.173772724974753,0.00808659911802295
"674",-0.16862243754902,1.00279996118615,0.070861070214096,0.0242171609207099
"675",-0.16862243754902,1.02264352003298,-0.153166960297055,-0.149464548769263
"676",-0.16862243754902,1.01770769539648,-0.186405826648302,-0.0313340240120226
"677",-0.16862243754902,1.08203924653822,-0.299892066075378,-0.284382980774229
"678",-0.16862243754902,1.02501333826699,-0.2156673258605,-0.064342429091707
"679",-0.16862243754902,1.03270477115293,-0.130916724659385,-0.222125990299392
"680",-0.16862243754902,1.01276569060508,-0.158564136552893,0.0234895437592734
"681",-0.16862243754902,1.03642141259066,-0.220549335227228,-0.1597727611555
"682",-0.16862243754902,1.09881147890609,-0.193328892816199,-0.412323423271412
"683",-0.16862243754902,1.00114339442734,-0.00653748716301145,0.0473852030393768
"684",-0.16862243754902,1.02367959435017,-0.195389238254344,-0.0987064205780029
"685",-0.16862243754902,1.0290809000903,-0.219112063103064,-0.104868502103289
"686",-0.16862243754902,1.01851200450937,-0.0714789182944571,-0.179603640189043
"687",-0.16862243754902,1.0307549827671,0.0987532085952423,-0.229572729851219
"688",-0.16862243754902,1.00690890711701,-0.1069752141344,-0.0492123032632386
"689",-0.16862243754902,1.07823432542009,-0.0353035592041978,-0.401675141403645
"690",-0.16862243754902,1.04745857988934,-0.285862336305801,-0.124306883419956
"691",-0.16862243754902,1.0028952734448,0.0449291510237285,-0.0614841515043126
"692",-0.16862243754902,1.00000417127091,-0.00274105437958742,-0.000910593270243683
"693",-0.16862243754902,1.00791779715734,-0.1083808517403,0.0644350587999927
"694",-0.16862243754902,1.0022250495006,-0.0667445469144445,0.00046400826302544
"695",-0.16862243754902,1.01517365603365,-0.174862869982954,0.000727052991343815
"696",-0.16862243754902,1.03076980401096,-0.183832670448044,-0.1693869479527
"697",-0.16862243754902,1.0774526531835,-0.3751683378742,0.141961044335698
"698",-0.16862243754902,1.02595144485349,-0.198838842365016,-0.114190551114767
"699",-0.16862243754902,1.02340393541293,0.0581870660090216,-0.2096899624873
"700",-0.16862243754902,1.0579266500262,-0.343161834646399,0.0380624759806525
"701",-0.16862243754902,1.0335694728223,-0.15258452764116,-0.212093887405297
"702",-0.16862243754902,1.03810433101122,0.100896456460118,-0.259770104396261
"703",-0.16862243754902,1.01415738679799,-0.13609144814414,-0.0999716106649964
"704",-0.16862243754902,1.00069610178678,-0.0104171837633571,-0.0358353235466387
"705",-0.16862243754902,1.04050926635741,0.0613508154478226,-0.280883625046959
"706",-0.16862243754902,1.04853905021962,-0.289968112859769,-0.123905743853999
"707",-0.16862243754902,1.03671349064206,-0.247333262750496,0.116623834684204
"708",-0.16862243754902,1.0025988172187,-0.0674374633950737,-0.0256237549781548
"709",-0.16862243754902,1.01515667832793,-0.164376644292641,0.059358237548722
"710",-0.16862243754902,1.04191167105861,0.0038340650329947,-0.29251535042365
"711",-0.16862243754902,1.05814630707786,-0.333879304103906,-0.0905440084908884
"712",-0.16862243754902,1.08661553566891,-0.416732986765679,0.0840650944113573
"713",-0.16862243754902,1.02427603983516,-0.207512352348378,-0.0779745433025981
"714",-0.16862243754902,1.01720601576263,-0.177380145714452,-0.0569593048588624
"715",-0.16862243754902,1.06316817630079,-0.27452926656065,-0.23443603157452
"716",-0.16862243754902,1.0030453876891,0.0247077943158095,-0.0740916639334591
"717",-0.16862243754902,1.01043891171443,-0.0579106764071072,-0.1327898635616
"718",-0.16862243754902,1.00399455308066,-0.0832348330188938,-0.0328180619163294
"719",-0.16862243754902,1.08935030355089,-0.240940054644871,-0.358652999310102
"720",-0.16862243754902,1.04402183376521,-0.278197544550293,-0.112194989124538
"721",-0.16862243754902,1.00727870174194,-0.0719608904872946,-0.0971185524151178
"722",-0.16862243754902,1.05511232519101,-0.14418780512529,-0.304091919693902
"723",-0.16862243754902,1.0246733983053,-0.155713353362094,-0.160340028624394
"724",-0.16862243754902,1.04580934486562,-0.17964940664317,-0.24787754335762
"725",-0.16862243754902,1.01369151651742,0.0765678620397301,-0.147335851584216
"726",-0.16862243754902,1.00593362181412,-0.102930807480825,-0.0361621399729195
"727",-0.16862243754902,1.00720051542259,-0.119636168522681,-0.0118349249572252
"728",-0.16862243754902,1.02181056838488,0.0974488379617531,-0.186012262076844
"729",-0.16862243754902,1.00828116014849,-0.128192972928507,0.0140520319577635
"730",-0.16862243754902,1.02278490627268,-0.0925152879339865,-0.193726317256351
"731",-0.16862243754902,1.11252200478107,-0.462728333101614,-0.153582879472561
"732",-0.16862243754902,1.02046759325827,0.00456088465214986,-0.203305944875
"733",-0.16862243754902,1.03198866620506,-0.229604966974849,0.110824935444032
"734",-0.16862243754902,1.02011519345755,-0.182379265385354,-0.0858650771876027
"735",-0.16862243754902,1.05020050734868,-0.297760461421971,-0.119414459966977
"736",-0.16862243754902,1.07186812005628,-0.383847376071984,-0.0395279480323208
"737",-0.16862243754902,1.01541582302272,0.0747028762396797,-0.159652040157423
"738",-0.16862243754902,1.00485157125463,0.0171537928145323,-0.0971206859787122
"739",-0.16862243754902,1.01802832725279,-0.119332465729571,-0.148799992311843
"740",-0.16862243754902,1.02026337486242,0.121673162917245,-0.161657030503969
"741",-0.16862243754902,1.01813350395278,-0.0154331716783741,0.190676818420909
"742",-0.16862243754902,1.01117221453768,-0.141381988679386,-0.0498034208674207
"743",-0.16862243754902,1.04315647468675,-0.00235328832827381,-0.296934155520948
"744",-0.16862243754902,1.08903021407199,-0.378322709018089,-0.207023513164309
"745",-0.16862243754902,1.03576852094247,-0.162607876526979,-0.215348804191555
"746",-0.16862243754902,1.02303992607472,-0.162650499727734,0.141970085867719
"747",-0.16862243754902,1.13308589090871,-0.292659452466029,-0.445234860560874
"748",-0.16862243754902,1.01865503524086,-0.182603107179921,-0.0656824639443115
"749",-0.16862243754902,1.06143496937601,0.203978975438065,-0.291610651028886
"750",-0.16862243754902,1.00524480201112,-0.0388350018274447,-0.0949155129756664
"751",-0.16862243754902,1.02702664550903,-0.0653022869460728,0.224765081596657
"752",-0.16862243754902,1.09576916911159,-0.249042888324375,-0.372407990986432
"753",-0.16862243754902,1.03196205897929,-0.0447372009174557,-0.250886974605789
"754",-0.16862243754902,1.08184932216881,-0.311833587897636,-0.270476929396934
"755",-0.16862243754902,1.01288767304955,-0.0938307991635418,-0.130909202671429
"756",-0.16862243754902,1.01789772026781,0.0372995728236071,-0.186345138905139
"757",-0.16862243754902,1.05170946227228,-0.198352089440574,-0.258358746025004
"758",-0.16862243754902,1.00357831498316,0.0351381979960342,0.077037272446728
"759",-0.16862243754902,1.0393033953064,-0.249329195247152,-0.13411375728398
"760",-0.16862243754902,1.01541356060506,-0.124488840294256,-0.124768696806697
"761",-0.16862243754902,1.00180887367277,-0.0268991415601505,-0.0538280182881059
"762",-0.16862243754902,1.07908452256255,-0.378002512869592,-0.146756625398348
"763",-0.16862243754902,1.04697919740755,-0.246919659851474,-0.187606293559129
"764",-0.16862243754902,1.10954377223433,-0.479151042960788,-0.0387512649286065
"765",-0.16862243754902,1.00312711507748,-0.0782901959580978,0.0116040605178636
"766",-0.16862243754902,1.02008243369108,0.156819274210625,0.12639575452197
"767",-0.16862243754902,1.02949053581647,0.106602802439848,-0.220196743499191
"768",-0.16862243754902,1.07422630413423,-0.353589490473028,-0.170107685660901
"769",-0.16862243754902,1.0656966771934,-0.343372700019777,-0.133433866249062
"770",-0.16862243754902,1.02796505356201,-0.230330386036953,-0.0604984678551821
"771",-0.16862243754902,1.02851102834039,0.229927618046714,-0.0704856430570246
"772",-0.16862243754902,1.02605779952588,-0.0737727624085371,-0.217605577811111
"773",-0.16862243754902,1.0172796755247,-0.0566845854665764,-0.17788984233543
"774",-0.16862243754902,1.06841272503459,-0.365754551487654,0.0879167736094664
"775",-0.16862243754902,1.08544981219466,-0.372287563935234,-0.199005689699036
"776",-0.16862243754902,1.01496309758701,0.0659307255654561,-0.160633834822654
"777",-0.16862243754902,1.01084202323699,-0.143184899941359,-0.0360510800202784
"778",-0.16862243754902,1.02880797905515,-0.15846166968263,-0.182580823223418
"779",-0.16862243754902,1.02289488972996,-0.215036415682692,-0.00856127128470856
"780",-0.16862243754902,1.01716620355803,-0.0889671650890665,-0.163437845056349
"781",-0.16862243754902,1.03012748935997,0.206777613918049,-0.13566747111022
"782",-0.16862243754902,1.01132797133593,-0.0824948618840431,-0.126407528926039
"783",-0.16862243754902,1.04599430673272,-0.265709287336289,-0.153305787041817
"784",-0.16862243754902,1.01789304360794,0.160946185849084,-0.101007789234598
"785",-0.16862243754902,1.00691527564174,-0.0713806755413409,0.0937185759598068
"786",-0.16862243754902,1.01892523542732,-0.177852579851198,-0.0810992924192127
"787",-0.16862243754902,1.01276608215654,0.0123984728073691,-0.159816817133693
"788",-0.16862243754902,1.03843094178026,-0.267956024633745,-0.0808603098505307
"789",-0.16862243754902,1.00400702109129,-0.0812357782621907,-0.037826534743932
"790",-0.16862243754902,1.00808058749457,0.0748226370770357,-0.103092404493437
"791",-0.16862243754902,1.01405831757847,-0.0389113490918845,-0.16370760019595
"792",-0.16862243754902,1.05642335208684,-0.176583018043494,-0.29128806459077
"793",-0.16862243754902,1.03861923581005,-0.0662645362574693,-0.272651660969143
"794",-0.16862243754902,1.07744551261062,-0.216077975382963,-0.337933634311767
"795",-0.16862243754902,1.00985661812526,-0.136099128212303,0.0358805862721201
"796",-0.16862243754902,1.01783983731776,-0.184971935236838,-0.0422293453156193
"797",-0.16862243754902,1.04013927080282,-0.285995160930454,-0.00982194433862985
"798",-0.16862243754902,1.02019151040664,-0.159456474123304,-0.12395301838178
"799",-0.16862243754902,1.05493760999523,-0.333207941277533,-0.0431952410808958
"800",-0.16862243754902,1.00639030442907,-0.0277975263723345,-0.109766763532576
"801",-0.16862243754902,1.05684235369586,-0.190040297873362,-0.284254192140789
"802",-0.16862243754902,1.07535451719976,-0.0740729368021903,-0.388459184079123
"803",-0.16862243754902,1.03175409322835,-0.209014636188514,0.144323909150349
"804",-0.16862243754902,1.00684433154643,0.0599990454858386,-0.100675828816917
"805",-0.16862243754902,1.03952937441872,-0.268184395981387,-0.0932654814573548
"806",-0.16862243754902,1.07074113048088,-0.341751010726087,-0.172316032832595
"807",-0.16862243754902,1.03367451192222,0.0591127654584361,-0.254928769575911
"808",-0.16862243754902,1.07906021794699,0.251987338547008,-0.317605628362917
"809",-0.16862243754902,1.01592587074905,-0.149940825167839,0.0980975219116492
"810",-0.16862243754902,1.01529481334157,-0.114461281710467,-0.133124652065235
"811",-0.16862243754902,1.018155449791,-0.122584390632392,0.147015601595202
"812",-0.16862243754902,1.05387094346053,-0.25296439346631,-0.215993011712448
"813",-0.16862243754902,1.05215362229397,-0.197783431771885,-0.260593474636003
"814",-0.16862243754902,1.03842039178068,-0.092720129874049,-0.264045237756848
"815",-0.16862243754902,1.00620071148066,0.10710948509216,-0.0311035365750458
"816",-0.16862243754902,1.0075121986874,-0.0858023428101586,0.0878566359030758
"817",-0.16862243754902,1.00198676136214,0.0255075184667068,0.0576787347873385
"818",-0.16862243754902,1.0001193503164,0.0118045561332764,0.00996831639692517
"819",-0.16862243754902,1.1112996361259,-0.325509094708054,-0.359208449950593
"820",-0.16862243754902,1.0058413863613,0.100547556741154,0.0400884441031713
"821",-0.16862243754902,1.01977583893085,-0.199242821223208,-0.0156543878237553
"822",-0.16862243754902,1.04897029278318,-0.0965401137224948,-0.301693025415035
"823",-0.16862243754902,1.08757638961686,-0.17136461722536,-0.391735333120769
"824",-0.16862243754902,1.07416769794358,-0.08634384202688,-0.382597679357103
"825",-0.16862243754902,1.04853706151487,0.085710893414973,-0.303452816958821
"826",-0.16862243754902,1.00648136247631,-0.0465705114172212,-0.10409572747481
"827",-0.16862243754902,1.01809781443059,0.0243388651450641,-0.189554159521222
"828",-0.16862243754902,1.01807597177289,-0.135910433772567,-0.134190306255967
"829",-0.16862243754902,1.00187339550898,-0.0430978355153957,0.0435072086277695
"830",-0.16862243754902,1.01808590562379,-0.179217166447849,0.0661824635399045
"831",-0.16862243754902,1.09549149055437,-0.111960628413354,-0.433089394423744
"832",-0.16862243754902,1.04375398669921,0.204862642862767,-0.217838661191679
"833",-0.16862243754902,1.02013808284992,0.0118991180792499,-0.201345769932319
"834",-0.16862243754902,1.0356816090562,-0.208357914147343,0.170948456996292
"835",-0.16862243754902,1.05819725341308,-0.346013597234184,-0.00748449464151989
"836",-0.16862243754902,1.02467625075067,0.220746912210621,0.0351029856553146
"837",-0.16862243754902,1.02481389242578,-0.223686317495468,-0.0144203146358053
"838",-0.16862243754902,1.03713384751827,-0.185906829970146,-0.202695012860464
"839",-0.16862243754902,1.08970705219498,-0.430043500133859,0.0502399004387411
"840",-0.16862243754902,1.01611607178233,0.116406324859882,-0.137627900031108
"841",-0.16862243754902,1.01879270709439,0.0483291433995617,-0.188687238378673
"842",-0.16862243754902,1.1058064331611,-0.302865891440196,-0.362049885268066
"843",-0.16862243754902,1.07739977309931,-0.398846886838504,0.0413694565312102
"844",-0.16862243754902,1.02903143014191,-0.0571390344021106,-0.235883053582718
"845",-0.16862243754902,1.03697586693145,-0.159015326176081,-0.223680742665412
"846",-0.16862243754902,1.08262725567774,-0.410412594331325,-0.0603595655265142
"847",-0.16862243754902,1.00539878168963,-0.0125119043263966,-0.103296478512688
"848",-0.16862243754902,1.04101593195578,-0.157684567078852,-0.24258966979433
"849",-0.16862243754902,1.12249840490939,-0.509069214794888,-0.0291753932663904
"850",-0.16862243754902,1.00805440978278,-0.113768897649563,-0.056836001003909
"851",-0.16862243754902,1.04010248137315,-0.278668721430945,-0.0644741456292523
"852",-0.16862243754902,1.00728539221097,-0.0307156076332419,-0.116963296847038
"853",-0.16862243754902,1.05815010114174,-0.0962749031802143,-0.332284184944034
"854",-0.16862243754902,1.00222522103486,-0.00251431199457935,-0.066701363656008
"855",-0.16862243754902,1.08909608481804,-0.0472610558495949,-0.428831755547519
"856",-0.16862243754902,1.00854355242415,-0.0354898121850456,-0.126097463762734
"857",-0.16862243754902,1.0015718454076,0.0273886952767862,-0.0489491663281268
"858",-0.16862243754902,1.04094179325596,-0.232189414380514,-0.172185634698595
"859",-0.16862243754902,1.0316692990057,-0.253562786264557,0.00688882665394507
"860",-0.16862243754902,1.07428708575666,0.110013251227666,-0.376815375453085
"861",-0.16862243754902,1.02896581017951,-0.206359150889808,-0.127226331246367
"862",-0.16862243754902,1.03845441138598,0.0952201901459314,-0.263288206943598
"863",-0.16862243754902,1.01957573792773,-0.164569280498271,-0.111586904640074
"864",-0.16862243754902,1.0319109324606,-0.254550292355385,0.00665741642765506
"865",-0.16862243754902,1.03273797949527,-0.251165078495392,-0.0588543765269391
"866",-0.16862243754902,1.03417136491611,-0.261039119253046,-0.0369998680003635
"867",-0.16862243754902,1.0136311528256,-0.087388043705515,-0.140753130678809
"868",-0.16862243754902,1.07884092792171,-0.401514567269404,-0.0518054054076179
"869",-0.16862243754902,1.00446723475252,-0.0941054597867017,-0.00992915553847013
"870",-0.16862243754902,1.00363139880842,-0.0818305381868691,-0.024077950373656
"871",-0.16862243754902,1.00109453237409,-0.0160778402034451,-0.0439518577957578
"872",-0.16862243754902,1.03288942834908,-0.157044895581794,-0.205420232613512
"873",-0.16862243754902,1.05001880940081,-0.317411627424873,-0.0423008140700338
"874",-0.16862243754902,1.08190496530147,-0.399503523073443,-0.104476260441752
"875",-0.16862243754902,1.03111230882702,0.0374030495749741,-0.248583195926588
"876",-0.16862243754902,1.02678472017794,-0.19279673881575,0.130829198166563
"877",-0.16862243754902,1.02120193925797,-0.164734854257074,-0.125362787688933
"878",-0.16862243754902,1.00144423904181,0.0099949666364661,0.0528267408797243
"879",-0.16862243754902,1.02056131513928,-0.172805666162315,-0.108090701269924
"880",-0.16862243754902,1.01221658089293,-0.0658610630582708,-0.142283966093905
"881",-0.16862243754902,1.00704541019364,-0.11838086869789,-0.0112440258985991
"882",-0.16862243754902,1.02691702254519,-0.207190357207513,0.107845848660478
"883",-0.16862243754902,1.0032221301186,-0.0100984756925947,0.0797035955800212
"884",-0.16862243754902,1.00658661190124,-0.110332989551156,-0.0322992054936857
"885",-0.16862243754902,1.00984088128082,-0.106191802936407,-0.0922057834148591
"886",-0.16862243754902,1.0278015249262,-0.198967266053377,-0.12956852117653
"887",-0.16862243754902,1.02342486950088,0.0393619441399848,-0.214124031501424
"888",-0.16862243754902,1.02971896334319,-0.198906088795377,-0.144074672682941
"889",-0.16862243754902,1.01891065651357,-0.06123760770128,-0.185550212503097
"890",-0.16862243754902,1.0029004801318,-0.073580102540332,-0.0198831979002568
"891",-0.16862243754902,1.0744309947595,-0.273756433768236,-0.281885397760142
"892",-0.16862243754902,1.0083236064586,-0.10800201036689,0.0710778523760073
"893",-0.16862243754902,1.09660409479117,-0.305723959937759,-0.330262624335151
"894",-0.16862243754902,1.02898684620096,-0.234997057484719,-0.0599192175193477
"895",-0.16862243754902,1.06044247267957,-0.313402941037103,-0.162224641815155
"896",-0.16862243754902,1.09984101954947,-0.147849379266638,-0.433348392559707
"897",-0.16862243754902,1.00690738331669,-0.110671067189066,0.0401795154886261
"898",-0.16862243754902,1.02150262532606,-0.173830163152803,-0.115111632454327
"899",-0.16862243754902,1.009589339316,-0.0264592326274052,-0.136273779830489
"900",-0.16862243754902,1.02907259617129,-0.203128248906885,-0.13315150275807
"901",-0.16862243754902,1.11339774080475,-0.425780677293182,-0.241589205207663
"902",-0.16862243754902,1.0248550941826,-0.000443459550308702,-0.224338510772568
"903",-0.16862243754902,1.11067412297758,-0.277776604254875,-0.395521384479582
"904",-0.16862243754902,1.00070105524485,-0.0258814614736558,-0.0270693908342603
"905",-0.16862243754902,1.12778671131223,-0.521171812340573,0.0168169032256094
"906",-0.16862243754902,1.02289096406752,-0.0156500182459279,-0.214618268793408
"907",-0.16862243754902,1.07821210734635,-0.393232521625299,-0.088935551746602
"908",-0.16862243754902,1.0862760817582,-0.296899161814768,-0.30306206214839
"909",-0.16862243754902,1.01640723631987,-0.0641073369647131,-0.170217271129223
"910",-0.16862243754902,1.05980866648026,-0.282316887119488,-0.208546361257722
"911",-0.16862243754902,1.01213996287803,0.13792045675133,-0.0735204193693716
"912",-0.16862243754902,1.11855733842135,-0.023963490635876,-0.500595915337711
"913",-0.16862243754902,1.04061109516374,0.00915633733148785,-0.287728366457941
"914",-0.16862243754902,1.00241116198409,-0.00125855293209788,-0.0694734029310494
"915",-0.16862243754902,1.02508671511001,-0.077002870351555,-0.211833263329087
"916",-0.16862243754902,1.01224069480578,-0.0976897736993143,-0.122832944829381
"917",-0.16862243754902,1.00270352641337,0.016270298129606,0.0717609871767734
"918",-0.16862243754902,1.07253536059389,-0.29512238410514,-0.251465461096288
"919",-0.16862243754902,1.02142252262236,-0.196564659123616,0.0683103542944749
"920",-0.16862243754902,1.01872268850115,-0.128751663817798,0.145667172455397
"921",-0.16862243754902,1.04493572369562,-0.258208047847821,-0.158805764007172
"922",-0.16862243754902,1.01195435037447,-0.0586547651228332,-0.143566102441317
"923",-0.16862243754902,1.0732489073142,-0.38357002845174,-0.0688276857424439
"924",-0.16862243754902,1.07844269899446,-0.216217929204231,-0.341010941327521
"925",-0.16862243754902,1.0013553350615,0.00389838589473023,-0.0519356298079332
"926",-0.16862243754902,1.05935324452185,-0.10894819509396,-0.332204135231237
"927",-0.16862243754902,1.00047860513033,-0.0143532877166883,-0.0274120859338562
"928",-0.16862243754902,1.01884783522127,-0.134645880902739,0.141143182941953
"929",-0.16862243754902,1.04463756035403,0.110501331001447,-0.281170923726722
"930",-0.16862243754902,1.03315515809913,-0.252920959274156,0.0586563642469318
"931",-0.16862243754902,1.05272487390637,-0.283359092549352,-0.167144502783662
"932",-0.16862243754902,1.02604105530181,-0.0862687565437591,-0.212880127793186
"933",-0.16862243754902,1.01834205935738,0.0551287471393592,-0.184340367513683
"934",-0.16862243754902,1.09663563981167,-0.42347963264142,-0.152560569096505
"935",-0.16862243754902,1.05856828983449,-0.299343472193446,-0.175955420201509
"936",-0.16862243754902,1.00733525505053,-0.0856534711090151,-0.0859523062790506
"937",-0.16862243754902,1.05220989416031,-0.32058653352673,0.0661054906204418
"938",-0.16862243754902,1.03091531057811,-0.202199111963109,-0.147992894105417
"939",-0.16862243754902,1.04213589165332,-0.280338769668625,0.0863561861868646
"940",-0.16862243754902,1.00216562074944,0.062971330547903,-0.0192494919708277
"941",-0.16862243754902,1.02104336915505,0.0131640348657898,-0.20580638931178
"942",-0.16862243754902,1.00913159209672,-0.12755870461976,0.0455559770326171
"943",-0.16862243754902,1.00083728593079,-0.0408994887792687,-0.00158263290420507
"944",-0.16862243754902,1.0392801926339,-0.267925486981576,-0.0912099349130101
"945",-0.16862243754902,1.02197997412492,-0.21072813799508,-0.00605965093903163
"946",-0.16862243754902,1.01434206263345,-0.146531540013202,-0.0861297150165595
"947",-0.16862243754902,1.04953670126032,-0.279903241266492,-0.152254598685591
"948",-0.16862243754902,1.04085343515011,0.140329938574972,-0.252355665288769
"949",-0.16862243754902,1.00241005567138,-0.0446710626826916,-0.0532016528869372
"950",-0.16862243754902,1.0378717526462,-0.216461022736909,-0.174133283942459
"951",-0.16862243754902,1.00942101205806,-0.132592320716197,0.0367431091690034
"952",-0.16862243754902,1.0321892801884,-0.150530535139473,-0.206773470557695
"953",-0.16862243754902,1.04643133379363,-0.264744151121699,-0.157889425839594
"954",-0.16862243754902,1.02635566101586,-0.152231896201848,-0.173871770791251
"955",-0.16862243754902,1.05908411551559,-0.291267851065532,-0.191891121923636
"956",-0.16862243754902,1.01204396194328,-0.150165613934133,-0.0410276650279238
"957",-0.16862243754902,1.0185865696939,-0.116333593574759,-0.154871220589165
"958",-0.16862243754902,1.0303735170298,-0.173469124068742,-0.177702131645029
"959",-0.16862243754902,1.06895767189593,-0.273954890444232,-0.260036963347255
"960",-0.16862243754902,1.03549488797394,-0.267368216877974,-0.0276387341181061
"961",-0.16862243754902,1.03535820868417,-0.248805124569462,0.100312662598838
"962",-0.16862243754902,1.04839361756536,-0.284964781295845,-0.133881480320458
"963",-0.16862243754902,1.02362493288148,-0.215546546723668,-0.0367108895575555
"964",-0.16862243754902,1.00317280939084,0.0439623470836198,-0.0665056203641209
"965",-0.16862243754902,1.04524772439939,-0.303499771892219,-0.0207531641797213
"966",-0.16862243754902,1.05843377402997,-0.191368726336897,-0.289240496105776
"967",-0.16862243754902,1.04998701797109,0.0409710992892333,0.317480876480539
"968",-0.16862243754902,1.03806979578615,0.0298167232823311,-0.276947402833457
"969",-0.16862243754902,1.0311820062271,-0.250986441515866,0.0184969224939653
"970",-0.16862243754902,1.0108839080321,-0.0742390031149344,-0.127964236936531
"971",-0.16862243754902,1.01160564461079,-0.0236468118880334,-0.150953000950447
"972",-0.16862243754902,1.03816914059049,-0.261573042160162,-0.0968230762239885
"973",-0.16862243754902,1.00748461610071,0.0667538250679116,-0.102806510097379
"974",-0.16862243754902,1.11282382361159,-0.0755870940241612,-0.482352001773095
"975",-0.16862243754902,1.06130026240936,0.0497010408301917,-0.351977348036167
"976",-0.16862243754902,1.01774525531162,0.177267779098081,0.0661931960473008
"977",-0.16862243754902,1.07311067195131,0.30715900106233,-0.239206735528464
"978",-0.16862243754902,1.03452539979192,-0.210371990134489,-0.161203066290554
"979",-0.16862243754902,1.05151133331705,-0.229236557645502,-0.230492266102429
"980",-0.16862243754902,1.04914407911713,-0.212879169818333,-0.235341789327767
"981",-0.16862243754902,1.05972418498455,-0.115070105104468,-0.331321926760676
"982",-0.16862243754902,1.01564853603088,-0.0208701704939432,-0.176370022184088
"983",-0.16862243754902,1.01532278931084,0.162255903009454,-0.0674787998747092
"984",-0.16862243754902,1.05467491654045,-0.25122986112084,-0.221861976149162
"985",-0.16862243754902,1.00899559060782,0.0440753225933126,-0.12700184173593
"986",-0.16862243754902,1.08861572966219,-0.134320951560966,-0.408707828209458
"987",-0.16862243754902,1.03867751966803,-0.258341521544001,-0.11004838985673
"988",-0.16862243754902,1.00195510392771,-0.0607718924703942,-0.0148595885659495
"989",-0.16862243754902,1.01285941449643,-0.159792134304511,0.0187261140780898
"990",-0.16862243754902,1.0262996906633,-0.225023708084047,0.0515304362071605
"991",-0.16862243754902,1.00825935944254,0.128789009174329,0.000571856076623607
"992",-0.16862243754902,1.01526300166879,-0.132468264807879,-0.114939642318563
"993",-0.16862243754902,1.03296167507944,-0.242690177383773,-0.0900627558114938
"994",-0.16862243754902,1.01493831838388,-0.131008785265993,-0.113738684303209
"995",-0.16862243754902,1.02715530311115,-0.191129077425275,-0.136079728365111
"996",-0.16862243754902,1.06938063041724,-0.345885406655737,-0.154719805371435
"997",-0.16862243754902,1.01040119626073,-0.080197460486315,-0.120328486804497
"998",-0.16862243754902,1.04721077013633,-0.124737390939095,-0.284764780812566
"999",-0.16862243754902,1.07847929652137,-0.197150294368679,-0.352490218950214
"1000",-0.16862243754902,1.05180449910407,-0.309962184612057,-0.1010749644872
