"","t","","",""
"1",-0.16862243754902,1.01541050972983,-0.146775186070669,-0.0975476705191473
"2",-0.16862243754902,1.03080121404844,-0.203377480148837,-0.1455635375087
"3",-0.16862243754902,1.00678305712502,-0.116572471039819,0.00479407026108124
"4",-0.16862243754902,1.04110822674814,-0.0513614108935184,-0.285076034197344
"5",-0.16862243754902,1.01323592712735,-0.120282254347695,-0.110359518441592
"6",-0.16862243754902,1.01759406436503,-0.100554793806005,-0.159331143451547
"7",-0.16862243754902,1.03582695182973,-0.24535736406361,-0.112859372834663
"8",-0.16862243754902,1.000986016103,0.00057665375381639,-0.0444147712388077
"9",-0.16862243754902,1.02752878622238,-0.208855533308905,-0.110429944860462
"10",-0.16862243754902,1.0227593599557,-0.183731305484274,-0.11081297650564
"11",-0.16862243754902,1.02526711744178,-0.137616104691315,-0.179539605204455
"12",-0.16862243754902,1.02415422602561,-0.0530643887558597,-0.214653323598987
"13",-0.16862243754902,1.00139085328926,-0.0191924096768179,-0.0491456250564226
"14",-0.16862243754902,1.02062342242041,-0.146346826888202,-0.142319277165452
"15",-0.16862243754902,1.02099171839571,-0.116825581754399,-0.169634526203765
"16",-0.16862243754902,1.00292676406987,0.0385078560191638,0.0661758196961824
"17",-0.16862243754902,1.02642247391988,-0.167030773236092,-0.160136865711678
"18",-0.16862243754902,1.0145176770722,-0.11416449022382,-0.127328654527976
"19",-0.16862243754902,1.01352560565285,-0.0540034613132684,-0.155941589962949
"20",-0.16862243754902,1.01081981641478,-0.118145775075752,-0.0883078540592557
"21",-0.16862243754902,1.00922752303035,-0.130673313908715,-0.0382711154017681
"22",-0.16862243754902,1.02053400677885,-0.111512763573557,-0.170453989546367
"23",-0.16862243754902,1.01003320460542,-0.0379035089071153,-0.136859045802669
"24",-0.16862243754902,1.00782113967424,-0.120870538113384,-0.0330720817376538
"25",-0.16862243754902,1.0173058092157,-0.134399427180661,-0.129799473949328
"26",-0.16862243754902,1.01354105393562,-0.0373885542584236,-0.160833964147464
"27",-0.16862243754902,1.03792116199829,-0.179791791813127,-0.212026531642864
"28",-0.16862243754902,1.01558362066502,0.03265428582928,-0.174194684706664
"29",-0.16862243754902,1.00398396093432,-0.0846847207696031,-0.0285007347542644
"30",-0.16862243754902,1.00741824519597,-0.106513718161706,-0.0595512266631639
"31",-0.16862243754902,1.02195509770217,-0.129994449650172,-0.165812137009317
"32",-0.16862243754902,1.02064418946337,-0.203937238450569,-0.0111429017085357
"33",-0.16862243754902,1.00115570931568,-0.0415694241706435,0.02418134135028
"34",-0.16862243754902,1.03996888032089,-0.0877621298737872,-0.271722433000833
"35",-0.16862243754902,1.01165360522104,-0.0919846661266526,-0.122400319257356
"36",-0.16862243754902,1.04364675912755,-0.252689253413608,-0.159206466723923
"37",-0.16862243754902,1.0197290212847,-0.159638283809245,-0.119845296915202
"38",-0.16862243754902,1.00797440942789,-0.0976521533333432,0.080476499742817
"39",-0.16862243754902,1.02593051984069,-0.183400980197202,-0.137468221794334
"40",-0.16862243754902,1.04390897520038,-0.179560667551665,-0.239799739725265
"41",-0.16862243754902,1.01017713448706,-0.13445602467306,-0.0487793037015036
"42",-0.16862243754902,1.02295421425878,-0.110830229328355,-0.184802556088421
"43",-0.16862243754902,1.00578731351229,-0.105159305272736,-0.0234444137657113
"44",-0.16862243754902,1.01395630851025,-0.140255779599347,-0.0918461314194653
"45",-0.16862243754902,1.01606204179679,-0.126105425332276,-0.128372483352237
"46",-0.16862243754902,1.01488379648777,-0.158790982351199,-0.0690980773782042
"47",-0.16862243754902,1.02298837213244,-0.137627547595636,-0.166023696082763
"48",-0.16862243754902,1.04184751678025,-0.17385835419115,-0.234988342049362
"49",-0.16862243754902,1.01403462927353,-0.0960975612660734,-0.137954659524835
"50",-0.16862243754902,1.03266213687658,-0.177324721503055,-0.186941253024471
"51",-0.16862243754902,1.05605946152533,-0.121910910182094,-0.316858511414398
"52",-0.16862243754902,1.01371057764767,-0.122412566264641,-0.112357905174795
"53",-0.16862243754902,1.02145798463752,-0.0277163838110191,-0.20641757785662
"54",-0.16862243754902,1.01091011799412,-0.0610580480712414,-0.134948810400877
"55",-0.16862243754902,1.03345343954642,-0.255359461525492,-0.0530806661576766
"56",-0.16862243754902,1.0032483784523,-0.0693900390008144,-0.0411379551585811
"57",-0.16862243754902,1.00727882984796,-0.0805137492217922,-0.0901564043544154
"58",-0.16862243754902,1.00600558461146,-0.0338803386988119,-0.104399994823284
"59",-0.16862243754902,1.00215404968986,-0.0592386794503923,-0.0283463960099231
"60",-0.16862243754902,1.018210803905,-0.0643671175097043,-0.18058271061306
"61",-0.16862243754902,1.04307618379519,-0.123713890621224,-0.269634564676134
"62",-0.16862243754902,1.01352522162587,-0.0643476118815715,-0.151963020886357
"63",-0.16862243754902,1.00378098130976,-0.0636521220367231,-0.0593688958917109
"64",-0.16862243754902,1.01739772125626,-0.0559069741064049,-0.178808650416315
"65",-0.16862243754902,1.02371738319228,-0.212225767334316,-0.0543829415295808
"66",-0.16862243754902,1.01041100075119,-0.129324723864565,-0.0648498746057596
"67",-0.16862243754902,1.02245339788691,-0.201760929787743,-0.0685819076847134
"68",-0.16862243754902,1.0208197062303,-0.157452546711185,-0.131459378373234
"69",-0.16862243754902,1.02917904820033,-0.216311691829103,-0.111439513784663
"70",-0.16862243754902,1.02198813338868,-0.153162708977202,-0.144916974043907
"71",-0.16862243754902,1.01089129611964,-0.134351862775126,-0.0620547301928473
"72",-0.16862243754902,1.01684591877713,-0.117663012187388,-0.141883889489583
"73",-0.16862243754902,1.00424867881488,0.0432789030186454,-0.0815005856109592
"74",-0.16862243754902,1.01541912369064,-0.132973490439355,-0.115732655707213
"75",-0.16862243754902,1.01342032848203,-0.113866464276919,-0.11855458866573
"76",-0.16862243754902,1.01679951934954,-0.0717926766314664,-0.169490631397594
"77",-0.16862243754902,1.00700921634326,-0.102370280443313,-0.0598989773053583
"78",-0.16862243754902,1.00201228196849,-0.0213297153880847,-0.0597800673900503
"79",-0.16862243754902,1.03741736293937,-0.238866921899473,-0.138482412422482
"80",-0.16862243754902,1.00744790352557,-0.0616655148940661,0.105587132695776
"81",-0.16862243754902,1.00557235500813,-0.00896353122118871,-0.105334781836938
"82",-0.16862243754902,1.02730435419034,-0.192526389402015,-0.135232486933637
"83",-0.16862243754902,1.03665046783049,-0.187876591411461,-0.19835972084269
"84",-0.16862243754902,1.00879502134128,-0.050859369317027,-0.122803581526022
"85",-0.16862243754902,1.02740947306238,-0.160342286129107,-0.172802131402406
"86",-0.16862243754902,1.03605892381839,-0.266908546505265,-0.0466682057312444
"87",-0.16862243754902,1.0160718570446,-0.155382890382559,-0.0908745071756605
"88",-0.16862243754902,1.0116228344957,-0.085854353083877,-0.12652979621286
"89",-0.16862243754902,1.03125363182836,-0.141809519405011,-0.208264527381179
"90",-0.16862243754902,1.01809661169035,-0.125059834592368,-0.144501724927775
"91",-0.16862243754902,1.0220789255178,-0.146792458412824,-0.151977972551061
"92",-0.16862243754902,1.02010099092062,-0.195758253948487,-0.0477989297815388
"93",-0.16862243754902,1.01837938403088,-0.14608379426722,-0.125523284181113
"94",-0.16862243754902,1.02186940949413,-0.150027538762232,-0.147339158653837
"95",-0.16862243754902,1.01657890335784,-0.13478264726499,-0.123556888713111
"96",-0.16862243754902,1.03686416590082,-0.118023493877209,-0.247300936961885
"97",-0.16862243754902,1.00705817469325,-0.0826922509265891,-0.0856046660714324
"98",-0.16862243754902,1.01532177075836,-0.169651400800738,-0.045789741015144
"99",-0.16862243754902,1.0152543674242,-0.108378997272844,-0.137823885898074
"100",-0.16862243754902,1.02946651378454,-0.154461188351948,-0.189586508740966
"101",-0.16862243754902,1.04961269209987,-0.19721514222718,-0.250585297041659
"102",-0.16862243754902,1.02372587993713,-0.125918720939263,-0.179329732532207
"103",-0.16862243754902,1.01476273649115,-0.150608522483964,-0.084026688178254
"104",-0.16862243754902,1.02158245292787,-0.208618411531396,-0.0104434908075016
"105",-0.16862243754902,1.01271633177744,-0.0957247265355459,-0.128184029342418
"106",-0.16862243754902,1.00439647757661,-0.0805898981403546,-0.0481409647392805
"107",-0.16862243754902,1.02379477368633,-0.136164327604362,-0.172090134858168
"108",-0.16862243754902,1.01703610927199,-0.0614050495417974,-0.174905309964802
"109",-0.16862243754902,1.021645330672,-0.104671932035378,-0.181115897501794
"110",-0.16862243754902,1.00908889778744,-0.119040382185376,-0.0639514741584524
"111",-0.16862243754902,1.0158754454782,-0.104480066858095,-0.145213072258854
"112",-0.16862243754902,1.04657535571143,-0.298895390825022,-0.0773402904445986
"113",-0.16862243754902,1.02466304426876,-0.205397846521773,-0.08801181133429
"114",-0.16862243754902,1.00304578187471,-0.0128753837804906,-0.0770393732395598
"115",-0.16862243754902,1.00726703114947,-0.10541368825847,-0.0589476578704852
"116",-0.16862243754902,1.03590028521099,-0.168828096967661,-0.211155096018279
"117",-0.16862243754902,1.00147676356974,0.0210424322302464,-0.0501290735597163
"118",-0.16862243754902,1.00831532006603,-0.0625553291181627,-0.113077917732807
"119",-0.16862243754902,1.01211282422124,-0.139652796454456,-0.0697815548374777
"120",-0.16862243754902,1.01936195379302,-0.161794197383507,-0.113672470430422
"121",-0.16862243754902,1.02069142108525,-0.197501941532365,-0.0529524330693647
"122",-0.16862243754902,1.01702879919089,-0.116964168779078,-0.143760083491503
"123",-0.16862243754902,1.00214470209548,0.0273268536500975,-0.0595587693594937
"124",-0.16862243754902,1.01778279530292,-0.0825786551307119,-0.170477517964756
"125",-0.16862243754902,1.01218548579801,-0.0712220544638156,-0.139452058493591
"126",-0.16862243754902,1.02570639006691,-0.198427949595792,-0.112694043512963
"127",-0.16862243754902,1.01118063139677,-0.149435899582027,-0.0124571757664221
"128",-0.16862243754902,1.01448727332924,-0.0247603267827765,-0.169030630255613
"129",-0.16862243754902,1.01331754243454,-0.077321997284913,-0.144339012541488
"130",-0.16862243754902,1.02237419715992,0.080097550292222,-0.197061872150769
"131",-0.16862243754902,1.0208523855763,-0.171922290098411,-0.112170937876715
"132",-0.16862243754902,1.02818180694478,-0.229368718960402,-0.0674375184499757
"133",-0.16862243754902,1.01663416246804,-0.181317100661226,-0.0258675338002878
"134",-0.16862243754902,1.01345318949201,-0.113320248858459,-0.119356141401189
"135",-0.16862243754902,1.02171000865179,-0.134003174061177,-0.161041892440382
"136",-0.16862243754902,1.00227157691937,-0.0425702926377972,-0.0523075910854733
"137",-0.16862243754902,1.02277780261893,-0.103416686789086,-0.18809418498076
"138",-0.16862243754902,1.03763871188601,-0.142445787952299,-0.237493776548151
"139",-0.16862243754902,1.01369605075488,-0.0375379459242663,-0.161773254686415
"140",-0.16862243754902,1.024758229713,-0.180261949894907,-0.132797058644439
"141",-0.16862243754902,1.00824502183614,-0.124412483006526,0.032856629917112
"142",-0.16862243754902,1.0280676477372,-0.213912031637559,-0.105663290903678
"143",-0.16862243754902,1.03623681697964,-0.208103379976553,-0.174584432600479
"144",-0.16862243754902,1.02722435066633,-0.165194450891825,-0.167034906520828
"145",-0.16862243754902,1.01565093740433,-0.17656436575493,-0.0192834487541401
"146",-0.16862243754902,1.0272355224433,-0.212043580138784,-0.101243956319819
"147",-0.16862243754902,1.01371143409089,-0.163852332887815,-0.0276276060095825
"148",-0.16862243754902,1.00160322155205,0.0130704323402605,-0.0551196627519176
"149",-0.16862243754902,1.01180047575578,-0.13575025110408,-0.0728839630152657
"150",-0.16862243754902,1.01002690354008,0.0500797463264237,-0.132839620906764
"151",-0.16862243754902,1.00706759884593,-0.0853745191720256,-0.0830442058271073
"152",-0.16862243754902,1.02924042864166,-0.176347080524817,-0.168040373544107
"153",-0.16862243754902,1.03408392908274,-0.00373444200082197,-0.26327860970867
"154",-0.16862243754902,1.02576732528642,-0.173705926122131,-0.148407738529053
"155",-0.16862243754902,1.0179828191273,-0.114030389490949,-0.152597805721144
"156",-0.16862243754902,1.02511771285144,-0.132813972671171,-0.182282127113626
"157",-0.16862243754902,1.00698171282569,-0.0807250288519609,-0.0865773624119139
"158",-0.16862243754902,1.00523349247346,0.1005626890493,-0.019532535973585
"159",-0.16862243754902,1.02198386073137,-0.121730199944537,-0.172141714923635
"160",-0.16862243754902,1.01610303210268,-0.166427302073952,-0.0690458179229596
"161",-0.16862243754902,1.01741658819153,-0.0627346633673509,-0.176637696824566
"162",-0.16862243754902,1.00654185932062,-0.0816703247140711,-0.0803521787240477
"163",-0.16862243754902,1.00878065014679,-0.0603216068973522,-0.11832034420126
"164",-0.16862243754902,1.01559601988308,0.0526352960070306,-0.169306825664563
"165",-0.16862243754902,1.02620948907352,-0.0960079910251254,-0.20949553962757
"166",-0.16862243754902,1.00460048975917,-0.0746817434619393,-0.0603720234698348
"167",-0.16862243754902,1.01783973534234,-0.0509883953168652,-0.18275095180266
"168",-0.16862243754902,1.05790707653219,-0.326896496720277,-0.110932695851586
"169",-0.16862243754902,1.00336186992448,-0.0689251203414916,-0.0445462658845247
"170",-0.16862243754902,1.03396966529505,-0.163517364307717,-0.205804130960023
"171",-0.16862243754902,1.03906274793655,-0.159214210898452,-0.233028387106438
"172",-0.16862243754902,1.02846604388249,-0.188548273655557,-0.148969634223895
"173",-0.16862243754902,1.02516755412492,-0.142345393326239,-0.175232140400323
"174",-0.16862243754902,1.01263331205369,-0.0626303412086424,-0.146641280139408
"175",-0.16862243754902,1.01478162213856,-0.14449977189729,-0.094348060667886
"176",-0.16862243754902,1.0033108793581,-0.0461942772962053,-0.0670731644057647
"177",-0.16862243754902,1.03504233972585,-0.117395018305157,-0.239856320955488
"178",-0.16862243754902,1.01926307336909,-0.187730401642578,-0.0604525353720663
"179",-0.16862243754902,1.01150769233917,-0.00975642116207688,-0.151830905639832
"180",-0.16862243754902,1.01335722494287,-0.130044640564792,-0.0999062400668135
"181",-0.16862243754902,1.00039071727716,0.00716679890783384,-0.0270226610039304
"182",-0.16862243754902,1.02810612614558,-0.187906059183513,-0.147287200870221
"183",-0.16862243754902,1.00766656694867,-0.0311756861590931,-0.120083249200809
"184",-0.16862243754902,1.011802816499,-0.141770669450593,-0.0603822553309316
"185",-0.16862243754902,1.01323985873874,-0.0649855356597675,-0.149772799572945
"186",-0.16862243754902,1.01178684154754,-0.0601263577151364,-0.141765418338384
"187",-0.16862243754902,1.01744352964681,-0.127477499305985,-0.137625663271258
"188",-0.16862243754902,1.01340130864547,-0.00148853511260462,-0.164255887649646
"189",-0.16862243754902,1.0370172643638,-0.235793310600923,-0.140734932637316
"190",-0.16862243754902,1.02050680593882,-0.117252089779264,-0.166391371200115
"191",-0.16862243754902,1.02289373180079,-0.179844589857944,-0.118184220842626
"192",-0.16862243754902,1.03102276201461,-0.228823808663832,-0.103187210354791
"193",-0.16862243754902,1.0150212270253,-0.0874909780403683,-0.150377591660071
"194",-0.16862243754902,1.01269287855201,-0.150437743673454,-0.053993995484736
"195",-0.16862243754902,1.02597629674221,-0.164634595477657,-0.159758603676846
"196",-0.16862243754902,1.02102116919124,-0.151970274905399,-0.13924533558375
"197",-0.16862243754902,1.01657628844356,-0.147125756362172,-0.108541982847816
"198",-0.16862243754902,1.05178019854258,-0.222727910976225,-0.237978704338112
"199",-0.16862243754902,1.00565697564004,0.00952590784718255,-0.106090573253067
"200",-0.16862243754902,1.00899287415493,-0.105774072163426,0.0829365164050351
"201",-0.16862243754902,1.0210871699974,-0.0640433664665363,-0.196258645529129
"202",-0.16862243754902,1.02197954556511,-0.162162758197545,-0.134704979147924
"203",-0.16862243754902,1.02160795928002,-0.111928677252541,-0.176507205724795
"204",-0.16862243754902,1.03897582446916,-0.26953142981089,-0.0826049161700546
"205",-0.16862243754902,1.00768414748285,0.00758853576510909,-0.123974816850796
"206",-0.16862243754902,1.01029802310936,-0.143420338567981,-0.011519634704886
"207",-0.16862243754902,1.01163873240515,-0.0808685772816892,-0.129896874907497
"208",-0.16862243754902,1.05636330441786,-0.340180535729547,-0.0134400160484484
"209",-0.16862243754902,1.0079850283794,-0.0406245151107571,-0.11993108941823
"210",-0.16862243754902,1.01745465583265,-0.0996311537783405,-0.159020784403566
"211",-0.16862243754902,1.00752205667245,-0.117173289124985,-0.037028570011759
"212",-0.16862243754902,1.01383056767558,-0.116518347400004,-0.119481775482965
"213",-0.16862243754902,1.00711191557379,-0.0948544014365011,-0.0726433274213242
"214",-0.16862243754902,1.01720495031923,-0.117500550230458,-0.144566703114846
"215",-0.16862243754902,1.01363714970542,-0.146229750301475,-0.0779559580127944
"216",-0.16862243754902,1.01403115779216,-0.150501063353736,-0.0748907130604792
"217",-0.16862243754902,1.00428181041369,-0.0202603442276236,-0.0903962011346611
"218",-0.16862243754902,1.01268824845024,-0.0656017630123726,-0.145718554888803
"219",-0.16862243754902,1.02512966260668,-0.161984561709779,-0.157009002683841
"220",-0.16862243754902,1.01656542202569,-0.149663801988487,-0.104909502108316
"221",-0.16862243754902,1.00895757020402,-0.124343375120085,-0.0503398801722061
"222",-0.16862243754902,1.00939504040695,-0.0820040224700228,-0.110243765796021
"223",-0.16862243754902,1.00855928385231,-0.127327716410575,-0.031296672001128
"224",-0.16862243754902,1.01439224737946,-0.094489611968098,-0.141645136780885
"225",-0.16862243754902,1.0046037495696,-0.0960408347094515,0.00220266148254664
"226",-0.16862243754902,1.01830078161678,-0.0683142646391173,-0.179637532515218
"227",-0.16862243754902,1.00906197580843,-0.129285710447138,-0.0386170441204125
"228",-0.16862243754902,1.01548668360762,-0.149834067607334,-0.0936106658915122
"229",-0.16862243754902,1.01585860861984,-0.0843910444582432,-0.157628881624812
"230",-0.16862243754902,1.04506764171207,-0.294634760103434,-0.0731897116569614
"231",-0.16862243754902,1.03134139438347,-0.174742722363738,-0.182016627673835
"232",-0.16862243754902,1.04974209231643,-0.25019272858083,-0.198398737259499
"233",-0.16862243754902,1.0106927263863,0.00271064555849409,-0.146602999869845
"234",-0.16862243754902,1.003508244289,-0.0719313372060019,-0.0430659852289761
"235",-0.16862243754902,1.00111241900819,-0.0157646936271816,-0.0444696517556014
"236",-0.16862243754902,1.01421280495887,-0.147641685578555,-0.0826410698264403
"237",-0.16862243754902,1.00727696984356,-0.0327333330914635,-0.116341836335649
"238",-0.16862243754902,1.00311461045606,-0.0165340691286156,-0.0772369488552346
"239",-0.16862243754902,1.03701053900069,-0.243343082975702,-0.127180981150452
"240",-0.16862243754902,1.00541490556736,-0.102250668128049,0.0200980895707624
"241",-0.16862243754902,1.00591848177685,-0.0785606881199056,-0.0754997368363693
"242",-0.16862243754902,1.03280095658701,-0.171352424703,-0.19317391768936
"243",-0.16862243754902,1.0080567307939,-0.109257584199543,-0.065124133727584
"244",-0.16862243754902,1.04279032993474,-0.230176064731329,-0.18555498222952
"245",-0.16862243754902,1.00584219123598,-0.0706489604221412,-0.0820197419019875
"246",-0.16862243754902,1.01980867037782,-0.139208117837453,-0.143634341666381
"247",-0.16862243754902,1.00755484895994,-0.0884431870120395,-0.0857005036965344
"248",-0.16862243754902,1.00513785051296,-0.0798567390591336,-0.0626498185205141
"249",-0.16862243754902,1.00079008503052,-0.0375109038978574,-0.0131805304962023
"250",-0.16862243754902,1.02787585632428,-0.21958214205265,-0.0911726872804503
"251",-0.16862243754902,1.03281289327607,-0.177716493411511,-0.187401495423055
"252",-0.16862243754902,1.00076783718198,-0.0337804834979753,-0.0198782009381341
"253",-0.16862243754902,1.03016796861456,-0.184087744455383,-0.165401771153672
"254",-0.16862243754902,1.01066721639749,-0.110636404683181,-0.0959573251994528
"255",-0.16862243754902,1.00521262468913,-0.0979537538342937,-0.0292828097043649
"256",-0.16862243754902,1.0215875490356,-0.178700659231231,-0.108199790826459
"257",-0.16862243754902,1.00474435656934,-0.0620308869208323,-0.0752555056175004
"258",-0.16862243754902,1.03272328403191,-0.205952655733839,-0.155244597258077
"259",-0.16862243754902,1.01610346598494,-0.18009032292577,0.00580768242155053
"260",-0.16862243754902,1.02274571643843,-0.086406732605405,-0.196322889785229
"261",-0.16862243754902,1.00442099619348,-0.0806368178413984,-0.0485720207806449
"262",-0.16862243754902,1.01824036120988,-0.167675128851404,-0.0932656655018276
"263",-0.16862243754902,1.00853904708307,-0.0639276011292801,-0.114299043325311
"264",-0.16862243754902,1.00256294399044,-0.0705187948623663,-0.0126315570668343
"265",-0.16862243754902,1.02414488823969,-0.113155930280937,-0.189917054394114
"266",-0.16862243754902,1.0191240176322,-0.135190455291964,-0.142608920172455
"267",-0.16862243754902,1.00639764404444,-0.0249449636043927,-0.110516816498552
"268",-0.16862243754902,1.03173255940345,-0.225808404612219,-0.116114764520621
"269",-0.16862243754902,1.01545533743266,-0.108633721616461,-0.13909801166168
"270",-0.16862243754902,1.00458628304246,-0.0648110006808616,-0.0706621133833809
"271",-0.16862243754902,1.01078186695918,-0.0555903550014538,-0.136344031788315
"272",-0.16862243754902,1.01751388587421,-0.182410619729553,0.0453968474313919
"273",-0.16862243754902,1.00149676790715,-0.0512689179307008,0.0191643988344154
"274",-0.16862243754902,1.01099348567244,-0.146497644297809,-0.0254218073177057
"275",-0.16862243754902,1.03352213182455,-0.049834033667482,-0.25629000382299
"276",-0.16862243754902,1.04820217014046,-0.27668442943738,-0.148907743230744
"277",-0.16862243754902,1.01942955446244,-0.168630756355082,-0.103924417355084
"278",-0.16862243754902,1.0378858154855,-0.255898332331993,-0.108272847453624
"279",-0.16862243754902,1.01169851915028,-0.153405125925711,0.000872347739444948
"280",-0.16862243754902,1.0060914660715,-0.0606883589511102,-0.0923956773324132
"281",-0.16862243754902,1.01581837249886,-0.129841210536879,-0.122589664949998
"282",-0.16862243754902,1.03212730532451,-0.228863220414256,-0.113615143084212
"283",-0.16862243754902,1.00635211722285,-0.0880045226502156,-0.0707091778485164
"284",-0.16862243754902,1.00591583623246,-0.10572469812293,-0.0262480054492472
"285",-0.16862243754902,1.00998972110172,-0.136290096155348,0.0387846157785811
"286",-0.16862243754902,1.00678262809051,-0.115967653328033,-0.0127578840890603
"287",-0.16862243754902,1.00435966649402,-0.0902450827459124,0.0243754942549167
"288",-0.16862243754902,1.0397703110814,-0.251614553229755,-0.133463164990614
"289",-0.16862243754902,1.00700132440633,-0.11843929650207,-0.00487856538362933
"290",-0.16862243754902,1.01261198176057,-0.0199503604749389,-0.158066469315874
"291",-0.16862243754902,1.01204745985963,-0.134706649192811,-0.0780652270320848
"292",-0.16862243754902,1.0047387442054,-0.00962301802357578,-0.096991451332413
"293",-0.16862243754902,1.00265252665161,-0.0394761777896773,-0.0612676145118273
"294",-0.16862243754902,1.01515934232615,-0.121646188592785,-0.125501773345678
"295",-0.16862243754902,1.02729471265332,-0.131700729859936,-0.194908553942172
"296",-0.16862243754902,1.01511123365802,-0.135516558032091,-0.10993670541656
"297",-0.16862243754902,1.01666386612559,-0.0638861876515638,-0.171825410556122
"298",-0.16862243754902,1.02034795629426,-0.13584535270276,-0.150519075412201
"299",-0.16862243754902,1.01749713123568,-0.111956385477749,-0.150884657349865
"300",-0.16862243754902,1.01752967858958,-0.0950631297847111,-0.162264130867389
"301",-0.16862243754902,1.04444035189015,-0.192545123801424,-0.231909516744585
"302",-0.16862243754902,1.02070785019536,-0.0939706791720666,-0.18169762493323
"303",-0.16862243754902,1.01245713031566,-0.106445224580515,-0.117212861457377
"304",-0.16862243754902,1.00989358439536,-0.115891418667828,-0.0803382280241439
"305",-0.16862243754902,1.05348429978056,-0.262656978299102,-0.202090280901703
"306",-0.16862243754902,1.00847479364716,-0.129896740860192,-0.0121756369684454
"307",-0.16862243754902,1.00122377660366,0.0279821475893205,-0.0408172788508004
"308",-0.16862243754902,1.02648611081278,-0.112406057990098,-0.202579894902419
"309",-0.16862243754902,1.00662373012161,-0.0834944555693088,-0.0794984901311652
"310",-0.16862243754902,1.02650008778619,-0.151411729496243,-0.17543351560069
"311",-0.16862243754902,1.01786150505186,-0.0436850636671639,-0.184752966630672
"312",-0.16862243754902,1.01361743883279,-0.0524077010116446,-0.157078786539163
"313",-0.16862243754902,1.00816831218579,-0.0579306150957876,-0.114225170300439
"314",-0.16862243754902,1.02342157718391,-0.15648399672941,-0.151342272393392
"315",-0.16862243754902,1.01316297601745,-0.10862774604061,-0.121240375959007
"316",-0.16862243754902,1.0122205441444,-0.126898605357804,-0.0921258592699628
"317",-0.16862243754902,1.00998118358034,-0.121461153215371,-0.0728641163121185
"318",-0.16862243754902,1.02004974518574,-0.050886560917895,-0.194710145014193
"319",-0.16862243754902,1.03104608906961,-0.198041653482935,-0.154387633155928
"320",-0.16862243754902,1.00524529119763,-0.0639202594725557,-0.0802015953953767
"321",-0.16862243754902,1.0063791237017,-0.0580121489505145,-0.0971263671551263
"322",-0.16862243754902,1.01002909307722,-0.128284210280651,-0.0608434898330777
"323",-0.16862243754902,1.01324240465584,-0.120146905640224,-0.110566231996167
"324",-0.16862243754902,1.01142620600563,-0.114871158176676,-0.09893223546491
"325",-0.16862243754902,1.01363717586287,-0.0815131647407992,-0.144277261774632
"326",-0.16862243754902,1.00987700010878,-0.128943712155762,-0.0567897388988635
"327",-0.16862243754902,1.01268677026404,-0.15447009344465,-0.0409082497672896
"328",-0.16862243754902,1.01756372746809,-0.124761493995321,-0.140962793228603
"329",-0.16862243754902,1.02461813925164,-0.0964520324373327,-0.201343827127125
"330",-0.16862243754902,1.0173315956523,-0.183124919785288,-0.0377999902921213
"331",-0.16862243754902,1.02918657064328,-0.242687055615456,0.018110500522353
"332",-0.16862243754902,1.01129304717487,-0.0959924309677366,-0.116185543253644
"333",-0.16862243754902,1.02556635573033,-0.174730856608827,-0.145792584704196
"334",-0.16862243754902,1.00491845945955,0.0085146276087411,-0.0989374109183681
"335",-0.16862243754902,1.01651021397962,-0.153164754019933,-0.0991643749080307
"336",-0.16862243754902,1.01581723680454,-0.164546313408318,-0.0693481746908315
"337",-0.16862243754902,1.03163457830878,-0.242927854957387,-0.0724980030631006
"338",-0.16862243754902,1.01490802250123,-0.126195177859366,-0.118798447895614
"339",-0.16862243754902,1.01016786692256,-0.0536330196745424,-0.132524030135889
"340",-0.16862243754902,1.00908356008431,-0.12912245045888,-0.0397117617326989
"341",-0.16862243754902,1.03071114329956,-0.171032391863518,-0.181970826934809
"342",-0.16862243754902,1.03397523962424,-0.185552204455425,-0.186212715939935
"343",-0.16862243754902,1.02023909603024,-0.166663973624656,-0.114502982337763
"344",-0.16862243754902,1.00280900707557,-0.0578306564271473,-0.0477652577623225
"345",-0.16862243754902,1.00611088562934,-0.0896143518381397,-0.0650260111530524
"346",-0.16862243754902,1.02815925066163,-0.172590718358652,-0.165299390977468
"347",-0.16862243754902,1.02013502306096,-0.130298035872547,-0.153941180726074
"348",-0.16862243754902,1.01387450248632,-0.112565992959782,-0.123573476202901
"349",-0.16862243754902,1.0027833592274,-0.0457688490469454,-0.0589887955489443
"350",-0.16862243754902,1.02506000117736,-0.156248424544116,-0.162278882918289
"351",-0.16862243754902,1.01845374121066,-0.0721094823252694,-0.179020237807804
"352",-0.16862243754902,1.02243301194821,-0.130245561451878,-0.168538890596718
"353",-0.16862243754902,1.01097503626184,-0.100137393249943,-0.109740723606764
"354",-0.16862243754902,1.0052948515902,-0.0798717550382522,-0.0651017770945058
"355",-0.16862243754902,1.01240011118969,-0.157116670854257,-0.0163809913182779
"356",-0.16862243754902,1.00778002237027,-0.08792513748196,-0.0888242291686005
"357",-0.16862243754902,1.03978799721035,-0.253862908885376,-0.129277618461064
"358",-0.16862243754902,1.02588652329793,-0.186165841042807,-0.133362057246947
"359",-0.16862243754902,1.01982110596264,-0.135803639886359,-0.146943729231574
"360",-0.16862243754902,1.03207275014171,-0.126600001131608,-0.221690327480831
"361",-0.16862243754902,1.04171911968474,-0.210394298645017,-0.202269531601811
"362",-0.16862243754902,1.00741034800006,-0.0845661719230611,-0.0878872677006278
"363",-0.16862243754902,1.00608474881357,-0.106891092734831,-0.0279430866085249
"364",-0.16862243754902,1.01530863705995,-0.15329907615866,-0.0857380996841088
"365",-0.16862243754902,1.02094067483548,-0.0854308540443467,-0.187140136557544
"366",-0.16862243754902,1.04120806057313,-0.202077994057354,-0.208035356899283
"367",-0.16862243754902,1.01719364583424,-0.160473971250171,-0.0945040616945064
"368",-0.16862243754902,1.00776654548911,0.0444470724090302,-0.116695621003226
"369",-0.16862243754902,1.00784001175479,-0.121403543491651,-0.0316649478377589
"370",-0.16862243754902,1.01002766383778,-0.120250049525936,-0.0754705724544943
"371",-0.16862243754902,1.02257753648491,-0.189810505424461,-0.098167154150725
"372",-0.16862243754902,1.02809012628754,-0.227988831376058,-0.0706427670587266
"373",-0.16862243754902,1.02354700691051,-0.166660728727368,-0.140970482213564
"374",-0.16862243754902,1.0088524803635,-0.103803829526755,-0.0837143482992999
"375",-0.16862243754902,1.01570170858885,-0.0574194403009628,-0.168383397951925
"376",-0.16862243754902,1.03635724185526,-0.214541775157765,-0.16735638457494
"377",-0.16862243754902,1.00106228547335,-0.0454849643464533,0.00753773278427239
"378",-0.16862243754902,1.01014977498887,-0.105599485385362,-0.0961837647236209
"379",-0.16862243754902,1.02872894268676,-0.189960788075639,-0.148990390680433
"380",-0.16862243754902,1.01321057552763,-0.163080177108605,0.000725393172476771
"381",-0.16862243754902,1.004256907638,-0.0783720048652682,-0.0488852267259213
"382",-0.16862243754902,1.03321246824561,-0.120604491677253,-0.230179410733155
"383",-0.16862243754902,1.02063414818984,-0.131525918855953,-0.156188978869494
"384",-0.16862243754902,1.01203600883473,-0.103249031366287,-0.116432472704392
"385",-0.16862243754902,1.00258784333925,-0.0683450289725858,0.0226128420680585
"386",-0.16862243754902,1.02571891703547,0.00906484480974431,-0.228072631749171
"387",-0.16862243754902,1.00833935309234,-0.004004742602098,-0.129353055748103
"388",-0.16862243754902,1.01517668893349,-0.126002003316208,-0.121273265455624
"389",-0.16862243754902,1.01927240855608,-0.118069339501589,-0.158037571208147
"390",-0.16862243754902,1.03197379572435,-0.23163607880588,-0.10637030627559
"391",-0.16862243754902,1.0057817928585,-0.0440608293978621,-0.098263208569837
"392",-0.16862243754902,1.00642928706639,-0.0665502331432556,-0.0920379070467154
"393",-0.16862243754902,1.0075602194406,-0.0571751541386236,-0.109126520829806
"394",-0.16862243754902,1.01718983873861,0.00344134290501057,-0.186180893735332
"395",-0.16862243754902,1.01796059997686,-0.121381491768424,-0.14666395794916
"396",-0.16862243754902,1.02816470254072,-0.117208998161204,-0.20828995727278
"397",-0.16862243754902,1.02872827581781,-0.190530039679858,-0.14825710588933
"398",-0.16862243754902,1.02388170697811,-0.125652667917993,-0.180402763087211
"399",-0.16862243754902,1.01604152203212,-0.122735555171929,-0.131439560216827
"400",-0.16862243754902,1.00329931166322,-0.077803503818168,0.0235822725265344
"401",-0.16862243754902,1.02695491957158,-0.202516495167141,-0.116719647092865
"402",-0.16862243754902,1.01234220692845,-0.134088616250679,-0.0828069255602088
"403",-0.16862243754902,1.00604129790915,-0.0263250072342518,-0.106892876717065
"404",-0.16862243754902,1.01041505496871,-0.0306400930265443,-0.141420536014937
"405",-0.16862243754902,1.01525293203535,-0.157694438862507,-0.076622320235186
"406",-0.16862243754902,1.01032257800778,-0.121600600777104,-0.0772334482134775
"407",-0.16862243754902,1.0295471946444,-0.180331827044962,-0.16567395134654
"408",-0.16862243754902,1.02757919772167,-0.135175311173375,-0.194027428059795
"409",-0.16862243754902,1.01654246862566,-0.181675804165784,-0.0187747889538616
"410",-0.16862243754902,1.00708363565981,-0.00940710499817286,-0.118865283364569
"411",-0.16862243754902,1.01795497476724,-0.183292253551082,-0.051344721652135
"412",-0.16862243754902,1.02292084874852,-0.211783502939523,-0.0389205689456293
"413",-0.16862243754902,1.00336978523024,-0.0786937394612894,-0.0236267069770616
"414",-0.16862243754902,1.01785884890924,-0.148555974523596,-0.118185272924323
"415",-0.16862243754902,1.01953347787045,-0.177400361303043,-0.0893175475937159
"416",-0.16862243754902,1.00937076286214,-0.113131408046408,-0.0776570758806226
"417",-0.16862243754902,1.04734101720087,-0.267434035031505,-0.159380811950886
"418",-0.16862243754902,1.04280660428197,-0.295706689435688,-0.00177981939654306
"419",-0.16862243754902,1.0301050375556,-0.147627139211548,-0.198299309544005
"420",-0.16862243754902,1.03014787404911,-0.146124921869487,-0.199630031850247
"421",-0.16862243754902,1.00206828978606,-0.00756588844603235,-0.0639031667977764
"422",-0.16862243754902,1.01397319014109,-0.122954820294233,-0.114121612726571
"423",-0.16862243754902,1.00094833379116,0.00971422025642104,-0.0424641124258649
"424",-0.16862243754902,1.02822890145403,-0.198323043399913,-0.133875480361252
"425",-0.16862243754902,1.00482036156444,-0.0772535275350952,-0.0607935152617839
"426",-0.16862243754902,1.0122013778361,-0.114963097166541,-0.106466499816504
"427",-0.16862243754902,1.02924310535,-0.1554261989867,-0.18757416287714
"428",-0.16862243754902,1.03980476852677,-0.138933254099947,-0.248780038500304
"429",-0.16862243754902,1.00623745511956,-0.0736158884032198,-0.0842289561854703
"430",-0.16862243754902,1.02189316975444,-0.0587117096325074,-0.202036099603014
"431",-0.16862243754902,1.00823387623769,-0.0856051549816434,-0.0959547113686897
"432",-0.16862243754902,1.00148790871549,-0.0313691388739702,-0.0446543215113543
"433",-0.16862243754902,1.02863096400574,-0.130750734223545,-0.202449760709601
"434",-0.16862243754902,1.0115193144412,-0.0807326427327854,-0.129048688040467
"435",-0.16862243754902,1.00987186913841,-0.112263369033532,-0.0850771887779195
"436",-0.16862243754902,1.01953627636494,-0.0218071061460086,-0.197430162198257
"437",-0.16862243754902,1.01728156933924,-0.121264469788716,-0.141974362770767
"438",-0.16862243754902,1.02506495924699,-0.143914667909432,-0.173339952222635
"439",-0.16862243754902,1.01659932985736,-0.139569595811003,-0.118298458956921
"440",-0.16862243754902,1.02386555494049,-0.15220626911812,-0.158536829269218
"441",-0.16862243754902,1.02598997736144,-0.114368998618532,-0.198935079362887
"442",-0.16862243754902,1.01914880959752,-0.180175361003496,-0.0787472881520901
"443",-0.16862243754902,1.01421416364446,-0.145739099527536,-0.0859679277750511
"444",-0.16862243754902,1.01673982010984,-0.0457753942355323,-0.17794514626586
"445",-0.16862243754902,1.00673177776679,-0.102957819818565,-0.0539310643663977
"446",-0.16862243754902,1.02606656429593,-0.210558856653046,-0.0920736783831806
"447",-0.16862243754902,1.02018977606172,-0.122414608923974,-0.160629520023109
"448",-0.16862243754902,1.01837358209057,-0.19233530750211,-0.00958551970647122
"449",-0.16862243754902,1.02730951094262,-0.0603661490255042,-0.227421985139954
"450",-0.16862243754902,1.01835846898249,-0.19171721051383,-0.0172766472778969
"451",-0.16862243754902,1.00018039937759,-0.0137658053775679,0.0130894576445821
"452",-0.16862243754902,1.01270399570105,-0.0627835796179142,-0.147063268830907
"453",-0.16862243754902,1.03405764296708,-0.17755715724526,-0.194290156440363
"454",-0.16862243754902,1.0016169842305,-0.0110021411855079,0.0558169865573096
"455",-0.16862243754902,1.01477845229283,-0.0421037713770897,-0.167339713378705
"456",-0.16862243754902,1.0153287030385,-0.0619976724963611,-0.164464779873624
"457",-0.16862243754902,1.02399281051612,-0.149941010462788,-0.161489842931659
"458",-0.16862243754902,1.02356614853684,-0.0703101555185529,-0.206746565779233
"459",-0.16862243754902,1.01832687536061,-0.0726780068091455,-0.1780660900002
"460",-0.16862243754902,1.01838038365427,-0.169442095355162,-0.0915859275952386
"461",-0.16862243754902,1.01103429522846,-0.143809857664254,-0.0388467626283111
"462",-0.16862243754902,1.0382256045065,-0.0736060174114688,-0.269248138440552
"463",-0.16862243754902,1.02393248671143,-0.21802722298676,0.0300311068683191
"464",-0.16862243754902,1.01414792243328,-0.118145198931403,-0.120572470096619
"465",-0.16862243754902,1.00413450008704,-0.0594246280902008,-0.0689551146862098
"466",-0.16862243754902,1.02019186259918,-0.180477674709399,-0.090660054296692
"467",-0.16862243754902,1.0091138623152,-0.120449327144433,-0.0616664147421941
"468",-0.16862243754902,1.01386053817131,-0.159362061259023,0.0501689574567735
"469",-0.16862243754902,1.01872348627773,-0.14215675176312,-0.132623525145445
"470",-0.16862243754902,1.01048016516529,-0.0474072317277688,-0.137195913103803
"471",-0.16862243754902,1.01005300554792,-0.125439698820401,-0.066872684828913
"472",-0.16862243754902,1.00575529026038,-0.10654637211448,0.0138410431683811
"473",-0.16862243754902,1.00427101745304,-0.0865664639956927,-0.0326576760875532
"474",-0.16862243754902,1.03084093663319,-0.193774958019082,-0.158380245875246
"475",-0.16862243754902,1.01487100258592,-0.0695940242729527,-0.158492345793856
"476",-0.16862243754902,1.01326838155973,-0.141828060226608,-0.0812257003726521
"477",-0.16862243754902,1.00053528914601,-0.0207117514723402,-0.0253355121804085
"478",-0.16862243754902,1.01149428358432,-0.115898248239633,-0.0984290697850185
"479",-0.16862243754902,1.02558268545499,-0.174551340322916,-0.146122121174503
"480",-0.16862243754902,1.01916137563224,-0.0576154298737295,-0.188070124743585
"481",-0.16862243754902,1.0164412720127,-0.164162713207446,-0.078762066016396
"482",-0.16862243754902,1.04033458480266,-0.209648411045116,-0.195815198804347
"483",-0.16862243754902,1.00778323152785,0.00674640582451542,-0.124825989910603
"484",-0.16862243754902,1.0244910631935,-0.194934344644885,-0.10762220886612
"485",-0.16862243754902,1.0159072210643,-0.127904766995303,-0.125330971393626
"486",-0.16862243754902,1.01096225181396,-0.041125431049033,-0.14266524984659
"487",-0.16862243754902,1.0165243387177,-0.182367426763012,0.00799079853881765
"488",-0.16862243754902,1.05777935318558,-0.291646942127617,-0.183954399711773
"489",-0.16862243754902,1.03432594306623,-0.105459461640625,-0.242298284043291
"490",-0.16862243754902,1.02657419883173,0.0371286920416612,-0.229076506727075
"491",-0.16862243754902,1.03348245575916,-0.222117964705815,-0.136929164595862
"492",-0.16862243754902,1.01516942804967,-0.146517706050989,-0.0954019363548412
"493",-0.16862243754902,1.04429422672464,-0.178630939074556,-0.242159904971395
"494",-0.16862243754902,1.01024022369419,-0.098513968468752,-0.10430871289701
"495",-0.16862243754902,1.0232778085262,-0.16417968790944,-0.141924287914875
"496",-0.16862243754902,1.04354442662474,-0.25416014510774,-0.156165268156462
"497",-0.16862243754902,1.02226438898706,-0.210066462843835,-0.029942648168858
"498",-0.16862243754902,1.03537968864141,0.0230414979992081,-0.267357792145914
"499",-0.16862243754902,1.01456660031466,-0.149548379951691,-0.0835503951389282
"500",-0.16862243754902,1.02480950874035,-0.0817805077191185,-0.208677928305398
"501",-0.16862243754902,1.01060284349671,-0.0525750815740883,-0.136212951223879
"502",-0.16862243754902,1.00980803859549,-0.100313284529384,-0.0982319691291858
"503",-0.16862243754902,1.01795083829237,-0.166985715818067,-0.0913218478397694
"504",-0.16862243754902,1.01361908168584,-0.0588445393737665,-0.154793291015885
"505",-0.16862243754902,1.01619382238101,-0.177469066347956,-0.0339796282340261
"506",-0.16862243754902,1.01056101699584,-0.144122375920949,-0.0215013913634714
"507",-0.16862243754902,1.01720183577143,-0.156795914548142,-0.100571446632647
"508",-0.16862243754902,1.02118754844923,-0.206406795169815,-0.0148406204548255
"509",-0.16862243754902,1.02279874389275,-0.164535017294354,-0.138005429576296
"510",-0.16862243754902,1.02235625879025,-0.0264126308873982,-0.210985053539832
"511",-0.16862243754902,1.00714057350009,-0.100259699104785,-0.06542268357004
"512",-0.16862243754902,1.05656484005768,-0.304071246395999,-0.15449899145721
"513",-0.16862243754902,1.00666638263646,-0.0811751427247633,-0.082388118888467
"514",-0.16862243754902,1.02782022019814,-0.224991032129296,-0.0761146537109769
"515",-0.16862243754902,1.01573854141385,-0.0584695828752632,-0.168244145193609
"516",-0.16862243754902,1.01568144827344,-0.165870043058017,-0.0639994779881845
"517",-0.16862243754902,1.0024757444744,0.0704096894331039,-0.000306420352714117
"518",-0.16862243754902,1.02179781961674,-0.209057007592479,-0.0191298653944877
"519",-0.16862243754902,1.00970183257679,-0.1262060830404,-0.0597479314498192
"520",-0.16862243754902,1.00232691980142,-0.0663927696967163,-0.0158510028264186
"521",-0.16862243754902,1.01826879534786,-0.0794172556918294,-0.174826311170712
"522",-0.16862243754902,1.01816481393138,-0.163310981192105,-0.0999455439226581
"523",-0.16862243754902,1.00817951823796,-0.108661311184943,-0.0679607272334398
"524",-0.16862243754902,1.00004367363488,-0.00716170657418067,0.0060049259856403
"525",-0.16862243754902,1.02101377231695,-0.151651058815244,-0.139538810447524
"526",-0.16862243754902,1.00908108528006,-0.0173862407325242,-0.133949077276288
"527",-0.16862243754902,1.01353364941787,-0.0762969415907078,-0.146387278156978
"528",-0.16862243754902,1.01382200420273,-0.16682496323227,0.00211845420054722
"529",-0.16862243754902,1.00398349700561,0.0100790221215779,-0.0887765485512807
"530",-0.16862243754902,1.01590094772855,-0.1785960727217,-0.0125768996237718
"531",-0.16862243754902,1.01875045748374,-0.0597507330032194,-0.185154920347542
"532",-0.16862243754902,1.05820103173597,-0.254371436030779,-0.234701078179704
"533",-0.16862243754902,1.00514750240986,-0.0694537913477642,-0.0741462909942785
"534",-0.16862243754902,1.02502092973084,-0.221542463922902,-0.0398351988227829
"535",-0.16862243754902,1.02379746493185,-0.0462354771609916,-0.214530953134013
"536",-0.16862243754902,1.03974642009754,-0.170445236048691,-0.22808121275974
"537",-0.16862243754902,1.00375238586329,0.0208247127658406,-0.0841735318521573
"538",-0.16862243754902,1.01135961646481,-0.119333207268404,-0.0927785506400915
"539",-0.16862243754902,1.03738570648737,-0.098269196983103,-0.257899726538417
"540",-0.16862243754902,1.0529957295542,-0.25073462432889,-0.214317882179787
"541",-0.16862243754902,1.01312469583872,-0.0750697858109122,-0.144174118955544
"542",-0.16862243754902,1.02430888280523,-0.146149836517122,-0.166879934922439
"543",-0.16862243754902,1.02205406743283,-0.132242959735955,-0.164639959779728
"544",-0.16862243754902,1.02011731419171,-0.10323562275802,-0.173152363274303
"545",-0.16862243754902,1.01255315246601,-0.123110825810656,-0.100536615902267
"546",-0.16862243754902,1.00783211862943,-0.110249795455778,-0.0597541792935241
"547",-0.16862243754902,1.01181417014005,-0.145973834848279,-0.0495938951474205
"548",-0.16862243754902,1.03118289751277,-0.15265483368651,-0.200086655914303
"549",-0.16862243754902,1.01017510750215,-0.103520219505952,-0.0986778190396246
"550",-0.16862243754902,1.01453975190421,-0.128345463485666,-0.113218153122697
"551",-0.16862243754902,1.02001358883686,-0.138883577901821,-0.145392823760436
"552",-0.16862243754902,1.0158753042744,-0.173780350247863,-0.0424620265924312
"553",-0.16862243754902,1.02082382608328,-0.17802937695953,-0.101915773257705
"554",-0.16862243754902,1.01334189433013,-0.0723276315982159,-0.147073140008497
"555",-0.16862243754902,1.03198378027394,-0.17953692957485,-0.180988987696262
"556",-0.16862243754902,1.01785692170653,-0.148805800896363,-0.117853920959325
"557",-0.16862243754902,1.00361800404227,-0.0668706693916018,-0.0527011538100086
"558",-0.16862243754902,1.00196795657646,-0.0427057657835456,0.0460000388569823
"559",-0.16862243754902,1.0198723095558,-0.166515610456954,-0.111409511590449
"560",-0.16862243754902,1.02251011263557,-0.0502145796272639,-0.207377497416817
"561",-0.16862243754902,1.02371511530893,-0.133693302431965,-0.173547509912448
"562",-0.16862243754902,1.00757331346057,-0.109639363540144,-0.056419783413536
"563",-0.16862243754902,1.01405039367874,-0.0767812161721597,-0.149675802196408
"564",-0.16862243754902,1.0048142315685,-0.0511802675849125,-0.0838583339480114
"565",-0.16862243754902,1.01975147974941,-0.165662303101949,-0.11157545331331
"566",-0.16862243754902,1.02445095880964,-0.121529957799718,-0.186360501081087
"567",-0.16862243754902,1.02085004595309,-0.11134799397466,-0.172442571774639
"568",-0.16862243754902,1.00418109294539,-0.0732279788514574,-0.0549302334086113
"569",-0.16862243754902,1.02381653413044,-0.0770791201915911,-0.205570194311696
"570",-0.16862243754902,1.00578861411907,-0.0914184648544123,-0.057038588474998
"571",-0.16862243754902,1.0121047141418,-0.0759027154162926,-0.136362495505511
"572",-0.16862243754902,1.02497996240309,-0.165259195265323,-0.152555962545204
"573",-0.16862243754902,1.01261016143946,-0.0416441430750179,-0.153769647193417
"574",-0.16862243754902,1.02356027924637,-0.178034936244714,-0.126408887058054
"575",-0.16862243754902,1.01801001205518,-0.156433076356902,-0.108963651123204
"576",-0.16862243754902,1.00423932921247,-0.088533258228949,-0.0256611091825682
"577",-0.16862243754902,1.03326468149299,-0.0637334156628466,-0.252138758918084
"578",-0.16862243754902,1.0108077990248,-0.12540830731082,-0.0774929869523864
"579",-0.16862243754902,1.01602264256502,-0.116368369076945,-0.13696865657215
"580",-0.16862243754902,1.00615023828964,-0.0932538735896354,-0.0603491265125226
"581",-0.16862243754902,1.02504119954076,-0.191702801392246,-0.118150313983159
"582",-0.16862243754902,1.02309719015848,-0.202411772615765,-0.0758771033759191
"583",-0.16862243754902,1.01340894793586,-0.077565723074388,-0.144849074420317
"584",-0.16862243754902,1.05343275892721,-0.248881831235863,-0.218582734134432
"585",-0.16862243754902,1.01536853115625,-0.175151790496969,0.0171786014595012
"586",-0.16862243754902,1.01925586948321,-0.181473110416241,-0.0771364872924528
"587",-0.16862243754902,1.00943007924442,-0.131607806743134,-0.0403543069281546
"588",-0.16862243754902,1.01165907611587,-0.0876312032050095,-0.125598003616534
"589",-0.16862243754902,1.00846274053989,-0.0643598557966242,-0.11337948676489
"590",-0.16862243754902,1.01165258386024,-0.0895025959718366,-0.124218500012652
"591",-0.16862243754902,1.02187187940531,-0.194272972905103,-0.0804993783699517
"592",-0.16862243754902,1.01074229776709,-0.139180231118683,-0.0472107589564654
"593",-0.16862243754902,1.03113445347447,-0.134699218162842,-0.212354377794326
"594",-0.16862243754902,1.01714991677215,-0.0386432934344706,-0.181935837761924
"595",-0.16862243754902,1.01669569354064,-0.00525730553802346,-0.18341890306773
"596",-0.16862243754902,1.0365541532871,-0.256193263189604,-0.0938590677186254
"597",-0.16862243754902,1.01141502622119,-0.0544198397550821,-0.141417241901534
"598",-0.16862243754902,1.021974633804,-0.15813007204268,-0.139380889847215
"599",-0.16862243754902,1.02475132848259,-0.120571420041958,-0.188620831023233
"600",-0.16862243754902,1.01333095678829,-0.0820517308110075,-0.141799652525613
"601",-0.16862243754902,1.0073908888175,-0.117352273570368,0.032631989831618
"602",-0.16862243754902,1.03761126046662,-0.139642025025568,-0.239033957198301
"603",-0.16862243754902,1.03546306832225,-0.24432856170329,-0.111746676887235
"604",-0.16862243754902,1.02607186325955,-0.179472949003071,-0.143572034704084
"605",-0.16862243754902,1.02428168822189,-0.195900281933196,-0.103807785667404
"606",-0.16862243754902,1.00961308604251,-0.0880558331832655,-0.107539545055175
"607",-0.16862243754902,1.00751221748978,-0.0964101770412847,-0.076065407078697
"608",-0.16862243754902,1.02224575314213,-0.13191626676594,-0.166085756101031
"609",-0.16862243754902,1.03771340252472,-0.227132020769213,-0.158934423334669
"610",-0.16862243754902,1.01652458734763,-0.0795358133654374,-0.164305480963228
"611",-0.16862243754902,1.01501126744578,-0.0827005035467081,-0.152998365203723
"612",-0.16862243754902,1.01490117153701,-0.107841949146579,-0.135626332220016
"613",-0.16862243754902,1.01714988100268,-0.100843609315236,-0.156283226496123
"614",-0.16862243754902,1.04165107006975,-0.185921581716585,-0.224655552411803
"615",-0.16862243754902,1.02355356077155,-0.165240399335354,-0.142679718935837
"616",-0.16862243754902,1.00976214384353,-0.0265898527486042,-0.137522968519022
"617",-0.16862243754902,1.02891478856854,-0.209583444264357,-0.121410139713837
"618",-0.16862243754902,1.01144715600011,-0.134467071056911,-0.070313271735091
"619",-0.16862243754902,1.00445148513522,-0.0646332512806975,-0.0688863471178135
"620",-0.16862243754902,1.02701351249144,-0.142637169620956,-0.185503079981225
"621",-0.16862243754902,1.027112738159,-0.199746680901886,-0.122726689669206
"622",-0.16862243754902,1.01156542502466,-0.00890644682891747,-0.152267147836305
"623",-0.16862243754902,1.01110613026669,-0.104159721092019,-0.107174433354747
"624",-0.16862243754902,1.01439324031568,-0.158311481258763,-0.0626986514991343
"625",-0.16862243754902,1.01749791530118,-0.165064507698157,-0.0897536402639021
"626",-0.16862243754902,1.03678990902889,-0.257014628759082,-0.0942167504638312
"627",-0.16862243754902,1.00132942226709,-0.0514612647031789,0.00351427558519178
"628",-0.16862243754902,1.02433912310379,-0.127813269422407,-0.181478393426332
"629",-0.16862243754902,1.02609985094546,-0.219550871013559,-0.0683982393595415
"630",-0.16862243754902,1.01644349281953,-0.145717765549907,-0.109195727472776
"631",-0.16862243754902,1.00898984054185,-0.0927351210606455,-0.0972661073475197
"632",-0.16862243754902,1.01145381853385,-0.148748847007876,-0.0302093949049723
"633",-0.16862243754902,1.01042583598336,-0.117167915673273,-0.085041457886397
"634",-0.16862243754902,1.02579712821084,-0.101405185337608,-0.20488225065205
"635",-0.16862243754902,1.01621706345049,-0.141578492408938,-0.112484001240835
"636",-0.16862243754902,1.01048258288179,-0.0885507242277656,-0.115038339462049
"637",-0.16862243754902,1.03144224934026,-0.0977011080272286,-0.2330828333755
"638",-0.16862243754902,1.02768865200307,-0.109595198185578,-0.210078218743754
"639",-0.16862243754902,1.02003583369508,-0.0584332863028028,-0.192506241649122
"640",-0.16862243754902,1.01379068409844,-0.0952541411960289,-0.136741360786696
"641",-0.16862243754902,1.00206866422685,-0.0642761713805219,0.00319086477976851
"642",-0.16862243754902,1.01928125974017,-0.0299944130774437,-0.195024669315551
"643",-0.16862243754902,1.03585978465241,-0.0870805630760194,-0.255778163638933
"644",-0.16862243754902,1.01362769665966,-0.0140419231545141,-0.165057359210921
"645",-0.16862243754902,1.01830414735113,-0.0156959362276368,-0.191564542905119
"646",-0.16862243754902,1.00520660013883,-0.0947197890245605,-0.0383206279932768
"647",-0.16862243754902,1.04070573523358,-0.250399035887538,-0.142719130373788
"648",-0.16862243754902,1.0063891831851,-0.104894074275061,-0.0426194933563365
"649",-0.16862243754902,1.00932197471489,-0.0687717857839453,-0.118327047298757
"650",-0.16862243754902,1.03984095464791,-0.0460751821433614,-0.281329501747571
"651",-0.16862243754902,1.02550463618115,-0.21110058314639,-0.0842395549862275
"652",-0.16862243754902,1.02475938926054,-0.148088934019921,-0.167932943458013
"653",-0.16862243754902,1.01541870606235,-0.00331747664431376,-0.176250228283662
"654",-0.16862243754902,1.0135263749833,-0.0217038556079689,-0.163599069186017
"655",-0.16862243754902,1.04581481562207,0.00690085581433964,-0.306073531628682
"656",-0.16862243754902,1.01218418723747,-0.150094329169374,-0.0445928384919141
"657",-0.16862243754902,1.01585393857991,-0.119456146812163,-0.133001704940595
"658",-0.16862243754902,1.01140562134337,0.12874481849539,-0.0797878599509332
"659",-0.16862243754902,1.02354772947098,-0.2027760638007,-0.0808196910084199
"660",-0.16862243754902,1.02956616496313,-0.211418211144153,-0.12372884883284
"661",-0.16862243754902,1.01746820211466,-0.097354507952775,-0.160510566928539
"662",-0.16862243754902,1.00599227769326,-0.0967263603964904,-0.0516185430143308
"663",-0.16862243754902,1.01335151747523,-0.127782002015338,-0.102728077614192
"664",-0.16862243754902,1.03987964608874,-0.138084080136758,-0.249564551093343
"665",-0.16862243754902,1.02613603035977,-0.165884287003713,-0.15949155503589
"666",-0.16862243754902,1.01663655262131,-0.161694379344389,-0.0860511929852405
"667",-0.16862243754902,1.00592408766666,-0.0947626987010598,-0.05388228913933
"668",-0.16862243754902,1.03720956941124,-0.180783411966962,-0.207656083069644
"669",-0.16862243754902,1.03972902050144,-0.211022196606365,-0.191065613369617
"670",-0.16862243754902,1.01199689893954,-0.0531536588618427,-0.145987711855641
"671",-0.16862243754902,1.01619982206114,-0.0907871578182988,-0.156268263996171
"672",-0.16862243754902,1.03903209018585,-0.246051860076085,-0.138007849737198
"673",-0.16862243754902,1.01139419022469,-0.141568417531522,-0.0536338622316701
"674",-0.16862243754902,1.03264810151892,-0.167393752630907,-0.195809686049415
"675",-0.16862243754902,1.00525447835649,-0.102064488261757,0.0109273277452896
"676",-0.16862243754902,1.03401894435193,-0.178418625974695,-0.193292449888713
"677",-0.16862243754902,1.01207915602767,-0.142310666087586,-0.0636544765384676
"678",-0.16862243754902,1.00369986135225,-0.0857005393250807,0.00829633882604277
"679",-0.16862243754902,1.0491391844107,-0.111258589582475,-0.297177648066051
"680",-0.16862243754902,1.01199533564264,0.0544360003197391,-0.145503543708216
"681",-0.16862243754902,1.03206078931513,-0.203656809557201,-0.153861550631562
"682",-0.16862243754902,1.02892512945128,-0.145464217933815,-0.193719083513295
"683",-0.16862243754902,1.00720507337125,-0.0359030437857245,-0.114773826596907
"684",-0.16862243754902,1.00612064682047,-0.0951723851437058,-0.0567536171931366
"685",-0.16862243754902,1.03394214690827,-0.188898775669765,-0.182629722947151
"686",-0.16862243754902,1.01076875438469,-0.0855223514484291,-0.119747243154544
"687",-0.16862243754902,1.03385172101576,-0.0990655459772698,-0.242972012066156
"688",-0.16862243754902,1.01517505653659,-0.0483247056516291,-0.168062840145434
"689",-0.16862243754902,1.01143897247721,-0.13849673474506,-0.0618663843351827
"690",-0.16862243754902,1.03361336054915,-0.237869539245854,-0.108511111894875
"691",-0.16862243754902,1.02022686826345,-0.169069711568979,-0.110807469769051
"692",-0.16862243754902,1.00258210682138,-0.0545680822044681,0.0468316700846764
"693",-0.16862243754902,1.00429210568186,-0.0185313986535332,-0.090880255274982
"694",-0.16862243754902,1.02437522895305,-0.116857960384699,-0.188914866506985
"695",-0.16862243754902,1.00081763166136,-0.0225218303657735,-0.0335961158652617
"696",-0.16862243754902,1.0204909334061,-0.202802453967408,-0.0165199827132483
"697",-0.16862243754902,1.02842997578278,-0.111459128400826,-0.212708903867956
"698",-0.16862243754902,1.02788610632942,-0.08446299636432,-0.222296760728127
"699",-0.16862243754902,1.0141859872743,-0.105265106551857,-0.132259117365018
"700",-0.16862243754902,1.01696968311324,-0.0963539793092071,-0.157934312429929
"701",-0.16862243754902,1.00648480880166,-0.0442391124195252,-0.105140721325523
"702",-0.16862243754902,1.00549931246199,-0.096487830337056,0.0414604143537763
"703",-0.16862243754902,1.02883152961771,-0.18510371602467,-0.155662874987513
"704",-0.16862243754902,1.00546126811367,-0.100436080070758,-0.0294101257524785
"705",-0.16862243754902,1.01845355025603,-0.124249383318848,-0.147681159170708
"706",-0.16862243754902,1.03343003895208,0.0171195502643627,-0.260162576876909
"707",-0.16862243754902,1.00212869749419,-0.0369979115353973,-0.0537873673219064
"708",-0.16862243754902,1.02867848020816,-0.207212336329296,-0.123460371440918
"709",-0.16862243754902,1.02162451562762,-0.070267682831143,-0.196924106398653
"710",-0.16862243754902,1.04035027374043,-0.14561842868339,-0.247232613745757
"711",-0.16862243754902,1.00443250313462,-0.0720246124098722,-0.0608038531713265
"712",-0.16862243754902,1.05707702787968,-0.256352299290663,-0.227366095799993
"713",-0.16862243754902,1.00920964533352,-0.131366017926027,-0.0353139854513783
"714",-0.16862243754902,1.01826177615774,-0.145608009462243,-0.125121350553597
"715",-0.16862243754902,1.02060973707574,-0.0196340543399548,-0.203122473704849
"716",-0.16862243754902,1.03349030306753,-0.12884475556245,-0.226938836470684
"717",-0.16862243754902,1.03328914992669,-0.190231031141925,-0.177478511789155
"718",-0.16862243754902,1.01560622378598,-0.157977629167659,-0.0806168126099582
"719",-0.16862243754902,1.03016717723147,-0.149858404862601,-0.196943828380296
"720",-0.16862243754902,1.03418299108905,-0.180837458062487,-0.191917359348741
"721",-0.16862243754902,1.01766759647486,-0.0820534618260355,-0.170042836712664
"722",-0.16862243754902,1.01207843447014,-0.139088492306298,-0.070407022572194
"723",-0.16862243754902,1.03174207264647,-0.0959340600854536,-0.23513477110875
"724",-0.16862243754902,1.01960215799553,-0.166130441728868,0.109495373966689
"725",-0.16862243754902,1.00429357630235,-0.0648011091369296,-0.0663807476365962
"726",-0.16862243754902,1.01151362231732,-0.100456824454232,-0.114316379202957
"727",-0.16862243754902,1.03950724247359,-0.139856763960903,-0.247012940408873
"728",-0.16862243754902,1.01640023761199,-0.140957958353767,-0.114892545425879
"729",-0.16862243754902,1.03219555776265,-0.255757605950675,-0.00396439949065735
"730",-0.16862243754902,1.02397992473287,-0.172445199762834,-0.137104118591243
"731",-0.16862243754902,1.03405516174001,-0.219518366347914,-0.145195607223866
"732",-0.16862243754902,1.00745558445889,-0.0401806271558172,-0.11555203095904
"733",-0.16862243754902,1.00471113823857,0.0373915927005046,-0.0897013940581136
"734",-0.16862243754902,1.02423771608011,-0.179549170501536,-0.129711196175222
"735",-0.16862243754902,1.00635156845728,-0.0802115312126767,-0.0794329251440444
"736",-0.16862243754902,1.01650109079555,-0.100087248884929,-0.152502492436014
"737",-0.16862243754902,1.03475375231286,-0.150781605930073,-0.219043911667708
"738",-0.16862243754902,1.01196657472622,-0.154312144958178,-0.0162514701342686
"739",-0.16862243754902,1.00841233166159,-0.0333641530258402,-0.125627480831381
"740",-0.16862243754902,1.01134078224383,-0.0433076475745534,-0.144688028154105
"741",-0.16862243754902,1.01880009245353,0.0239514351506362,-0.193338969526441
"742",-0.16862243754902,1.01430375900249,-0.102393893913646,-0.135379488903503
"743",-0.16862243754902,1.05693420338835,-0.217205156623439,-0.264446270966988
"744",-0.16862243754902,1.00551184844598,-0.104309074988877,-0.0131793110678163
"745",-0.16862243754902,1.01373404022352,-0.142838510970041,-0.0851696195351002
"746",-0.16862243754902,1.02505130862614,-0.185563218329593,-0.127657656720365
"747",-0.16862243754902,1.02073468903873,-0.204019929441434,0.0165883633218639
"748",-0.16862243754902,1.01339816062003,-0.102735696169952,-0.128145263980117
"749",-0.16862243754902,1.01365902207321,-0.0361565457867005,-0.161855853237331
"750",-0.16862243754902,1.02228160081428,-0.0344472644271733,-0.209458963372048
"751",-0.16862243754902,1.02679989024034,-0.145820005777201,-0.18180907709107
"752",-0.16862243754902,1.01462596368477,-0.100101976381244,-0.139446909280262
"753",-0.16862243754902,1.01531988250719,-0.0449269036956154,-0.16987064825551
"754",-0.16862243754902,1.01425056145448,-0.131895293362212,-0.106338295075828
"755",-0.16862243754902,1.02669436091535,-0.214419113238282,-0.0901429676319067
"756",-0.16862243754902,1.01749512018073,-0.139521302351575,-0.125817827757937
"757",-0.16862243754902,1.02412686579217,-0.14376939333387,-0.167827884386677
"758",-0.16862243754902,1.01883338604853,-0.158610868418189,-0.113419843707983
"759",-0.16862243754902,1.02955221611727,-0.174687881131695,-0.171644719982002
"760",-0.16862243754902,1.00676404372761,-0.0698050184440672,-0.0932796823686151
"761",-0.16862243754902,1.01346553478093,-0.15424693579078,-0.0576218100023531
"762",-0.16862243754902,1.03641265395586,-0.208180570202488,-0.175533585020086
"763",-0.16862243754902,1.01009895757884,-0.1190252397478,-0.0783128112433059
"764",-0.16862243754902,1.03596963728012,-0.154130956179607,-0.222433670368197
"765",-0.16862243754902,1.03404659809339,-0.176234850658155,-0.195431943248811
"766",-0.16862243754902,1.00416629789694,0.0074029499705216,-0.0910777149679862
"767",-0.16862243754902,1.02888799709568,-0.192624705973549,-0.146650036536555
"768",-0.16862243754902,1.00970776660647,-0.0957942940048072,-0.101652482417059
"769",-0.16862243754902,1.01476894245809,-0.151905428999297,-0.0817358380274703
"770",-0.16862243754902,1.00802144167627,-0.0927541186180555,-0.0866250561818014
"771",-0.16862243754902,1.02591895093526,-0.101216032862296,-0.205584553358745
"772",-0.16862243754902,1.03238585741755,-0.251514598995278,-0.050605978777264
"773",-0.16862243754902,1.00443603676434,-0.0353718033407052,-0.0874104540617125
"774",-0.16862243754902,1.01215169984348,-0.0358054250476873,-0.152213780694127
"775",-0.16862243754902,1.03699146003616,-0.126177683594778,-0.243783675316017
"776",-0.16862243754902,1.01009523246485,-0.0993548492911103,-0.102083262930624
"777",-0.16862243754902,1.01508828142561,-0.147720247877651,-0.0926441981699835
"778",-0.16862243754902,1.0253278160976,-0.0580233631516692,-0.218930171040982
"779",-0.16862243754902,1.00338968979264,0.0278526448746627,-0.0775570741819589
"780",-0.16862243754902,1.04731605603041,-0.275239341647116,-0.145307350222772
"781",-0.16862243754902,1.01558700277482,-0.119565059183182,-0.130847838452424
"782",-0.16862243754902,1.01864195387928,-0.0381403381452932,-0.190201852801597
"783",-0.16862243754902,1.00546440322424,-0.0995134005166532,-0.0324922955280194
"784",-0.16862243754902,1.01808366666423,-0.127658666911626,-0.142118320743045
"785",-0.16862243754902,1.04192804609718,-0.110478179120072,-0.270940261279478
"786",-0.16862243754902,1.03838401860815,-0.186604168703736,-0.208375272820953
"787",-0.16862243754902,1.03748389943093,-0.209157108688991,-0.180627089505594
"788",-0.16862243754902,1.04890546661331,-0.235799625054332,-0.211189996722183
"789",-0.16862243754902,1.01648451078051,-0.161700706435995,-0.0842237626492314
"790",-0.16862243754902,1.01269090678973,-0.0869289388674723,-0.134112759579293
"791",-0.16862243754902,1.04346816167238,-0.216041060169923,-0.205309680104449
"792",-0.16862243754902,1.0344616731919,-0.127801323150746,-0.23190035598054
"793",-0.16862243754902,1.02491434617133,-0.104622458042531,-0.198755020718822
"794",-0.16862243754902,1.01111317606926,0.0388211933961761,-0.144370252351941
"795",-0.16862243754902,1.04685390847222,-0.284662676117472,-0.121943702212118
"796",-0.16862243754902,1.05718167904743,-0.11172031595558,-0.324270987780776
"797",-0.16862243754902,1.0155336967138,-0.138440468913191,-0.11019494420474
"798",-0.16862243754902,1.01514918882521,-0.155313339274577,-0.0800352560804012
"799",-0.16862243754902,1.02014716458318,-0.177613824005328,-0.0956742751699662
"800",-0.16862243754902,1.00370046186413,0.00108238878023005,-0.0861013680540964
"801",-0.16862243754902,1.01184760314515,-0.0963636625857381,-0.120621791247019
"802",-0.16862243754902,1.00282219637673,-0.0547828352105786,-0.0514897903680147
"803",-0.16862243754902,1.00744663658972,-0.0552130412907548,-0.109088247063397
"804",-0.16862243754902,1.03035756822135,-0.238010267653498,-0.0706245770431535
"805",-0.16862243754902,1.02899093390194,-0.204812176712093,-0.12990117136824
"806",-0.16862243754902,1.00820529773154,-0.0786784896893401,-0.101427893767638
"807",-0.16862243754902,1.01625287779066,-0.175044286732007,0.0461455230795273
"808",-0.16862243754902,1.04606249609106,-0.15583581051117,-0.264503205822893
"809",-0.16862243754902,1.00738097063594,-0.015065022817616,-0.120786858088624
"810",-0.16862243754902,1.01009379473815,-0.0437330014061509,-0.135561420605277
"811",-0.16862243754902,1.01469119343439,-0.167056913328909,-0.0411121118689778
"812",-0.16862243754902,1.04831284953238,-0.217601872800795,-0.227176705338112
"813",-0.16862243754902,1.05462446101392,-0.240229612385,-0.233500507713039
"814",-0.16862243754902,1.02091302020199,-0.115507210236804,-0.170063162387554
"815",-0.16862243754902,1.00281674314833,-0.071010660862066,-0.0244725638738271
"816",-0.16862243754902,1.00162241000845,-0.0503413570509567,0.0267058046387447
"817",-0.16862243754902,1.00102765122929,-0.0364292177396229,-0.0270050110257746
"818",-0.16862243754902,1.00503470349323,-0.0968069222001893,-0.0268919140237363
"819",-0.16862243754902,1.01425913457278,-0.0992414592126532,-0.137378036227325
"820",-0.16862243754902,1.00818511052274,-0.117354484822295,-0.0516250130445209
"821",-0.16862243754902,1.01018244804682,-0.0569060264380604,-0.131264170651745
"822",-0.16862243754902,1.01571310497327,-0.176906715099614,-0.019419726236387
"823",-0.16862243754902,1.01572086547868,-0.0726429110456612,-0.162517334594089
"824",-0.16862243754902,1.0084421706788,-0.0810556171318043,-0.101909756818283
"825",-0.16862243754902,1.01751205764288,-0.13448348082935,-0.131320146332044
"826",-0.16862243754902,1.02421628961571,-0.134504481627105,-0.175862310733153
"827",-0.16862243754902,1.03285319796356,-0.21959181255098,-0.136254043624887
"828",-0.16862243754902,1.02603512728507,-0.00766143381359766,-0.229541684351252
"829",-0.16862243754902,1.00121823982784,-0.0399743056204289,-0.0289830753047133
"830",-0.16862243754902,1.02239604448601,-0.0100134984426727,-0.212587397626412
"831",-0.16862243754902,1.00251901725811,-0.0510328481350946,-0.0493966433616169
"832",-0.16862243754902,1.02594632543198,-0.159823568517899,-0.164384578393436
"833",-0.16862243754902,1.01223035063422,-0.0383120935629489,-0.152126481034377
"834",-0.16862243754902,1.01317346339815,-0.158571037573645,-0.0370903353585955
"835",-0.16862243754902,1.01451128049948,-0.149318452952579,-0.0832894823405092
"836",-0.16862243754902,1.02159838883603,-0.179783103512009,-0.106495557484591
"837",-0.16862243754902,1.01293344930044,-0.160774073378815,-0.0136334163318426
"838",-0.16862243754902,1.01112657007051,-0.146184382684175,-0.0317343183602648
"839",-0.16862243754902,1.01233664805188,-0.131248997233685,-0.0871733314383935
"840",-0.16862243754902,1.01689094146702,-0.129362329825301,-0.131653235660422
"841",-0.16862243754902,1.00829940029524,-0.107487524814958,-0.071513024302514
"842",-0.16862243754902,1.03526099431699,-0.126605166006459,-0.236085701165226
"843",-0.16862243754902,1.01397036581866,-0.104075950438237,-0.131545046652469
"844",-0.16862243754902,1.01793939689033,-0.154129003609926,-0.111556559590463
"845",-0.16862243754902,1.01372163463452,-0.0318602828884675,-0.163145563532566
"846",-0.16862243754902,1.01366508937347,-0.0816706130456787,-0.144384294087955
"847",-0.16862243754902,1.02891374411506,-0.151339963075282,-0.189102375461646
"848",-0.16862243754902,1.05437536189453,-0.273803598128844,-0.191674185590868
"849",-0.16862243754902,1.03883070541306,-0.221823918736735,-0.173099345998949
"850",-0.16862243754902,1.0155005113722,-0.0898559328766195,-0.152207752509786
"851",-0.16862243754902,1.01193078740655,-0.0282584465922524,-0.152333117533369
"852",-0.16862243754902,1.02327915555523,-0.0852977484463732,-0.199560828580663
"853",-0.16862243754902,1.02215934914252,-0.150416999137011,-0.148944491036329
"854",-0.16862243754902,1.00627792412096,-0.0445301918798401,-0.103016127787532
"855",-0.16862243754902,1.00467630550581,-0.0617058597614036,-0.074611431536376
"856",-0.16862243754902,1.02320300505734,-0.180965874954043,-0.119145883942672
"857",-0.16862243754902,1.02922530788506,-0.0348328128070589,-0.24102159559476
"858",-0.16862243754902,1.02542759737252,-0.103258600086356,-0.202087651679621
"859",-0.16862243754902,1.00696549256367,-0.105922372132018,-0.0525352671633788
"860",-0.16862243754902,1.04319846011401,-0.216423890954246,-0.203528196101848
"861",-0.16862243754902,1.0108268881475,-0.108518759265959,-0.0999733799035187
"862",-0.16862243754902,1.01027649491297,-0.143534479969414,-0.00751327049643036
"863",-0.16862243754902,1.0010884549039,0.0353286213823906,-0.0304956235072308
"864",-0.16862243754902,1.02353755724922,-0.12583907469736,-0.178307763092391
"865",-0.16862243754902,1.02042837850535,-0.157889670452282,-0.127847282425257
"866",-0.16862243754902,1.01677949134706,-0.151804345539204,-0.103903679912666
"867",-0.16862243754902,1.00623542771108,-0.0966395115216417,-0.0563075553878912
"868",-0.16862243754902,1.01200489048258,-0.067947419379751,-0.139774985459817
"869",-0.16862243754902,1.03011486562952,-0.0899777344636751,-0.230305544205315
"870",-0.16862243754902,1.02459722582382,-0.101812718585917,-0.198579066117262
"871",-0.16862243754902,1.0248279609783,-0.173236917184462,-0.1423422640236
"872",-0.16862243754902,1.03771618175753,-0.177367240956995,-0.213062750655117
"873",-0.16862243754902,1.02958163471394,-0.221865585059377,-0.103990406800311
"874",-0.16862243754902,1.03715064296806,-0.196264161717246,-0.192774051766531
"875",-0.16862243754902,1.02047588932654,-0.0297026662085945,-0.201218270335689
"876",-0.16862243754902,1.00345692561633,-0.0596493737691731,-0.0580323511182781
"877",-0.16862243754902,1.02231391896428,-0.122516491394392,-0.173538059930684
"878",-0.16862243754902,1.01547188527392,-0.0887487408445041,-0.152665683047274
"879",-0.16862243754902,1.01737868618971,-0.119448822534614,-0.144192128454339
"880",-0.16862243754902,1.03620462870841,-0.071011927389026,-0.2620636157982
"881",-0.16862243754902,1.01375373824885,-0.107556299149349,-0.126997182357809
"882",-0.16862243754902,1.00647926474216,-0.104935954283045,0.0445977113160672
"883",-0.16862243754902,1.02233825202138,-0.132427798300664,-0.166247946704194
"884",-0.16862243754902,1.01711854304242,-0.148033532812375,-0.11232187571363
"885",-0.16862243754902,1.01623374447191,-0.0774656430961791,-0.163493417430469
"886",-0.16862243754902,1.01627805024297,-0.174976117128241,-0.0469513987052012
"887",-0.16862243754902,1.02476045556112,-0.169983786764693,-0.145737790291205
"888",-0.16862243754902,1.01279058909449,-0.158343012669176,0.0259281256015265
"889",-0.16862243754902,1.03005305618885,-0.116493576074034,-0.217803914789146
"890",-0.16862243754902,1.03365929340733,-0.117390652672918,-0.233818240332899
"891",-0.16862243754902,1.01062867712991,-0.109675152205714,-0.0966523875856225
"892",-0.16862243754902,1.0211844397518,-0.185937781743762,-0.0908008882743254
"893",-0.16862243754902,1.01193241203218,-0.0579771493999647,-0.14368666141547
"894",-0.16862243754902,1.03295674288689,-0.236382633344155,-0.105465081087412
"895",-0.16862243754902,1.0131160699287,-0.114329218095943,-0.115468614945132
"896",-0.16862243754902,1.00265052547592,-0.0248695762286001,-0.0684805112082683
"897",-0.16862243754902,1.02206890620498,-0.0924161636203121,-0.189958157847303
"898",-0.16862243754902,1.0170037760135,-0.183506189236917,-0.0249431140289222
"899",-0.16862243754902,1.02051886036902,-0.202979896668879,-0.0160594494666256
"900",-0.16862243754902,1.02229489629482,-0.177086312826137,-0.117163530162236
"901",-0.16862243754902,1.00514062868841,-0.0352087680313356,-0.0952261838668934
"902",-0.16862243754902,1.00151757060466,-0.0544198880579119,0.00871320914618816
"903",-0.16862243754902,1.02130119369751,-0.201520396768477,-0.0494535937444817
"904",-0.16862243754902,1.04486124136846,-0.210108386831312,-0.218150130637572
"905",-0.16862243754902,1.01824795197833,-0.0869931571051843,-0.171058710169748
"906",-0.16862243754902,1.01354575353976,-0.0436200968389462,-0.159286790633242
"907",-0.16862243754902,1.01748317222563,-0.0445762087279612,-0.182441682128198
"908",-0.16862243754902,1.03573299589518,-0.132337049158431,-0.235010093838651
"909",-0.16862243754902,1.00591416879955,-0.0799622862808627,-0.0739550388034863
"910",-0.16862243754902,1.01522429256407,-0.0350155323925211,-0.17162248309438
"911",-0.16862243754902,1.01827753512028,-0.0497271348847562,-0.18551644290141
"912",-0.16862243754902,1.00437151716496,-0.0575492679334738,-0.0738256476610138
"913",-0.16862243754902,1.0045415705676,-0.0810708810046615,-0.0503118201971217
"914",-0.16862243754902,1.00667434715609,-0.0865090163015548,-0.0768728256322414
"915",-0.16862243754902,1.03348244778602,-0.232237527628008,-0.118960920654722
"916",-0.16862243754902,1.00686010776194,-0.0872761168250764,-0.0784229305389599
"917",-0.16862243754902,1.01967321938729,-0.0489339612043072,-0.193232869296314
"918",-0.16862243754902,1.0326366402203,-0.255991358336285,-0.0284051964014958
"919",-0.16862243754902,1.02191952732474,-0.169488003377281,-0.124873283927321
"920",-0.16862243754902,1.01944855182746,-0.177578965618026,-0.0879832983761541
"921",-0.16862243754902,1.03513239880466,-0.0631341599222144,-0.259832948076282
"922",-0.16862243754902,1.0065416503986,-0.114560012832822,-0.00144825649576869
"923",-0.16862243754902,1.01448804578336,-0.131219743410162,-0.109395493402249
"924",-0.16862243754902,1.01180705287141,-0.144901909351405,0.052506655831901
"925",-0.16862243754902,1.00714121368892,-0.0446833136053629,-0.111071264492836
"926",-0.16862243754902,1.00662343636676,-0.0789567416466791,-0.0840034260691621
"927",-0.16862243754902,1.00557790585117,0.0746547753062741,-0.0749238897815017
"928",-0.16862243754902,1.01556238427951,0.0069253024364194,-0.176971739409574
"929",-0.16862243754902,1.02881544487326,-0.0892342761436284,-0.224718632006528
"930",-0.16862243754902,1.02692177646228,-0.162955991012184,-0.16737287703117
"931",-0.16862243754902,1.0181410663994,-0.0846505909430144,-0.17159693628357
"932",-0.16862243754902,1.01016357496102,-0.093851378958022,-0.107807081612053
"933",-0.16862243754902,1.01717630634355,-0.171787368442324,-0.0716710417837184
"934",-0.16862243754902,1.00497849413872,-0.0934896060983692,-0.0352344608713611
"935",-0.16862243754902,1.02617419732331,-0.145193240673767,-0.178752359746086
"936",-0.16862243754902,1.02225595604849,-0.195806362994729,-0.0816523599621604
"937",-0.16862243754902,1.01486529464268,-0.15744384538065,-0.0718540313546731
"938",-0.16862243754902,1.00684216989427,-0.0182325540296211,-0.115752879234024
"939",-0.16862243754902,1.00725794449506,-0.119495404320019,0.0170122042901558
"940",-0.16862243754902,1.02113959806451,-0.156376152732397,-0.135176098449268
"941",-0.16862243754902,1.0081541282945,-0.0429554553920721,-0.120538687769947
"942",-0.16862243754902,1.00750741525898,-0.0675682429091822,-0.102497435831374
"943",-0.16862243754902,1.00578646510033,-0.102614448622328,-0.0328129290517879
"944",-0.16862243754902,1.00865561924438,-0.0886866887024107,-0.09757473792054
"945",-0.16862243754902,1.02039890155042,-0.184073776433566,-0.0856198756995046
"946",-0.16862243754902,1.01129071974812,-0.105227849785037,-0.107870382766959
"947",-0.16862243754902,1.0469176649258,-0.224032258100562,-0.214117127909119
"948",-0.16862243754902,1.00824964553543,-0.102678172197468,-0.0776179146621902
"949",-0.16862243754902,1.03462687610097,-0.0839245351421278,-0.251812321286373
"950",-0.16862243754902,1.01392984279321,-0.115322019416014,-0.12146834132597
"951",-0.16862243754902,1.0069816591615,-0.111594649768591,-0.0394803246019182
"952",-0.16862243754902,1.01057460849945,-0.12682750900496,-0.0719431880265149
"953",-0.16862243754902,1.00640832391917,-0.0886955055121653,-0.0706457483203585
"954",-0.16862243754902,1.02300832549817,-0.114414041733775,-0.182908340686559
"955",-0.16862243754902,1.02975127983753,-0.133399452427506,-0.206378982503224
"956",-0.16862243754902,1.00144598672398,0.0162622767454387,-0.0512796517208744
"957",-0.16862243754902,1.00380083049284,-0.0826990336585109,-0.0278743094994668
"958",-0.16862243754902,1.0271406331032,-0.189901483821841,-0.137678272119849
"959",-0.16862243754902,1.04330510607988,-0.0736524036056338,-0.288202824093485
"960",-0.16862243754902,1.00646944389124,0.0310087638999477,-0.109632103182166
"961",-0.16862243754902,1.00343962076636,-0.0747503083117804,-0.0361035168788909
"962",-0.16862243754902,1.02632463529672,-0.113563910720365,-0.201110654115684
"963",-0.16862243754902,1.01247161249675,-0.0680551616498735,-0.143063835697866
"964",-0.16862243754902,1.02065887954356,-0.153056033774708,-0.135345479851627
"965",-0.16862243754902,1.02221370761352,-0.088581338465516,-0.192546645020458
"966",-0.16862243754902,1.04299355733967,-0.170554434991819,-0.242377278961304
"967",-0.16862243754902,1.02000171043997,-0.171571959918415,-0.104721305712874
"968",-0.16862243754902,1.03906620657379,-0.261182989303509,-0.106967414393972
"969",-0.16862243754902,1.00216903714764,0.0152677970998935,-0.064106734351004
"970",-0.16862243754902,1.02716357940529,-0.156950394275764,-0.174446532190743
"971",-0.16862243754902,1.00702510347269,0.0526085946475259,-0.106451372905199
"972",-0.16862243754902,1.02278304872902,-0.182446256105382,-0.113130581190739
"973",-0.16862243754902,1.02198154288273,-0.207343326494328,-0.0381447106586094
"974",-0.16862243754902,1.00951969363966,-0.133838414686398,0.0348896918951978
"975",-0.16862243754902,1.00726209469187,-0.112704085234481,-0.0432979973498971
"976",-0.16862243754902,1.00730270639091,0.0099246361399714,-0.120665835678331
"977",-0.16862243754902,1.00721942983312,0.019016127858073,-0.118867012727029
"978",-0.16862243754902,1.04174068502872,-0.242236060065886,-0.162927425708074
"979",-0.16862243754902,1.01285461904905,-0.155441438814994,-0.0413816194476768
"980",-0.16862243754902,1.00442599637115,-0.0650217248099655,-0.0681451208005141
"981",-0.16862243754902,1.02857883036006,-0.221963373274402,-0.093309545007538
"982",-0.16862243754902,1.00381557958232,-0.0762272895138262,-0.0428382789754014
"983",-0.16862243754902,1.03251939636528,-0.135098764378261,-0.218734148531918
"984",-0.16862243754902,1.01662815852287,-0.127993273628998,-0.130960049661472
"985",-0.16862243754902,1.01967235063715,0.0120148991005119,-0.198965687628558
"986",-0.16862243754902,1.00405210778522,-0.0158621447794148,-0.0887075392001465
"987",-0.16862243754902,1.00895562963702,-0.133733010554797,-0.0103413956593871
"988",-0.16862243754902,1.02456025242248,-0.162567655799474,-0.152628529875248
"989",-0.16862243754902,1.00686388041726,-0.0938035516271486,-0.0705391195793909
"990",-0.16862243754902,1.03074645823589,-0.227430358370326,-0.103506972023011
"991",-0.16862243754902,1.02757473662136,-0.0824498117838012,-0.221611975938307
"992",-0.16862243754902,1.03510075181471,-0.131130862120755,-0.232891097740668
"993",-0.16862243754902,1.05626723175363,-0.116723405035872,-0.31949352355456
"994",-0.16862243754902,1.01549677384135,-0.154620115606686,-0.0855939106009514
"995",-0.16862243754902,1.00105072950646,-0.0439192099187429,0.0131782413672466
"996",-0.16862243754902,1.01599400153282,-0.114933770428211,-0.137963906750348
"997",-0.16862243754902,1.01530439579284,-0.150553411851895,-0.0904250313575343
"998",-0.16862243754902,1.00309846905177,-0.0718318219658371,-0.0323531755331785
"999",-0.16862243754902,1.00850507429442,-0.0965842177395221,-0.0880566508631611
"1000",-0.16862243754902,1.00962853174244,-0.0329874702778122,-0.135135483545469
