"","t","","",""
"1",-0.16862243754902,1.067409129696,-0.343240759645484,-0.146792476225339
"2",-0.16862243754902,1.01619165796585,-0.0646405314079663,-0.168721923349276
"3",-0.16862243754902,1.07613043070478,-0.225174558934792,-0.327647862647336
"4",-0.16862243754902,1.08642405646246,-0.181468202417369,-0.383909523158454
"5",-0.16862243754902,1.02237079959825,-0.209022632827224,-0.0393902378407271
"6",-0.16862243754902,1.0433286706574,-0.0170991417075758,-0.297056113164827
"7",-0.16862243754902,1.07082324273651,-0.0926996705977468,-0.371576625012656
"8",-0.16862243754902,1.0056281456175,-0.0640660778545717,-0.0847555598555621
"9",-0.16862243754902,1.00607210274439,-0.0852608950457035,-0.0700832055239855
"10",-0.16862243754902,1.03417090435513,0.0742588360653961,-0.252972497874596
"11",-0.16862243754902,1.011196216138,-0.0890862663467272,-0.120753570051624
"12",-0.16862243754902,1.02096323498838,0.0490784977818822,-0.199893042033532
"13",-0.16862243754902,1.00877943237827,0.0136361128050253,-0.1320984466865
"14",-0.16862243754902,1.03488165085157,-0.0469217533291521,-0.262256325631602
"15",-0.16862243754902,1.06442439972857,-0.31775143015285,-0.178978577973329
"16",-0.16862243754902,1.08838988622492,-0.401853031707836,-0.152008833111492
"17",-0.16862243754902,1.01550579685007,-0.176432021255489,-0.0111249859236021
"18",-0.16862243754902,1.0239422047273,-0.0490003454139731,-0.214608025877672
"19",-0.16862243754902,1.00186337366035,-0.0447408043534596,0.0415749913757483
"20",-0.16862243754902,1.02276311728143,-0.208279232221106,-0.0516154579231978
"21",-0.16862243754902,1.0349215508838,-0.170436773650363,-0.204972980344706
"22",-0.16862243754902,1.05929704239942,-0.26521485501154,-0.227533084885173
"23",-0.16862243754902,1.03719544438227,-0.167802648540046,-0.21821242171397
"24",-0.16862243754902,1.00080512356363,0.0117264203102589,0.0383847159416049
"25",-0.16862243754902,1.01335231757035,-0.160868339241708,0.0316906445943913
"26",-0.16862243754902,1.1389955007615,-0.542077751029893,0.0588426936273186
"27",-0.16862243754902,1.04828245865196,-0.182452727280605,-0.256138859654795
"28",-0.16862243754902,1.00224102840204,-0.010697768817354,0.0661259159083144
"29",-0.16862243754902,1.07442372769615,-0.391555126733566,0.0327250571452808
"30",-0.16862243754902,1.09598583259827,-0.416307568159633,-0.166951951019243
"31",-0.16862243754902,1.00054344828944,0.0156551349037629,-0.0290191086366588
"32",-0.16862243754902,1.01518652302713,0.0439838496243002,-0.169319513075538
"33",-0.16862243754902,1.00576254714618,-0.0842060723872689,-0.0668403965807554
"34",-0.16862243754902,1.05079184167056,-0.282353673429484,-0.156332650531762
"35",-0.16862243754902,1.03035013554127,-0.119818050382521,-0.217405235936145
"36",-0.16862243754902,1.01288804961495,0.0538783166079511,-0.151787114249762
"37",-0.16862243754902,1.00129185639775,-0.0507842579725178,-0.00251810060162857
"38",-0.16862243754902,1.02922137170704,-0.179522211818097,-0.164524792789594
"39",-0.16862243754902,1.05017860523296,-0.298300516425878,-0.117863924884156
"40",-0.16862243754902,1.00826211875007,0.0452926343182961,-0.120586389708354
"41",-0.16862243754902,1.05346205638976,-0.140338836454273,-0.300145490113715
"42",-0.16862243754902,1.00908317531796,-0.087011101929375,-0.103334035297278
"43",-0.16862243754902,1.01915798336618,-0.0154807219751671,-0.196069738374262
"44",-0.16862243754902,1.00894473969614,-0.0815450985537746,-0.106394946601616
"45",-0.16862243754902,1.03299225187807,0.000645367368175246,-0.258983736827392
"46",-0.16862243754902,1.01064967140744,-0.105621081448149,-0.101276579077769
"47",-0.16862243754902,1.01699913122827,-0.173954141742346,-0.0634601409527026
"48",-0.16862243754902,1.00994333759328,-0.130829979379036,0.0535636224011106
"49",-0.16862243754902,1.07355546346013,-0.342405110905459,-0.187829904836547
"50",-0.16862243754902,1.08459611754046,-0.308376604266407,-0.285048431191876
"51",-0.16862243754902,1.03046865744005,-0.215617881354527,-0.123994286991324
"52",-0.16862243754902,1.03301498965443,0.227213303278268,-0.124475233135414
"53",-0.16862243754902,1.00796291395116,-0.121210761063586,-0.0360164865486593
"54",-0.16862243754902,1.02288848932051,-0.193322451642702,-0.0944843440748024
"55",-0.16862243754902,1.01739593776173,-0.107080732516044,-0.153714706186187
"56",-0.16862243754902,1.04032500653752,-0.244986159298762,-0.149190820693932
"57",-0.16862243754902,1.01615715925882,0.120826913258635,-0.13407546138402
"58",-0.16862243754902,1.00173244288331,0.0353102996038197,-0.0471282279196493
"59",-0.16862243754902,1.03735251453663,0.0784844292317433,-0.264462537580744
"60",-0.16862243754902,1.01638334098942,-0.179890826732717,0.0259689487316624
"61",-0.16862243754902,1.05153191321135,-0.2614790792288,0.193256450416487
"62",-0.16862243754902,1.05586219264892,-0.218262637422082,-0.259241954496079
"63",-0.16862243754902,1.00052558531996,0.0309257052327207,0.00974923769880163
"64",-0.16862243754902,1.00001384874504,0.00417858070900478,-0.00319955389637804
"65",-0.16862243754902,1.03990321888716,-0.104408408797624,-0.265513820401557
"66",-0.16862243754902,1.05285927776834,-0.167308767501472,-0.283761229028935
"67",-0.16862243754902,1.02366604558927,-0.193816235621713,0.10162401144315
"68",-0.16862243754902,1.07132117427865,-0.00878198547433213,-0.384255039249874
"69",-0.16862243754902,1.11345323885698,-0.401065760767526,-0.280934815679851
"70",-0.16862243754902,1.00493459713017,-0.079340474004095,-0.0599886130359812
"71",-0.16862243754902,1.03025671117395,-0.245145423029668,0.0365049652317878
"72",-0.16862243754902,1.03947320051646,-0.1118494459495,-0.260757044071163
"73",-0.16862243754902,1.05429960552037,-0.151759032907503,-0.297517821535754
"74",-0.16862243754902,1.0371126617795,-0.0291716459550538,-0.273407549814599
"75",-0.16862243754902,1.02962233633558,-0.222031313172728,-0.104039662878798
"76",-0.16862243754902,1.0030502767452,0.0495109048106971,0.0604857667840377
"77",-0.16862243754902,1.06897354932716,-0.35819223678318,-0.120011543900416
"78",-0.16862243754902,1.04587399803736,-0.027432887814372,-0.305122690793104
"79",-0.16862243754902,1.04916277412594,-0.289595605272725,-0.12991116972136
"80",-0.16862243754902,1.02388638880038,-0.218356771421372,0.0257615516829244
"81",-0.16862243754902,1.02909561381641,-0.105118659545552,-0.219061292316811
"82",-0.16862243754902,1.02446007054026,-0.222518276981856,-0.00201309224162667
"83",-0.16862243754902,1.00429121292247,-0.0915898007899147,0.0145653267920111
"84",-0.16862243754902,1.04882965144568,-0.193661960665226,-0.2500773535188
"85",-0.16862243754902,1.02716895515759,-0.0925701511540673,-0.215654421598191
"86",-0.16862243754902,1.04648699941211,-0.275406263166643,-0.138875592337686
"87",-0.16862243754902,1.03321460131613,-0.259596710241915,-0.0119147137783674
"88",-0.16862243754902,1.12571205822613,-0.408040128680687,-0.317381302886553
"89",-0.16862243754902,1.03452236172867,-0.188402771370181,-0.186389143076265
"90",-0.16862243754902,1.00794793025517,-0.10993531024627,0.0622355016589703
"91",-0.16862243754902,1.03899912110855,-0.272780193847514,-0.0714852397971673
"92",-0.16862243754902,1.04237927884013,-0.13305399874921,-0.262395111181818
"93",-0.16862243754902,1.05003109397705,-0.241830930767552,0.209959756245689
"94",-0.16862243754902,1.0312309932795,-0.240467480985407,0.0749183027621543
"95",-0.16862243754902,1.01814532114374,-0.0731352617553391,0.17683644549377
"96",-0.16862243754902,1.02198202651334,-0.147146603169897,0.150980593759201
"97",-0.16862243754902,1.00292519817497,-0.014755997692612,-0.0751080133301861
"98",-0.16862243754902,1.02128552071588,-0.168107578191703,-0.121507024399502
"99",-0.16862243754902,1.02303052923513,-0.079171988166509,-0.200806523890206
"100",-0.16862243754902,1.03387532224624,-0.197771773408518,-0.172581886629552
"101",-0.16862243754902,1.06946207560338,-0.355152280997818,0.132725236695697
"102",-0.16862243754902,1.03105017977923,-0.206443409806683,-0.142988082615921
"103",-0.16862243754902,1.06093369625719,-0.237797864742787,-0.262740334508638
"104",-0.16862243754902,1.00084099803527,0.0310186893860447,-0.0268429554448003
"105",-0.16862243754902,1.01051694485306,-0.135559064721534,-0.0526140267132557
"106",-0.16862243754902,1.03620768118486,-0.2714337019119,-0.00707841881424436
"107",-0.16862243754902,1.07333115890236,0.0322955372376801,-0.38858303481394
"108",-0.16862243754902,1.01964306197555,-0.129154186114397,-0.15162839458361
"109",-0.16862243754902,1.02074767879652,-0.194659842065212,-0.0635088155740733
"110",-0.16862243754902,1.01094809706502,-0.140742040173962,-0.046986520269667
"111",-0.16862243754902,1.02926789013759,-0.0792944169368985,-0.230444755008508
"112",-0.16862243754902,1.03973126622472,-0.250324490342878,-0.13556826877938
"113",-0.16862243754902,1.01716991379857,-0.0687820178526417,-0.172926769347925
"114",-0.16862243754902,1.00455879808707,0.00124804207121491,-0.0955867208618453
"115",-0.16862243754902,1.0097975928111,0.105313148002491,-0.0927379065156355
"116",-0.16862243754902,1.05019555197011,-0.30205026592951,-0.108057087827264
"117",-0.16862243754902,1.05404202282962,-0.155853465705332,-0.294472890294491
"118",-0.16862243754902,1.02809896964943,-0.227475946631522,0.0724029357023682
"119",-0.16862243754902,1.02303919445836,-0.0768400032620993,-0.201754324109012
"120",-0.16862243754902,1.07023594965107,-0.205529135417577,-0.321189605093365
"121",-0.16862243754902,1.01437245483046,-0.0551014628666336,-0.160982315515491
"122",-0.16862243754902,1.00541682858851,0.0543184318395773,-0.088952274684006
"123",-0.16862243754902,1.02025007834104,-0.0242616688175521,-0.200802374938871
"124",-0.16862243754902,1.10479866877465,-0.344761678301826,-0.318934920792239
"125",-0.16862243754902,1.03938848452738,-0.22375687193136,-0.17395770759473
"126",-0.16862243754902,1.00134329808987,0.0513655289100496,0.00706987052915022
"127",-0.16862243754902,1.0236755758132,-0.135628821922621,-0.171803687912602
"128",-0.16862243754902,1.03109934198386,-0.14005683947682,-0.208686211224685
"129",-0.16862243754902,1.00540536674712,-0.103673998084195,0.00957358893789857
"130",-0.16862243754902,1.0280124121411,-0.238323814154174,-0.00335844058660029
"131",-0.16862243754902,1.05697223513207,-0.309873149749188,-0.145495487574732
"132",-0.16862243754902,1.04620728736724,-0.262652455491241,-0.159885508301222
"133",-0.16862243754902,1.08140291305134,-0.346713084590927,-0.2218609864969
"134",-0.16862243754902,1.0858555841237,-0.342482621558665,0.248571928227897
"135",-0.16862243754902,1.00045962559482,-0.02856238437439,-0.0101809942624281
"136",-0.16862243754902,1.0437846724975,-0.244760698123298,-0.171984427187202
"137",-0.16862243754902,1.01282229893652,0.12347543115814,-0.102775615412222
"138",-0.16862243754902,1.01551380478697,0.172859162190403,-0.0372558419545914
"139",-0.16862243754902,1.02049950652644,0.182137710822499,-0.090802517129479
"140",-0.16862243754902,1.03832770956795,-0.268896033969107,0.0762846994639324
"141",-0.16862243754902,1.00712819063483,-0.119533906623324,0.00434022335327889
"142",-0.16862243754902,1.00425923177449,-0.0617758435646429,-0.0687048015510323
"143",-0.16862243754902,1.10162436959697,-0.177461313740098,-0.426712706414456
"144",-0.16862243754902,1.04795904527352,-0.282865290449938,-0.134927343519608
"145",-0.16862243754902,1.01750673324392,-0.0735324472572541,-0.172953552715952
"146",-0.16862243754902,1.02384757216256,-0.216300272208119,-0.0384453282710096
"147",-0.16862243754902,1.02823040998051,-0.18789044227769,-0.148172054414402
"148",-0.16862243754902,1.01957124587661,-0.197967999613694,-0.0182810433872978
"149",-0.16862243754902,1.04763351943477,0.0405712350638889,-0.30966105006711
"150",-0.16862243754902,1.0366844696693,-0.253755834052518,0.101600523314775
"151",-0.16862243754902,1.0263536210889,-0.231080365346953,-0.0019027016117355
"152",-0.16862243754902,1.06209295745376,0.221609576625148,-0.280945983813437
"153",-0.16862243754902,1.01622526412272,0.0413798892825772,-0.176072406140909
"154",-0.16862243754902,1.04170676737573,-0.134397013254424,-0.259018207901828
"155",-0.16862243754902,1.03762824495521,-0.271255023386544,0.055615528554494
"156",-0.16862243754902,1.01517507571528,-0.0634182330496341,-0.162967978665728
"157",-0.16862243754902,1.01813460979204,0.0537222865092146,-0.18360827756018
"158",-0.16862243754902,1.0623614852151,-0.0783776744920565,-0.349955519187299
"159",-0.16862243754902,1.04357123732244,0.0735739358307184,-0.289184721818204
"160",-0.16862243754902,1.02425584053475,-0.100782886837885,-0.197339394420293
"161",-0.16862243754902,1.02658197751069,-0.227940818814107,-0.0437440243704327
"162",-0.16862243754902,1.00966491482794,-0.11723942042603,0.0753535568681898
"163",-0.16862243754902,1.01749076223295,-0.18479257682137,-0.0337513670998326
"164",-0.16862243754902,1.00844737122364,-0.020840455728638,-0.128575953945109
"165",-0.16862243754902,1.04097208454013,-0.0199316603644698,-0.288488491463584
"166",-0.16862243754902,1.04214400863283,-0.236017895221206,-0.174240316415753
"167",-0.16862243754902,1.0969405438186,-0.444556537238275,-0.0751534554878315
"168",-0.16862243754902,1.07094359001615,0.0699142998512193,-0.376871547974882
"169",-0.16862243754902,1.07850658418378,-0.346570120656846,-0.207522537560782
"170",-0.16862243754902,1.00145654063229,0.00508108450948763,0.0537530032221394
"171",-0.16862243754902,1.02225138097611,0.0242469090317402,-0.210736739345484
"172",-0.16862243754902,1.01682346204833,-0.0435784603790294,-0.178971703805204
"173",-0.16862243754902,1.0326142216076,-0.176310254893591,-0.18763481735976
"174",-0.16862243754902,1.12019051504875,0.172650336692189,-0.474361308756584
"175",-0.16862243754902,1.05544895257501,0.280664612038355,-0.187616276055769
"176",-0.16862243754902,1.02094865637081,-0.203999959128625,-0.0268360880323389
"177",-0.16862243754902,1.04240885903821,-0.1969405104056,-0.218702228526653
"178",-0.16862243754902,1.05476376647616,0.0880229468973941,-0.32369517124986
"179",-0.16862243754902,1.03355019939634,-0.174136139065333,-0.19468595158264
"180",-0.16862243754902,1.00296640423414,-0.076674721031532,0.00791171138880779
"181",-0.16862243754902,1.06691748314527,0.126795741537074,-0.349622304450237
"182",-0.16862243754902,1.02305940564103,0.072725202212047,-0.203375496148861
"183",-0.16862243754902,1.04822129488897,-0.0332640141467855,-0.312508221366334
"184",-0.16862243754902,1.03027451271358,-0.0258204001145328,-0.246574285936551
"185",-0.16862243754902,1.02088822157628,-0.181801743713856,-0.0957125223562116
"186",-0.16862243754902,1.02498505326753,-0.0682380671324372,-0.214331345388109
"187",-0.16862243754902,1.03582255429263,0.0343610946887103,-0.267857572514012
"188",-0.16862243754902,1.08304895097312,-0.413455879521236,0.0452688181123302
"189",-0.16862243754902,1.00852472853271,-0.0741162844897421,-0.107837398129841
"190",-0.16862243754902,1.06235420210346,-0.149720682494639,-0.325852985194592
"191",-0.16862243754902,1.00007134550339,-0.000454614472278375,-0.01193689334119
"192",-0.16862243754902,1.03911012749208,-0.232716230935286,-0.159978163872104
"193",-0.16862243754902,1.04396535161783,-0.189161016336922,-0.23255486508976
"194",-0.16862243754902,1.02398473594258,-0.0838596985451164,-0.203745651250097
"195",-0.16862243754902,1.00716705361259,-0.0270401941851121,0.116851622928792
"196",-0.16862243754902,1.02364551470942,-0.188246247737385,-0.111415842668384
"197",-0.16862243754902,1.0121903910078,0.023569082938736,-0.154835028265429
"198",-0.16862243754902,1.08071714520439,-0.405657904343678,-0.0582341187124301
"199",-0.16862243754902,1.04602408705063,-0.250666179412426,-0.177010895678462
"200",-0.16862243754902,1.04230182529177,-0.176852151647295,-0.234768846877698
"201",-0.16862243754902,1.00180158798478,-0.0359297960111247,-0.0481193458748387
"202",-0.16862243754902,1.02554034412584,-0.205314625345982,-0.0978718654608758
"203",-0.16862243754902,1.02963823949471,-0.109290362071548,-0.219568943587274
"204",-0.16862243754902,1.01786579130042,-0.0959188411090098,-0.163860748869064
"205",-0.16862243754902,1.11213647622888,-0.25559620659617,-0.41414746278643
"206",-0.16862243754902,1.03251914938998,-0.0123828520221735,-0.256792637808793
"207",-0.16862243754902,1.02220862355888,-0.034543719415382,-0.20908658858733
"208",-0.16862243754902,1.02267597203052,-0.210423338598261,0.0398517545627624
"209",-0.16862243754902,1.02126739602968,-0.195603261353919,-0.0687492424755499
"210",-0.16862243754902,1.07556237042617,-0.320221234113943,-0.233008098355619
"211",-0.16862243754902,1.07417809775943,-0.202376124144332,-0.336009657721882
"212",-0.16862243754902,1.0046208238813,-0.0901235753609695,0.0337748566259774
"213",-0.16862243754902,1.01087668472164,0.076353430049832,-0.12665632804343
"214",-0.16862243754902,1.01291701400179,-0.108541373016148,0.119246163871546
"215",-0.16862243754902,1.0284186567319,-0.0228559576888328,-0.239003219041869
"216",-0.16862243754902,1.00797498763337,-0.0919557240393644,0.0869351511811491
"217",-0.16862243754902,1.00212320287888,0.016351422268104,-0.0631153288674191
"218",-0.16862243754902,1.00050477412414,0.0179455181216817,-0.0262252059009351
"219",-0.16862243754902,1.06350195955334,-0.298873549093939,-0.204232758454153
"220",-0.16862243754902,1.02461138187968,0.113252734074139,0.192359824553153
"221",-0.16862243754902,1.05838897492998,0.0195449842911596,-0.346128900617099
"222",-0.16862243754902,1.01074062459853,-0.131091389936254,0.0664203108875471
"223",-0.16862243754902,1.03263958032219,-0.248992410545148,-0.0659339240368999
"224",-0.16862243754902,1.03309950920023,-0.258131281903981,-0.0257456251109626
"225",-0.16862243754902,1.01421258369526,-0.124904151604116,-0.114132019336735
"226",-0.16862243754902,1.02241887002803,-0.00793574589320356,-0.212784796746629
"227",-0.16862243754902,1.00482587395251,-0.0690250618566628,0.0700755149828018
"228",-0.16862243754902,1.02209587811089,-0.0947291723750626,-0.188961286914572
"229",-0.16862243754902,1.02006989646664,-0.0208591707458221,-0.200268541396939
"230",-0.16862243754902,1.02569684287937,-0.187726683998305,-0.129663817650496
"231",-0.16862243754902,1.02959786280478,-0.0674353672135058,-0.23563580021073
"232",-0.16862243754902,1.000009998194,-0.0023462599518762,0.00380677714065178
"233",-0.16862243754902,1.03403812467955,-0.255355777854259,0.0634686537374577
"234",-0.16862243754902,1.12937269801526,-0.419581531997981,-0.315331617552831
"235",-0.16862243754902,1.07170745183776,-0.373192862769673,-0.0963532537196244
"236",-0.16862243754902,1.00493017169967,0.0601244184476227,-0.0791814643629283
"237",-0.16862243754902,1.030995819582,0.238252455169747,-0.0786647799281228
"238",-0.16862243754902,1.01754902114929,-0.114667830531848,-0.149188803477317
"239",-0.16862243754902,1.01841757347646,-0.131670477663592,0.140844734646054
"240",-0.16862243754902,1.04280530341365,-0.196194703064744,-0.221247687709882
"241",-0.16862243754902,1.00809808453857,-0.121588640575115,-0.0384441222221187
"242",-0.16862243754902,1.00042061496971,-0.00436105965538104,0.0286773083647996
"243",-0.16862243754902,1.054881773418,-0.329764681780708,-0.0634886646542715
"244",-0.16862243754902,1.02268368395832,-0.179648581970618,-0.116654637415318
"245",-0.16862243754902,1.00226252336844,-0.0562440689354357,-0.0369698587832425
"246",-0.16862243754902,1.05022671299995,-0.00508469934380724,0.320858683116509
"247",-0.16862243754902,1.01525660625962,-0.0813782407263311,-0.155317605216203
"248",-0.16862243754902,1.01364592860956,-0.121336821608352,-0.112940003137579
"249",-0.16862243754902,1.01799612251931,-0.189103576841281,0.0235784369747895
"250",-0.16862243754902,1.02209586935,-0.196066564827767,0.0789801766203397
"251",-0.16862243754902,1.00441935111265,-0.0755468996376918,-0.0561328677753342
"252",-0.16862243754902,1.02936637300369,-0.161930313643764,-0.182684710345472
"253",-0.16862243754902,1.03684765132823,-0.273249696049559,0.0196889734034994
"254",-0.16862243754902,1.03059607006123,-0.204709136095951,-0.142205587880712
"255",-0.16862243754902,1.02467294902628,-0.123198608587091,-0.186485268341524
"256",-0.16862243754902,1.0131170998787,-0.145229768003978,-0.0729011148895795
"257",-0.16862243754902,1.00418510032839,0.0293782437703328,-0.0867446512156173
"258",-0.16862243754902,1.0392747390055,-0.16423731417684,-0.230473616205709
"259",-0.16862243754902,1.08623046231016,0.000725610986154909,-0.424141592795651
"260",-0.16862243754902,1.025069329535,-0.200348921518489,-0.103089475698124
"261",-0.16862243754902,1.01632978961216,0.0149774373699836,-0.180836715362021
"262",-0.16862243754902,1.00309912845024,0.0567288976550134,-0.0546780913024087
"263",-0.16862243754902,1.02480127583951,0.100785080739636,-0.200149999906531
"264",-0.16862243754902,1.02818521519401,-0.228030574225059,0.0718811099116936
"265",-0.16862243754902,1.01284182729631,-0.100341563681966,-0.125619018141313
"266",-0.16862243754902,1.01156545319856,-0.140762089309823,-0.058742661822065
"267",-0.16862243754902,1.01668469617775,-0.173037201841001,0.0608760890751185
"268",-0.16862243754902,1.04081759361666,-0.0733318704242534,-0.279148168473397
"269",-0.16862243754902,1.07261371826112,-0.19591739614201,-0.33483811385636
"270",-0.16862243754902,1.02126383553033,-0.136896955478417,-0.155688937766521
"271",-0.16862243754902,1.03831575571246,0.0249484359299089,-0.278347236568619
"272",-0.16862243754902,1.05307256376847,-0.326211824513693,-0.0504744500649231
"273",-0.16862243754902,1.03055408016505,-0.203908474372197,-0.143049104240575
"274",-0.16862243754902,1.03336157252378,0.18849281175444,-0.179740366878813
"275",-0.16862243754902,1.04362379240119,-0.270334542133226,-0.126766933367712
"276",-0.16862243754902,1.03786508456603,-0.259095551320615,-0.100167005780934
"277",-0.16862243754902,1.08304505456261,-0.410512199218173,-0.0668305656537121
"278",-0.16862243754902,1.05853835222683,-0.296139413608171,-0.181121204840564
"279",-0.16862243754902,1.00705779769651,-0.0491071097184825,0.10841540331729
"280",-0.16862243754902,1.00885345330373,0.121197099198491,-0.0556466835375851
"281",-0.16862243754902,1.00834016725906,0.103406465567349,-0.0778267035592774
"282",-0.16862243754902,1.03226598725514,-0.0987494923507404,-0.236265964972308
"283",-0.16862243754902,1.00182554550608,-0.0506940780266389,0.0329322650540397
"284",-0.16862243754902,1.05649996323097,-0.302009890032534,-0.158057580107935
"285",-0.16862243754902,1.03313741790724,-0.101283621139949,-0.238986510851187
"286",-0.16862243754902,1.01564259150421,-0.0857972493412609,-0.155462875577645
"287",-0.16862243754902,1.00455322391071,-0.0770780252347614,-0.0564460600512615
"288",-0.16862243754902,1.12472999327349,-0.449687589082749,-0.250596548248254
"289",-0.16862243754902,1.03084160275541,0.0928853423667047,-0.232393466226505
"290",-0.16862243754902,1.00725409932107,-0.108592923011716,-0.0526155649107024
"291",-0.16862243754902,1.01093933631634,-0.0561678615837486,-0.13727167601814
"292",-0.16862243754902,1.02191394099556,-0.160429645010503,-0.136273371584018
"293",-0.16862243754902,1.0715168553718,-0.230535285204119,-0.308223707105283
"294",-0.16862243754902,1.0519814136145,-0.270391604527209,-0.183175530002154
"295",-0.16862243754902,1.0778985758232,-0.175143426960991,-0.362201766635717
"296",-0.16862243754902,1.01343552966622,-0.16236284513826,-0.0262655536484084
"297",-0.16862243754902,1.12715204637454,-0.279971563881605,-0.438278061353759
"298",-0.16862243754902,1.0033771396068,0.0632086131493446,0.0526341667479866
"299",-0.16862243754902,1.03351462160156,0.0604036988075208,0.253976113511869
"300",-0.16862243754902,1.11421748154195,-0.459592845021619,-0.173939682012546
"301",-0.16862243754902,1.00613525725543,0.0537259347097249,-0.0970653379534083
"302",-0.16862243754902,1.02202396466131,0.0809206333684404,-0.194896986732172
"303",-0.16862243754902,1.06931434867922,-0.218710194082932,-0.309190923695163
"304",-0.16862243754902,1.03503535278123,-0.161246178135537,-0.21283291931385
"305",-0.16862243754902,1.06701067183021,-0.193707609972562,-0.317787878368999
"306",-0.16862243754902,1.03879106239298,-0.281140973182816,-0.0068282139207701
"307",-0.16862243754902,1.01643678006534,-0.120745351008162,-0.136250827812232
"308",-0.16862243754902,1.02513019748477,-0.0904190118841108,-0.206679278315635
"309",-0.16862243754902,1.0217464684583,0.0282696353754795,-0.207765910396167
"310",-0.16862243754902,1.03197202008263,0.054677106345358,-0.248951128286502
"311",-0.16862243754902,1.01066475372206,0.0121649079574152,0.14592895336587
"312",-0.16862243754902,1.00621459193703,-0.0733974738792448,-0.0841463953782725
"313",-0.16862243754902,1.02105915078792,-0.0633474722757893,-0.196338705211207
"314",-0.16862243754902,1.03941315542756,-0.129200972505326,-0.252362470227961
"315",-0.16862243754902,1.01283303646487,-0.156306901681516,-0.0374020352570938
"316",-0.16862243754902,1.02660297837139,-0.122958852257843,-0.196963945564796
"317",-0.16862243754902,1.0125920206224,0.107347785711621,-0.117554468783506
"318",-0.16862243754902,1.06452418200674,-0.0191452128313897,-0.364479347704024
"319",-0.16862243754902,1.00223160993079,0.00191629295488827,-0.066817121801039
"320",-0.16862243754902,1.03443422098243,0.0276116096053091,-0.26323327402614
"321",-0.16862243754902,1.022666007899,-0.149583731844585,-0.153200753521393
"322",-0.16862243754902,1.04872613459255,-0.312923865848505,0.0436481335208475
"323",-0.16862243754902,1.11080316562927,-0.482839811739181,0.0273749698023584
"324",-0.16862243754902,1.01550010552628,0.110610492463609,-0.137861464089273
"325",-0.16862243754902,1.0197110278146,-0.193720377917898,-0.0477807013977484
"326",-0.16862243754902,1.07792374998431,-0.398320727647956,0.0570982373303603
"327",-0.16862243754902,1.00730159436233,0.0782381413883417,0.0923866615751138
"328",-0.16862243754902,1.00093698927762,0.0155277039436008,-0.0404196352579879
"329",-0.16862243754902,1.00198460735025,-0.00510485218524078,-0.0628259011156822
"330",-0.16862243754902,1.11095911790199,-0.475169257333703,-0.0918930820818474
"331",-0.16862243754902,1.02056274104802,-0.0395090791312489,-0.199968350199832
"332",-0.16862243754902,1.04567425846335,5.3036173207031e-05,-0.305670822945279
"333",-0.16862243754902,1.07774883186111,-0.318140778321334,-0.245619603751576
"334",-0.16862243754902,1.01876310584451,0.139425103261069,-0.135789934864814
"335",-0.16862243754902,1.05058854569584,-0.30276886818726,-0.109851284944307
"336",-0.16862243754902,1.00769669911298,0.0660174393124936,-0.105329649718512
"337",-0.16862243754902,1.01227621577049,-0.156080403680498,0.0184944478574882
"338",-0.16862243754902,1.06054966458768,-0.21890071111755,-0.277214843991575
"339",-0.16862243754902,1.00441178658074,-0.0742513642078222,-0.0577041760671091
"340",-0.16862243754902,1.08278500330476,-0.323107301277078,-0.260816094678107
"341",-0.16862243754902,1.03205565182797,0.10255376663998,-0.23371262999248
"342",-0.16862243754902,1.02856830675494,-0.218634005816913,-0.100756802059098
"343",-0.16862243754902,1.0375298112756,0.109299800373025,-0.254011147243575
"344",-0.16862243754902,1.01578388556832,-0.0549474381377118,-0.16969879558319
"345",-0.16862243754902,1.02283629277057,-0.0873421264343986,-0.196380841118884
"346",-0.16862243754902,1.00370988333665,-0.0825022954150347,0.0250379943069067
"347",-0.16862243754902,1.04267972421138,-0.139081274702258,-0.260456150452842
"348",-0.16862243754902,1.05487953329952,-0.267872690307143,-0.202521731085423
"349",-0.16862243754902,1.03441570228173,-0.146158574532955,0.220575420701169
"350",-0.16862243754902,1.00157376885157,0.0136430266893489,0.0544415491540551
"351",-0.16862243754902,1.0215505629257,-0.137392167961664,-0.157127161231275
"352",-0.16862243754902,1.04219381296016,-0.199984249772416,-0.214881929476193
"353",-0.16862243754902,1.00666525325706,-0.109802446517494,0.0363091566119245
"354",-0.16862243754902,1.04078620506108,0.1802704331921,-0.225252071160671
"355",-0.16862243754902,1.03017971007392,-0.0970838875109246,-0.227694870020707
"356",-0.16862243754902,1.01205139181699,-0.0791476088566943,-0.134103227742534
"357",-0.16862243754902,1.04157957810324,-0.039944505713385,-0.288604320801041
"358",-0.16862243754902,1.0003732710842,0.0233016505290689,-0.0142728617427084
"359",-0.16862243754902,1.02740086345996,-0.152047464201409,-0.18009470527531
"360",-0.16862243754902,1.00353028116137,-0.0585808548399866,-0.0603432569060296
"361",-0.16862243754902,1.01494191348348,-0.170914179223539,0.0299237545412541
"362",-0.16862243754902,1.0022819166351,0.0664900374159803,-0.0121702645062049
"363",-0.16862243754902,1.13379408002349,-0.476984781601352,-0.240779014901661
"364",-0.16862243754902,1.08655753174101,-0.14648665382848,-0.398934744078841
"365",-0.16862243754902,1.10439660600411,-0.156668947494785,-0.441754121932405
"366",-0.16862243754902,1.06307854241969,-0.341405224796078,-0.116526648605024
"367",-0.16862243754902,1.01799843572188,0.0901579949612266,0.167905780355433
"368",-0.16862243754902,1.1325115601223,-0.488857595343052,0.208807771134241
"369",-0.16862243754902,1.0260024240115,-0.0835146498606329,-0.213790264830129
"370",-0.16862243754902,1.02280300719047,-0.213377444725273,-0.0244142909048881
"371",-0.16862243754902,1.00218309565183,-0.0401632950487602,0.0525153971812481
"372",-0.16862243754902,1.0444316038797,0.0618510901560809,-0.294977656491532
"373",-0.16862243754902,1.00236537566274,-0.0674961900804356,0.0134391462578019
"374",-0.16862243754902,1.02217829800445,-0.211774196459375,0.000403268221262424
"375",-0.16862243754902,1.01591860259666,-0.00621884578024311,-0.179030536666543
"376",-0.16862243754902,1.00819569158553,-0.0819395862331454,-0.0987140149095881
"377",-0.16862243754902,1.04016692663932,-0.203032760264533,-0.201804196025889
"378",-0.16862243754902,1.08650220178674,-0.342786745453603,-0.250966694261919
"379",-0.16862243754902,1.03437384057889,-0.218679283781584,-0.148689653031737
"380",-0.16862243754902,1.05122788029197,0.0331345817634432,-0.32246264247897
"381",-0.16862243754902,1.12010562298367,-0.446982511771953,-0.234186337794655
"382",-0.16862243754902,1.03846686834966,-0.127332820126686,-0.249398856409844
"383",-0.16862243754902,1.05486614433902,-0.229294592600308,-0.245288752854543
"384",-0.16862243754902,1.00652796074221,-0.04056005462441,0.107020641582501
"385",-0.16862243754902,1.06578801041054,-0.302651884241814,-0.210489714950013
"386",-0.16862243754902,1.07358977760512,0.164919153861746,-0.354113941080752
"387",-0.16862243754902,1.05582495939547,0.316021000572894,0.122053562337826
"388",-0.16862243754902,1.00624335683996,-0.0988464219556652,0.0524888373954037
"389",-0.16862243754902,1.0481689220033,0.00246875329270344,-0.314089150259516
"390",-0.16862243754902,1.02492371435146,-0.198473007868154,-0.105247733409111
"391",-0.16862243754902,1.08630135543384,-0.414139416777721,0.0924076744020868
"392",-0.16862243754902,1.00093013013833,-0.0387893047739359,0.0188816115278711
"393",-0.16862243754902,1.00530522320785,0.0159858894676092,-0.101897218543569
"394",-0.16862243754902,1.01553329141775,-0.126972021556551,-0.123231374737134
"395",-0.16862243754902,1.00647932233381,-0.0943052886868035,-0.0640869628803349
"396",-0.16862243754902,1.04049113001706,-0.286257309338284,-0.0260488866284924
"397",-0.16862243754902,1.00316190451609,0.0304864127652088,0.0735145244768493
"398",-0.16862243754902,1.04806447411208,-0.309907214282338,-0.0489556986630619
"399",-0.16862243754902,1.05759671212444,-0.122294814852748,-0.321799291106378
"400",-0.16862243754902,1.01910287382369,0.0794346895182018,-0.17961291027331
"401",-0.16862243754902,1.02162094173485,-0.208903771815632,-0.00828026040718896
"402",-0.16862243754902,1.00210605503239,-0.0635844371202238,-0.0131744027826792
"403",-0.16862243754902,1.02969905988072,-0.169445609162347,0.177674813788685
"404",-0.16862243754902,1.00827526430959,0.0298886211482054,-0.125402069139348
"405",-0.16862243754902,1.05785480255635,0.0979498522458638,-0.330851340841395
"406",-0.16862243754902,1.04352183527103,-0.0237688327867815,-0.297275736102646
"407",-0.16862243754902,1.06971340014381,0.112086298377835,-0.36293721242548
"408",-0.16862243754902,1.0171269926094,-0.113554815676285,-0.147148302509288
"409",-0.16862243754902,1.11656320369502,-0.243359480413009,-0.433000636418475
"410",-0.16862243754902,1.03905754857846,-0.265927967355897,0.0944611318788302
"411",-0.16862243754902,1.03000161842139,-0.187513588995209,-0.160443098613857
"412",-0.16862243754902,1.00904631855294,-0.127472433350022,-0.0438776904710071
"413",-0.16862243754902,1.02932298704973,-0.0318139425715218,-0.241854676876495
"414",-0.16862243754902,1.00238698931931,-0.0317533958203119,-0.0614117106952298
"415",-0.16862243754902,1.06047636083039,-0.170547872675407,-0.309068819206923
"416",-0.16862243754902,1.08848394703324,-0.0849754312089748,-0.421398242805918
"417",-0.16862243754902,1.01490380038624,-0.171879836378713,-0.022069116086954
"418",-0.16862243754902,1.01888988950172,-0.182579777802702,-0.0692909205188468
"419",-0.16862243754902,1.06779683739782,-0.325509395945433,-0.185023563656156
"420",-0.16862243754902,1.02541165263647,-0.188956854158707,0.125556220989216
"421",-0.16862243754902,1.02667297013751,-0.0964682706526298,-0.211544936995137
"422",-0.16862243754902,1.07183194392413,-0.0197593525711771,-0.385270403745404
"423",-0.16862243754902,1.02382671091712,-0.0622307759291231,-0.21059075125615
"424",-0.16862243754902,1.04168647849847,-0.174574585225788,-0.233740098570581
"425",-0.16862243754902,1.01618823226229,-0.177633256163286,0.0329385745469856
"426",-0.16862243754902,1.01157133588265,-0.0377229341736065,-0.147829455173022
"427",-0.16862243754902,1.07008752636923,-0.281254426392224,-0.256872072685607
"428",-0.16862243754902,1.0176826434046,-0.17247349450434,0.077012053474976
"429",-0.16862243754902,1.00314049397589,-0.0249809064568908,-0.0752781838701686
"430",-0.16862243754902,1.01000320773273,-0.140301194487757,-0.0205439639725121
"431",-0.16862243754902,1.00792288268443,0.0499514291402908,-0.115816199927842
"432",-0.16862243754902,1.0315769622287,-0.163627291584699,-0.193331679891433
"433",-0.16862243754902,1.0399306374448,-0.255266868883348,-0.12765013257665
"434",-0.16862243754902,1.03928257840445,-0.252275632665105,0.128317118649168
"435",-0.16862243754902,1.0396669682701,-0.276314133388713,0.0675122551955538
"436",-0.16862243754902,1.00322934580773,-0.0798902006902459,-0.00931000126126576
"437",-0.16862243754902,1.10339293860009,-0.254263781850281,-0.390929541211376
"438",-0.16862243754902,1.07435348893502,-0.392436457226613,0.0151342732326101
"439",-0.16862243754902,1.00668219400293,0.11416103300744,-0.019398408832218
"440",-0.16862243754902,1.03266344003927,-0.10710365021114,-0.234355688015442
"441",-0.16862243754902,1.06153459264321,0.00581848149728892,-0.356120536688437
"442",-0.16862243754902,1.01086915509216,-0.0838644309591147,-0.121750589060738
"443",-0.16862243754902,1.01883803651025,0.0266670932378391,-0.193183360510953
"444",-0.16862243754902,1.03864609431533,-0.19462426564918,-0.202255048038363
"445",-0.16862243754902,1.03611845168645,-0.270616713770604,-0.0175510727058259
"446",-0.16862243754902,1.04159461816073,-0.286638260516232,-0.0525152948160721
"447",-0.16862243754902,1.08009684500824,-0.263880470938523,-0.311410166266309
"448",-0.16862243754902,1.00868486300551,0.0583713979742208,-0.118481782375975
"449",-0.16862243754902,1.00285144948588,-0.00893528651695347,-0.0750412579237848
"450",-0.16862243754902,1.02466782426336,-0.0439068692435022,-0.219126303564479
"451",-0.16862243754902,1.0270907461531,0.0707036836353635,-0.223419761779771
"452",-0.16862243754902,1.03410753526687,-0.05526068995293,-0.25753572692277
"453",-0.16862243754902,1.01128688819582,0.0377931745330306,-0.145852138124543
"454",-0.16862243754902,1.06776066203071,-0.119952512057839,-0.354576121913588
"455",-0.16862243754902,1.0345794420143,-0.0971327083542188,-0.246819486277716
"456",-0.16862243754902,1.00449643115007,-0.0838614223747972,0.0445010340385708
"457",-0.16862243754902,1.01819008254245,-0.0509396203201408,-0.184705709899381
"458",-0.16862243754902,1.05712344439856,-0.340516897727992,-0.0394742835119978
"459",-0.16862243754902,1.00942189717257,-0.0577843096149445,-0.12487409680869
"460",-0.16862243754902,1.06032451021747,-0.345652220533025,-0.0693729731848681
"461",-0.16862243754902,1.01024496142869,-0.122304693464347,0.0750762548923223
"462",-0.16862243754902,1.00851346067571,-0.100207191902121,-0.0840114221710164
"463",-0.16862243754902,1.01040020497151,-0.0148767356390989,-0.14383065369797
"464",-0.16862243754902,1.01071991308472,-0.0562909012998382,-0.135595269596121
"465",-0.16862243754902,1.02254445028508,-0.193660851081541,-0.0899590327159334
"466",-0.16862243754902,1.00855439627408,-0.131069350954247,-0.00167197015703106
"467",-0.16862243754902,1.01373516415794,-0.152413189506152,0.0665522555206088
"468",-0.16862243754902,1.02585197405575,0.0036406249195878,-0.228820931132352
"469",-0.16862243754902,1.04118035909761,-0.20798809031921,0.201983896526436
"470",-0.16862243754902,1.06440801074355,-0.162952738567633,-0.32620671104125
"471",-0.16862243754902,1.0035982170081,-0.0354883900153516,-0.077135953717807
"472",-0.16862243754902,1.00445267695372,-0.094082247450243,0.00858550838335796
"473",-0.16862243754902,1.02987485101839,-0.211508703629495,-0.126120089791923
"474",-0.16862243754902,1.0138099091277,-0.16565410861412,-0.0192158305774567
"475",-0.16862243754902,1.01190894603166,0.0068334145725906,-0.154638350690171
"476",-0.16862243754902,1.02617143676066,0.222407376609563,-0.0596889977558169
"477",-0.16862243754902,1.04267751497846,-0.130819073385026,-0.264693729204811
"478",-0.16862243754902,1.06503100553622,-0.156718121244658,-0.331255902931615
"479",-0.16862243754902,1.03853883281464,-0.241702873803745,-0.141924726735739
"480",-0.16862243754902,1.03414486696745,-0.233051859723887,-0.12305460801763
"481",-0.16862243754902,1.00508189615387,-0.0675115766312891,-0.0750453529341527
"482",-0.16862243754902,1.04065604365831,0.146856956912352,-0.24778626961356
"483",-0.16862243754902,1.01185583566929,-0.153542605347682,-0.0166403281529937
"484",-0.16862243754902,1.06945355390718,-0.220650846046363,-0.308292244637653
"485",-0.16862243754902,1.05840330620068,-0.233492513640617,-0.256317780597263
"486",-0.16862243754902,1.05566680206085,-0.156093677606344,-0.300111913766707
"487",-0.16862243754902,1.00510316196898,0.0752733614702591,-0.0675743091196665
"488",-0.16862243754902,1.09211623559538,-0.430302984423068,-0.0869322359520085
"489",-0.16862243754902,1.03353053671511,0.117108892463203,-0.23338996899751
"490",-0.16862243754902,1.00443022088189,-0.0608885052894139,-0.0719211967674305
"491",-0.16862243754902,1.0040942067602,0.0822984451396835,-0.0378436517395641
"492",-0.16862243754902,1.00091933554552,0.0134154042573846,-0.0407374913009164
"493",-0.16862243754902,1.03002374773861,0.0776145236653541,-0.234360633685962
"494",-0.16862243754902,1.00377031664138,-0.0404215539064419,-0.0769476871006158
"495",-0.16862243754902,1.12990232734665,-0.202370085962084,-0.485515826365191
"496",-0.16862243754902,1.02486033895771,0.0737184721603384,-0.21190635014282
"497",-0.16862243754902,1.00712010309102,-0.0905758939613273,-0.0780186483039541
"498",-0.16862243754902,1.02156153793103,-0.160509295089196,-0.133509332894666
"499",-0.16862243754902,1.04542545553801,-0.30020887247949,-0.0528111349192096
"500",-0.16862243754902,1.00967582915674,-0.0139231282069024,-0.138749509852381
"501",-0.16862243754902,1.05949759767342,-0.298161796098493,-0.183397663079652
"502",-0.16862243754902,1.09102621253144,-0.392740603811146,-0.189981616344211
"503",-0.16862243754902,1.02493700724124,-0.223361913885478,-0.024603337945122
"504",-0.16862243754902,1.02435515033442,0.0922573524621428,-0.201970430839078
"505",-0.16862243754902,1.02145326772865,0.0961101825570008,-0.184742011904179
"506",-0.16862243754902,1.00481200661683,-0.0847662510199974,-0.0496170467616596
"507",-0.16862243754902,1.00394379929925,-0.0888377661452467,-0.00331714602118131
"508",-0.16862243754902,1.05094571287476,-0.269456904219927,-0.178549343818593
"509",-0.16862243754902,1.07559396397192,-0.057313906240846,-0.391940673424231
"510",-0.16862243754902,1.00536156027732,-0.0914585463354302,0.0488589928821711
"511",-0.16862243754902,1.05272568343243,-0.307985037823974,-0.115657170269895
"512",-0.16862243754902,1.01399518252825,-0.165306308470656,0.0293266869983813
"513",-0.16862243754902,1.01885101155856,0.0865758443757893,-0.174819927137961
"514",-0.16862243754902,1.04096200730186,-0.287746490665292,0.0283523853622813
"515",-0.16862243754902,1.00564922437075,0.0568052812263264,-0.0900195673300839
"516",-0.16862243754902,1.01619054936002,-0.113396949290959,0.140656903492562
"517",-0.16862243754902,1.03114938616248,0.118158840993551,0.222053022673229
"518",-0.16862243754902,1.06302779114095,-0.22504611323232,-0.28174870302635
"519",-0.16862243754902,1.00713439617866,-0.0550734600901256,-0.106238439182131
"520",-0.16862243754902,1.01229598125022,0.119113005753619,0.102738724518482
"521",-0.16862243754902,1.0221768487072,-0.130814945888408,-0.166532158951913
"522",-0.16862243754902,1.0874975218716,0.102715449914066,-0.414849848048445
"523",-0.16862243754902,1.02077796634729,-0.201082717279326,-0.0394131626702085
"524",-0.16862243754902,1.01743625566725,0.0491847779273094,-0.180990032781988
"525",-0.16862243754902,1.00909992628003,-0.0666528399692819,-0.117643784971405
"526",-0.16862243754902,1.10088530338021,-0.305235259441211,-0.344644581550907
"527",-0.16862243754902,1.0009628298799,0.0172923007937293,0.0403430679850162
"528",-0.16862243754902,1.14208828201215,-0.527755060338002,-0.160748997499523
"529",-0.16862243754902,1.07161992218698,-0.184110712398986,-0.338337853643322
"530",-0.16862243754902,1.00377922714964,-0.0385349003429923,-0.0780243443592523
"531",-0.16862243754902,1.0152509901735,-0.129687518781544,-0.117964912243281
"532",-0.16862243754902,1.11455998161629,-0.290465613129021,-0.397333210555191
"533",-0.16862243754902,1.00714403475886,-0.115613892783746,-0.0311854861393566
"534",-0.16862243754902,1.01791530927186,-0.183118196342892,0.0511791267819041
"535",-0.16862243754902,1.01636081057619,-0.149712629978085,-0.102836888810098
"536",-0.16862243754902,1.00483129099433,-0.0950752369354027,0.0254287766715071
"537",-0.16862243754902,1.06057753858517,-0.295133524431597,-0.194218737787999
"538",-0.16862243754902,1.01141985048662,-0.141375277501095,-0.0546181734393982
"539",-0.16862243754902,1.00324823732547,0.024002995531519,-0.0770122191744751
"540",-0.16862243754902,1.02819221419133,-0.218849380975607,-0.0963544382488912
"541",-0.16862243754902,1.00809327931091,-0.0575363304157591,-0.113761287238255
"542",-0.16862243754902,1.01523779873871,-0.0296278559776681,-0.17271357253553
"543",-0.16862243754902,1.05632841035986,0.0496109850231771,-0.336702332481412
"544",-0.16862243754902,1.00855343771023,0.122913630047194,0.0455222612107911
"545",-0.16862243754902,1.02077316123404,-0.19362832122198,-0.0669770103579374
"546",-0.16862243754902,1.00326872836498,-0.0135101319742071,0.0797848209193057
"547",-0.16862243754902,1.07937163612302,0.298630056080488,-0.275432783946015
"548",-0.16862243754902,1.03072647631452,-0.249793439206695,0.00055380957069638
"549",-0.16862243754902,1.02612103109283,-0.210646767276042,-0.0924786996403472
"550",-0.16862243754902,1.01597998468474,-0.140731146738564,-0.111400509952395
"551",-0.16862243754902,1.08696519606463,-0.376371733311849,-0.199593726904575
"552",-0.16862243754902,1.12454247329093,-0.232580347466264,-0.458805139691951
"553",-0.16862243754902,1.05654033302264,-0.329212859502979,-0.0888615127120026
"554",-0.16862243754902,1.08869731360324,-0.425677991051794,0.0637188243851818
"555",-0.16862243754902,1.01730502739196,-0.164734193097611,0.0881598796587368
"556",-0.16862243754902,1.03628908758987,-0.151208465899763,0.225900581889661
"557",-0.16862243754902,1.06631198567411,-0.146809970896095,-0.339805949385459
"558",-0.16862243754902,1.06413536071525,-0.288357407816454,-0.221887519437088
"559",-0.16862243754902,1.02130480993102,-0.200691929149349,0.052785077082064
"560",-0.16862243754902,1.06659343531854,-0.353699505411203,0.111884834255959
"561",-0.16862243754902,1.01699917025459,-0.181925843724959,-0.0345007200431013
"562",-0.16862243754902,1.00182534882167,0.0221522476370102,-0.056243288188759
"563",-0.16862243754902,1.05685480059123,0.0685967495702526,0.335017246542799
"564",-0.16862243754902,1.02899294361726,-0.184045107643945,-0.157967959936309
"565",-0.16862243754902,1.04545620474845,-0.118207934543554,-0.281079277532115
"566",-0.16862243754902,1.0481555403029,-0.267767747193005,-0.164105058516905
"567",-0.16862243754902,1.05647901281337,-0.199969944688735,-0.275970878420701
"568",-0.16862243754902,1.01188975391903,-0.0826466861699821,-0.130730254155036
"569",-0.16862243754902,1.01830942677867,-0.170926736883545,-0.087966694178291
"570",-0.16862243754902,1.04588056782302,-0.257742814757782,-0.165634548299954
"571",-0.16862243754902,1.00027338617106,0.0233514270283153,-0.00124817381021784
"572",-0.16862243754902,1.13047314994995,0.010916079118889,-0.527115150583274
"573",-0.16862243754902,1.04180738979467,-0.0432287338537189,-0.288953134608679
"574",-0.16862243754902,1.04308004618458,-0.279685587412457,0.0989543073451805
"575",-0.16862243754902,1.01158754960194,0.151233197732561,0.0209258312438283
"576",-0.16862243754902,1.01459056424564,0.120658902881859,-0.121800830094162
"577",-0.16862243754902,1.01200073538645,0.0668980818180281,-0.14025025872271
"578",-0.16862243754902,1.00736922351714,-0.103847938076101,-0.063311596464353
"579",-0.16862243754902,1.02755918251148,-0.232774584439053,0.0411566082530783
"580",-0.16862243754902,1.00966156438936,-0.080740049256507,-0.113567244622859
"581",-0.16862243754902,1.01461160946168,0.131167872911288,-0.110597048651157
"582",-0.16862243754902,1.05172599423387,-0.144530719242097,-0.291956226415181
"583",-0.16862243754902,1.00916497364704,-0.0521845953999194,-0.125262572378863
"584",-0.16862243754902,1.02991455205343,-0.226509828734474,0.0970426814246756
"585",-0.16862243754902,1.05576870799612,0.15085643934589,-0.303133468115421
"586",-0.16862243754902,1.01074934354443,0.116451253613046,0.0897404089997439
"587",-0.16862243754902,1.02841681491507,0.0342473356517817,-0.237630522452015
"588",-0.16862243754902,1.11146747264003,-0.0192924612423508,-0.484755344143858
"589",-0.16862243754902,1.01587018003136,0.0386603253210808,-0.174635626156314
"590",-0.16862243754902,1.03463414021959,-0.0670690176177793,-0.256845383419137
"591",-0.16862243754902,1.00274000452501,-0.0728783514505812,0.0132763912517542
"592",-0.16862243754902,1.03795081077508,-0.254081260436059,-0.113068999658965
"593",-0.16862243754902,1.02334660228062,-0.123626107267658,-0.178759206759071
"594",-0.16862243754902,1.01561755923536,-0.0454994236918827,-0.171490026155747
"595",-0.16862243754902,1.00396038054006,-0.0159981952148459,0.087638481524981
"596",-0.16862243754902,1.08225258685197,-0.381409889982832,-0.160614935703591
"597",-0.16862243754902,1.01705025628272,-0.0775596147629058,-0.168450971984674
"598",-0.16862243754902,1.00090009332595,0.0304705850883233,-0.0295387925322794
"599",-0.16862243754902,1.03231870280053,-0.217007396761625,-0.136344027747874
"600",-0.16862243754902,1.08723725323514,-0.281800628947881,-0.32042666921913
"601",-0.16862243754902,1.03590509993954,-0.111674791782427,-0.246227774552556
"602",-0.16862243754902,1.01438256150778,0.102704861635923,-0.135733903235107
"603",-0.16862243754902,1.0246068883942,-0.0521029830911261,-0.217035837819106
"604",-0.16862243754902,1.00915020431207,0.11635963174536,0.069602952259062
"605",-0.16862243754902,1.01516514796911,-0.120799740097777,0.126363366698771
"606",-0.16862243754902,1.03521338709004,0.265520912106215,0.0341379853640411
"607",-0.16862243754902,1.02650652037018,-0.221553250975647,-0.0680425847878424
"608",-0.16862243754902,1.01584091143953,-0.0309353754129247,-0.175999317903101
"609",-0.16862243754902,1.02073702202154,-0.101330396735932,-0.177865732570232
"610",-0.16862243754902,1.02779214632525,-0.165849080206919,-0.169855169607474
"611",-0.16862243754902,1.06290440727072,-0.356917230961393,-0.0487428891058081
"612",-0.16862243754902,1.02330993588272,-0.217146142607774,-0.00328292961426657
"613",-0.16862243754902,1.05937325216079,-0.273527794290192,-0.217839925506045
"614",-0.16862243754902,1.0367415265724,-0.0953820181692722,-0.256388891197795
"615",-0.16862243754902,1.01596769403337,-0.0811990436906447,-0.159990845435655
"616",-0.16862243754902,1.01405858874494,0.141896371505822,-0.0904446856419401
"617",-0.16862243754902,1.09181574738287,-0.0623064105075575,-0.43379665448557
"618",-0.16862243754902,1.09246649783349,0.290243977878381,-0.330516992292247
"619",-0.16862243754902,1.04028437546567,-0.00585289605848889,-0.286630991774667
"620",-0.16862243754902,1.01473946148131,-0.168550180095137,-0.0358749421918404
"621",-0.16862243754902,1.02495733846615,-0.0929132773985844,-0.204706298287744
"622",-0.16862243754902,1.02055451056276,-0.179646925748846,-0.0962210533042262
"623",-0.16862243754902,1.03936924258026,-0.26380112996519,-0.103428169523318
"624",-0.16862243754902,1.02216166557622,-0.0102035357493439,0.211448240550177
"625",-0.16862243754902,1.02188505302756,-0.0843854409021966,-0.192686686008373
"626",-0.16862243754902,1.00034014250431,0.0182843832453116,-0.018603280218068
"627",-0.16862243754902,1.03076077932364,-0.0662730987898374,-0.240988922087042
"628",-0.16862243754902,1.06162119647858,-0.2651217195353,-0.238222666098862
"629",-0.16862243754902,1.03157821053673,0.175440298989651,-0.182686359492381
"630",-0.16862243754902,1.01914605233343,0.0934758728903812,-0.172976695465604
"631",-0.16862243754902,1.02952755554014,-0.14773988809937,-0.195191990309159
"632",-0.16862243754902,1.00754844346626,0.116919833216332,0.0385177690416253
"633",-0.16862243754902,1.01492238352652,-0.159374114290236,-0.06831790597893
"634",-0.16862243754902,1.01743030993123,0.108972618787686,0.152608662667963
"635",-0.16862243754902,1.03587664537621,-0.178564946723669,-0.202866912623651
"636",-0.16862243754902,1.0405011831153,-0.129988441349523,-0.256409276703971
"637",-0.16862243754902,1.02678182583369,0.0925263488679956,-0.213821871256252
"638",-0.16862243754902,1.06380968871841,-0.346908776769753,-0.10651457370371
"639",-0.16862243754902,1.01430476042967,-0.0487749612348526,-0.16258889933455
"640",-0.16862243754902,1.04498312123836,-0.302272694528672,0.0249187041284823
"641",-0.16862243754902,1.03182825826714,-0.234853847380471,-0.0975357623089477
"642",-0.16862243754902,1.00171764436029,-0.00459226087318081,-0.0584563953968533
"643",-0.16862243754902,1.01652368898476,-0.175638067879824,-0.0497159871533891
"644",-0.16862243754902,1.00959270218601,0.138112798114108,-0.0142224929019918
"645",-0.16862243754902,1.0147407157837,0.0261238607996279,-0.170341610201792
"646",-0.16862243754902,1.03816104082443,-0.0262333600598002,-0.277651143533832
"647",-0.16862243754902,1.01444381711457,-0.0648071962983693,-0.157785567749166
"648",-0.16862243754902,1.05472847051955,-0.312806558160679,-0.120847853502588
"649",-0.16862243754902,1.05826182172712,-0.346158232000819,-0.00962090137460441
"650",-0.16862243754902,1.03149774234692,-0.235599554892625,0.0920893164335559
"651",-0.16862243754902,1.00497940461292,-0.062649483746564,0.0778373039257229
"652",-0.16862243754902,1.03905035632669,-0.280692463309552,-0.028937588424856
"653",-0.16862243754902,1.04623399940201,-0.307563018017989,-0.00325137700076905
"654",-0.16862243754902,1.01223013254654,-0.155142650115421,-0.0232507924669587
"655",-0.16862243754902,1.02905102236339,-0.218149133441823,-0.106569049004477
"656",-0.16862243754902,1.00589941387,0.0310455081814636,0.104258367749413
"657",-0.16862243754902,1.02174117274308,-0.0362675334264635,-0.206493801596
"658",-0.16862243754902,1.02301546728959,0.136638177343979,-0.167004954435058
"659",-0.16862243754902,1.00324001272553,0.0394504759386285,-0.0702437405164747
"660",-0.16862243754902,1.00968433350981,-0.0791287355618544,-0.114896024924825
"661",-0.16862243754902,1.04143251086845,0.00974036287958331,-0.290666131540531
"662",-0.16862243754902,1.07276636642891,-0.262656779499207,-0.286075327709672
"663",-0.16862243754902,1.00408375439195,0.0749131229938121,0.0507169580825726
"664",-0.16862243754902,1.01360452146635,-0.0880453151085002,-0.140150449248176
"665",-0.16862243754902,1.03528693962871,-0.222328027951841,-0.149630529481209
"666",-0.16862243754902,1.07727137442026,-0.365612282803105,-0.163833063844959
"667",-0.16862243754902,1.08115646713983,0.343019854104949,-0.226355221119603
"668",-0.16862243754902,1.02650177951724,-0.230051720188072,0.0279662187391541
"669",-0.16862243754902,1.04692029724287,-0.263503266699481,-0.163120008637221
"670",-0.16862243754902,1.02138488517806,-0.00919920624586975,-0.207707626905318
"671",-0.16862243754902,1.01538673908057,-0.0310262553585231,0.173342439636403
"672",-0.16862243754902,1.04194793221201,-0.0966603838867419,-0.276246744103455
"673",-0.16862243754902,1.05980759643081,0.00632924273789441,-0.350930309518589
"674",-0.16862243754902,1.06765056199495,-0.373981214401873,-0.00397162468440436
"675",-0.16862243754902,1.05625853256354,-0.167972876394535,-0.295748542530706
"676",-0.16862243754902,1.03777366352765,-0.272960133348128,-0.0496683230456168
"677",-0.16862243754902,1.01866566620283,0.0231743358130279,-0.192724387818689
"678",-0.16862243754902,1.00753832324899,0.120700632668002,0.023766154273076
"679",-0.16862243754902,1.00758665022822,0.0679127101448118,-0.103047181033278
"680",-0.16862243754902,1.04405728399193,-0.140665860541236,-0.265082492697631
"681",-0.16862243754902,1.01781493788137,-0.187453484577643,-0.0284330598803304
"682",-0.16862243754902,1.08031135483583,-0.406151516528025,-0.0459735685934955
"683",-0.16862243754902,1.01388908645198,-0.161735865279041,0.0425745171303131
"684",-0.16862243754902,1.02024527516612,-0.169127526635008,-0.110888688481402
"685",-0.16862243754902,1.01613041689848,-0.106651638439563,-0.145418197500969
"686",-0.16862243754902,1.04603435106618,-0.306374239937323,0.0179635384396341
"687",-0.16862243754902,1.02284902931188,-0.140666537861712,-0.162582477193101
"688",-0.16862243754902,1.00218753203921,0.0118445964685707,-0.0651118645819102
"689",-0.16862243754902,1.00793880475938,0.0134137772491854,-0.125541645359928
"690",-0.16862243754902,1.01394112906094,-0.138798683193453,-0.093869796767347
"691",-0.16862243754902,1.01853098645582,-0.185056515885976,-0.0562090410770979
"692",-0.16862243754902,1.03868951764184,-0.26362831314359,-0.0968298846849811
"693",-0.16862243754902,1.00651100638952,-0.0153446670170111,-0.113264942402234
"694",-0.16862243754902,1.02901674270935,-0.219881804783671,-0.102603356188931
"695",-0.16862243754902,1.05130520599832,0.102526334065325,-0.307783994032022
"696",-0.16862243754902,1.00834162068766,-0.128057707704203,0.0188161502054052
"697",-0.16862243754902,1.00444877586709,-0.0836282043591096,-0.0438596258142671
"698",-0.16862243754902,1.00193854006642,-0.0596129011627754,-0.0180870142750244
"699",-0.16862243754902,1.00340696732533,-0.0824256916275364,-0.00561671049041992
"700",-0.16862243754902,1.05644770352727,-0.325783411457293,-0.0997342424009322
"701",-0.16862243754902,1.00502386168645,-0.0956202164785512,0.0304915850644577
"702",-0.16862243754902,1.05829539630661,-0.296031149767832,-0.179874134357633
"703",-0.16862243754902,1.0030095229303,-0.0772195207275843,0.00807766720440743
"704",-0.16862243754902,1.01176053751312,0.102428320910634,0.114751140927971
"705",-0.16862243754902,1.00716842762377,-0.116984515012896,-0.0265115983926129
"706",-0.16862243754902,1.05666753682819,-0.338832201512777,0.0417015899524776
"707",-0.16862243754902,1.02867218022012,-0.174397638321952,-0.166589069589034
"708",-0.16862243754902,1.01993135317168,-0.200561180508405,0.00593110914449107
"709",-0.16862243754902,1.01226063992212,0.0530488213044411,-0.147842570641059
"710",-0.16862243754902,1.05090564075991,-0.201685552753169,-0.252439306748483
"711",-0.16862243754902,1.04852075589478,0.174582917749368,-0.262519676162157
"712",-0.16862243754902,1.00317139402725,0.0786705117952508,-0.0127982955291913
"713",-0.16862243754902,1.01325356859995,0.0991849504849129,-0.129788828016308
"714",-0.16862243754902,1.00545295857807,-0.0204488466135511,-0.102554846719082
"715",-0.16862243754902,1.0341139962539,-0.259777588100633,0.0436733553649198
"716",-0.16862243754902,1.00849434520584,-0.0382188715426196,-0.124900609166492
"717",-0.16862243754902,1.00233761190307,-0.0666094102293469,-0.0156164882239017
"718",-0.16862243754902,1.02997533120585,0.0382426612057995,-0.243693827899887
"719",-0.16862243754902,1.04599781257713,0.15955023675812,-0.262021269874347
"720",-0.16862243754902,1.00058374638406,-0.0108198261567666,-0.032415503850902
"721",-0.16862243754902,1.00528235010871,-0.0613440579194134,-0.0826408494515906
"722",-0.16862243754902,1.0440662809086,-0.099914910055919,-0.283004257351084
"723",-0.16862243754902,1.00587169909237,-0.0719552932346272,-0.081242296930187
"724",-0.16862243754902,1.09475388228513,0.128434712639108,-0.426603548236149
"725",-0.16862243754902,1.03150539660654,-0.206603956643063,-0.146007494081104
"726",-0.16862243754902,1.03829568852246,-0.230477078583827,-0.157918501296698
"727",-0.16862243754902,1.00192076236555,-0.0218798796947411,0.0580214178015464
"728",-0.16862243754902,1.02936248498366,-0.243949799406457,-0.00869602560279802
"729",-0.16862243754902,1.11057851650152,-0.454575972838526,-0.163539983589998
"730",-0.16862243754902,1.06985375658838,-0.376004397548515,-0.0566370330300768
"731",-0.16862243754902,1.03813833391925,-0.267047909819959,0.0801037715305855
"732",-0.16862243754902,1.01442836679616,-0.00461093311838105,-0.170421978208516
"733",-0.16862243754902,1.01253590594157,-0.135022874615327,-0.0836527593778362
"734",-0.16862243754902,1.03246958820114,-0.127365928430509,-0.223094981645175
"735",-0.16862243754902,1.00068422297755,-0.034139026670347,0.0142632736135795
"736",-0.16862243754902,1.0023624634992,-0.0263991427626009,-0.063510577808655
"737",-0.16862243754902,1.00610017655449,-0.0785435479716926,-0.0779004257690651
"738",-0.16862243754902,1.00635014700344,0.112347977126783,-0.010888085661055
"739",-0.16862243754902,1.01329514400445,0.138294334755471,0.0874169653873914
"740",-0.16862243754902,1.00551263194127,0.0998623899527163,-0.0329113364418845
"741",-0.16862243754902,1.00829894330787,-0.0718800869763178,-0.107238109700105
"742",-0.16862243754902,1.03009967293584,-0.0909370428844904,-0.229860371560555
"743",-0.16862243754902,1.08869977445081,-0.285085654053768,-0.322480028438933
"744",-0.16862243754902,1.04008379416865,-0.0698436388022498,-0.277301577729217
"745",-0.16862243754902,1.03441991555963,-0.250926696665151,-0.0840259162825218
"746",-0.16862243754902,1.09698179610971,-0.201330617993116,-0.403528243441014
"747",-0.16862243754902,1.04392046122385,-0.183144056869852,-0.237124827453941
"748",-0.16862243754902,1.07087293111644,-0.30168651122377,-0.23612302628831
"749",-0.16862243754902,1.05568609241543,-0.272769074798614,-0.20017531704202
"750",-0.16862243754902,1.0350218076866,-0.25492065076264,0.0792818024617866
"751",-0.16862243754902,1.02088846306351,-0.176725168850692,-0.104792503123376
"752",-0.16862243754902,1.03808794958215,-0.108045351296659,-0.256812758894212
"753",-0.16862243754902,1.01683131780881,-0.1601372853693,-0.0911151947336572
"754",-0.16862243754902,1.02117865765571,-0.0162516190675869,-0.20625648045384
"755",-0.16862243754902,1.0360163968421,-0.265882575192555,0.0513461852007434
"756",-0.16862243754902,1.03608856460839,-0.161457302818403,-0.217740793327483
"757",-0.16862243754902,1.03678244768009,-0.163146228631233,-0.219775230408086
"758",-0.16862243754902,1.04099927171458,-0.23175303803334,-0.173118494311291
"759",-0.16862243754902,1.00048043461381,0.0151817990219022,0.0270298543003011
"760",-0.16862243754902,1.03893643166871,-0.242568599955143,-0.143350561088264
"761",-0.16862243754902,1.00766685848137,0.00539222818322205,-0.123949270094386
"762",-0.16862243754902,1.00485155111929,0.0172421818262006,0.0971048245594649
"763",-0.16862243754902,1.02489372752045,-0.102881378517834,-0.199555943697562
"764",-0.16862243754902,1.00003523240066,-0.00125175177133733,-0.00830055179814313
"765",-0.16862243754902,1.00142097121446,-0.0396804547694858,0.0356289643042464
"766",-0.16862243754902,1.04234837855348,-0.272898662760183,-0.109619624779416
"767",-0.16862243754902,1.03791903001547,0.0708697404040646,-0.268799912134132
"768",-0.16862243754902,1.01308061087429,0.0489769486044734,-0.154704824213154
"769",-0.16862243754902,1.01502184925797,-0.1605779903949,-0.0669631501035854
"770",-0.16862243754902,1.05328745385711,-0.288297740804257,-0.162169272983358
"771",-0.16862243754902,1.05044287759503,0.18266857702556,-0.26469308653154
"772",-0.16862243754902,1.00241406001449,0.0695233640870852,0.000670492916540649
"773",-0.16862243754902,1.03791848751684,0.00565254629630999,-0.277925953177468
"774",-0.16862243754902,1.00229876598063,0.0507637125735995,0.0450095742263807
"775",-0.16862243754902,1.01910057921988,-0.159155338950997,0.115045941474174
"776",-0.16862243754902,1.04748633614338,0.115838375835473,-0.289498005331434
"777",-0.16862243754902,1.0413339587352,-0.278515590506936,-0.0824953299266169
"778",-0.16862243754902,1.01866167899283,-0.013425659239269,-0.193626878099326
"779",-0.16862243754902,1.00691995075123,-0.109497781701841,0.043566306054585
"780",-0.16862243754902,1.03053603027848,-0.224874376150504,-0.106939350348917
"781",-0.16862243754902,1.08144566140784,0.182625323446164,-0.369015866615546
"782",-0.16862243754902,1.01537776693925,-0.176027712666309,0.00250079347707332
"783",-0.16862243754902,1.07337537737433,-0.302240327799855,-0.246547125322778
"784",-0.16862243754902,1.02750218710955,-0.0164173794260941,-0.235565732159161
"785",-0.16862243754902,1.03940328907553,-0.276030171632591,-0.0645487543606704
"786",-0.16862243754902,1.05661136493475,-0.147952895643293,-0.307469538621367
"787",-0.16862243754902,1.03601944865222,0.0485743506153502,-0.266414771452237
"788",-0.16862243754902,1.04988417876151,-0.302107209209841,0.104823770954711
"789",-0.16862243754902,1.01424791778878,-0.146669428914829,-0.0847756885001767
"790",-0.16862243754902,1.045847739142,-0.087014333899937,-0.293642638532594
"791",-0.16862243754902,1.12191547991082,-0.42854480980551,-0.27394103389651
"792",-0.16862243754902,1.01583098331984,-0.168027826285821,0.0606567083365313
"793",-0.16862243754902,1.0192408175345,0.128259448605127,-0.149670832067937
"794",-0.16862243754902,1.08918126969872,-0.172444176706723,-0.395700447538875
"795",-0.16862243754902,1.1137422967042,-0.152067507854852,-0.466151666866863
"796",-0.16862243754902,1.11233763114834,-0.333272682774022,-0.355280627934186
"797",-0.16862243754902,1.0062213841193,-0.0714460412763467,-0.085889097357586
"798",-0.16862243754902,1.04885833402233,-0.169805675493809,-0.266964112603516
"799",-0.16862243754902,1.03854086925605,-0.186090464880462,-0.209612680903826
"800",-0.16862243754902,1.0043353097003,-0.091205740550364,-0.0192594704356583
"801",-0.16862243754902,1.05325104072967,-0.0990721623965879,-0.315471807672575
"802",-0.16862243754902,1.01364015357885,-0.164962113755154,-0.0159330465634954
"803",-0.16862243754902,1.01863043651532,-0.168231250481722,-0.0964687128387014
"804",-0.16862243754902,1.01356776346715,0.0228795234416886,-0.16369526122306
"805",-0.16862243754902,1.00657397722374,0.0316438108720657,-0.110407612316826
"806",-0.16862243754902,1.04611239027379,-0.186798509048707,-0.243838983965883
"807",-0.16862243754902,1.09725088818402,-0.302745359881758,-0.335119021678385
"808",-0.16862243754902,1.07462533064928,-0.287159554654986,-0.268996266597543
"809",-0.16862243754902,1.03776145332393,-0.263142656305752,0.0877768559321912
"810",-0.16862243754902,1.02109381090724,-0.0449841814552562,-0.201516734024424
"811",-0.16862243754902,1.05766004060984,-0.319089050488612,-0.129718693182955
"812",-0.16862243754902,1.02471681306305,0.0254971471307343,-0.222248605085125
"813",-0.16862243754902,1.00214602622894,-0.0521545585105352,-0.039705917859028
"814",-0.16862243754902,1.00924809204138,0.0506373139077923,-0.126560553607211
"815",-0.16862243754902,1.0007294899356,0.0220597616726784,0.031191007385377
"816",-0.16862243754902,1.02263160155554,-0.0357304668702487,-0.210947211968479
"817",-0.16862243754902,1.11187993175928,-0.352232172430516,-0.334976834055583
"818",-0.16862243754902,1.03064091149974,-0.15490775841188,0.195510293439541
"819",-0.16862243754902,1.00131352390293,-0.0439643264646038,0.0263801279265202
"820",-0.16862243754902,1.02649383080742,-0.177650880292113,-0.148760711940806
"821",-0.16862243754902,1.04640083622003,-0.0745813883066047,0.298985495568321
"822",-0.16862243754902,1.01718749012761,0.158170220343389,-0.098247501080814
"823",-0.16862243754902,1.05446350903541,-0.194905539558829,-0.271854965995734
"824",-0.16862243754902,1.07031073177997,-0.319276172588543,-0.208872660203742
"825",-0.16862243754902,1.01744007174821,0.0534986840234088,0.179783732319581
"826",-0.16862243754902,1.01043679986549,-0.0724406961143119,0.125438718380238
"827",-0.16862243754902,1.00185685575618,-0.0591529953329487,-0.0147676189276122
"828",-0.16862243754902,1.04034577025251,0.00115383784781284,-0.286911119234687
"829",-0.16862243754902,1.00738242965997,-0.044743130037349,-0.113214009301356
"830",-0.16862243754902,1.04203685736083,-0.287385984447709,0.057009718833332
"831",-0.16862243754902,1.0705848751632,-0.208669870561251,-0.320326177588034
"832",-0.16862243754902,1.00840779156009,-0.0603427830908385,-0.115087021891916
"833",-0.16862243754902,1.04376839988483,-0.286491441417716,0.0858785572336525
"834",-0.16862243754902,1.07861276195567,-0.341218779579698,-0.216737709491848
"835",-0.16862243754902,1.09666638594335,-0.414449950400176,0.175807851563417
"836",-0.16862243754902,1.04809132488409,-0.304760482184542,0.0749431370835635
"837",-0.16862243754902,1.04896951038577,-0.220660596871822,-0.227257419476527
"838",-0.16862243754902,1.01283242003725,-0.159171807944778,0.0222226603739139
"839",-0.16862243754902,1.01251980826525,-0.128960777337301,-0.0925498786496219
"840",-0.16862243754902,1.01725257010668,-0.123536821486774,0.139790719025257
"841",-0.16862243754902,1.05484687778442,-0.211334367119149,-0.260844246334636
"842",-0.16862243754902,1.00088523067013,-0.00515004385635864,-0.0417698697853623
"843",-0.16862243754902,1.02215910769734,-0.208941481205021,-0.0339514194175209
"844",-0.16862243754902,1.01721622641876,-0.0438691779118316,-0.181119702183288
"845",-0.16862243754902,1.01439492911426,-0.124963088365067,-0.115677563766623
"846",-0.16862243754902,1.0061059457113,-0.0992792384227088,-0.0489163246150221
"847",-0.16862243754902,1.01956009699097,0.192913568350142,-0.0478241207201121
"848",-0.16862243754902,1.02539837635049,-0.226039334856955,-0.0186560799646603
"849",-0.16862243754902,1.0867260944769,-0.422302391940574,-0.0513253755786536
"850",-0.16862243754902,1.02250713065119,-0.197067744328068,-0.0817626832850508
"851",-0.16862243754902,1.04422145440453,-0.272867464416854,-0.126260812215942
"852",-0.16862243754902,1.06511944886678,0.0913507717911743,-0.355154159270925
"853",-0.16862243754902,1.02337837723943,-0.0577338854828957,-0.209690489694348
"854",-0.16862243754902,1.02028044078445,0.173049801872148,-0.105004494757752
"855",-0.16862243754902,1.00253431514139,-0.0543401708038465,-0.0460673297797166
"856",-0.16862243754902,1.00986598277637,-0.073513355223186,-0.120104495222765
"857",-0.16862243754902,1.02166921191573,-0.156717250706701,-0.138736015177893
"858",-0.16862243754902,1.05524143890091,-0.310332063900104,-0.131257397845506
"859",-0.16862243754902,1.03383016599451,-0.104077176741047,-0.240775317260405
"860",-0.16862243754902,1.01112321772233,0.0174531528685195,-0.148544770598335
"861",-0.16862243754902,1.02415343176525,-0.184380620972253,-0.122041134075431
"862",-0.16862243754902,1.02109103283747,-0.204816289115948,-0.0260227795182965
"863",-0.16862243754902,1.00187136236357,0.00745207946332518,-0.0607510760062194
"864",-0.16862243754902,1.02148874386005,0.076426192986035,-0.193902787134273
"865",-0.16862243754902,1.01378306856482,0.0702498716038412,-0.151066427932725
"866",-0.16862243754902,1.00103896015241,0.0453553056892975,0.00467931499695671
"867",-0.16862243754902,1.05884596875875,0.18068794986951,-0.29750067282043
"868",-0.16862243754902,1.04431890624798,-0.123850072336141,-0.274341279302473
"869",-0.16862243754902,1.04198480954273,-0.292599735733847,-0.0108507127084183
"870",-0.16862243754902,1.03829632709959,-0.159788222298655,-0.229187667388818
"871",-0.16862243754902,1.01349065230477,-0.120380582878886,-0.112569167958571
"872",-0.16862243754902,1.04952741487481,-0.15734125358853,-0.277040654946166
"873",-0.16862243754902,1.06851547417907,-0.360640599618463,0.107998502151439
"874",-0.16862243754902,1.03476989159061,0.0660596030480247,-0.257652590492672
"875",-0.16862243754902,1.02292645032367,-0.179238405943372,-0.119382229023641
"876",-0.16862243754902,1.080767610272,-0.409933224881192,0.00365767023657742
"877",-0.16862243754902,1.11124169815713,-0.419876148840851,-0.24199613913804
"878",-0.16862243754902,1.00229984691917,-0.0654337820001255,-0.0179834175662093
"879",-0.16862243754902,1.00601101023544,-0.0913462720885671,0.0609426885725361
"880",-0.16862243754902,1.03690844166262,-0.226138019864883,-0.155050676756997
"881",-0.16862243754902,1.05712467342575,-0.28771516458235,0.186366733176402
"882",-0.16862243754902,1.01746998615863,-0.163132529619334,-0.0929136723719158
"883",-0.16862243754902,1.04543956991627,-0.261128265318631,-0.15734015189519
"884",-0.16862243754902,1.01970412036025,0.0963802346847343,-0.17466351491307
"885",-0.16862243754902,1.01134129189058,-0.119799163846365,-0.091974828211905
"886",-0.16862243754902,1.06440145955795,-0.218040402530939,-0.292247925524259
"887",-0.16862243754902,1.003800936923,-0.0834733269870182,0.0254661471214774
"888",-0.16862243754902,1.08563814264623,-0.312749685790322,-0.28424955726688
"889",-0.16862243754902,1.08449819131472,-0.376631312141276,-0.185162581748151
"890",-0.16862243754902,1.00218173166428,-0.0660469978268526,0.00245303071267534
"891",-0.16862243754902,1.00623933847332,-0.111862047696347,-0.00211862606331859
"892",-0.16862243754902,1.01895016230117,-0.195251246307885,0.0116783589940538
"893",-0.16862243754902,1.1020760903333,-0.182006057425922,-0.425964205003893
"894",-0.16862243754902,1.03963447854522,-0.0832472780298989,-0.271863457788275
"895",-0.16862243754902,1.03275147214944,-0.236884546890904,0.102280568394607
"896",-0.16862243754902,1.03527663670106,0.0604449414464176,-0.26104429423492
"897",-0.16862243754902,1.07899865222347,-0.340087417914171,0.220405625328687
"898",-0.16862243754902,1.02414598180486,-0.207201071825088,-0.0770889608282134
"899",-0.16862243754902,1.01592622745175,-0.178921183113515,-0.00965970277007099
"900",-0.16862243754902,1.05828245768995,-0.34630939438681,-0.00561815038232803
"901",-0.16862243754902,1.02011771336783,-0.0430113876890414,-0.196952201449682
"902",-0.16862243754902,1.05008472692285,-0.192373076347389,-0.256262625470979
"903",-0.16862243754902,1.00185143467394,-0.0189783214900413,-0.0578456607849447
"904",-0.16862243754902,1.05364729452778,-0.1851879196322,-0.275459716996899
"905",-0.16862243754902,1.00121401695295,0.0490668279782718,-0.00468552400725276
"906",-0.16862243754902,1.03762695576096,-0.183993834188237,-0.206920197908439
"907",-0.16862243754902,1.04092151767744,-0.264723288922649,0.115927504354575
"908",-0.16862243754902,1.04186032212472,-0.217085777335362,-0.195823124519376
"909",-0.16862243754902,1.00354449566838,-0.0785539022945298,0.0305096578251941
"910",-0.16862243754902,1.04573737696239,-0.176294276658061,-0.249973977833267
"911",-0.16862243754902,1.01454814584139,-0.140825379380744,-0.0973455327812619
"912",-0.16862243754902,1.01266934682258,0.150739172936866,0.0526963730857291
"913",-0.16862243754902,1.00155828181006,-0.0432499135199748,-0.0353332257632687
"914",-0.16862243754902,1.00482765002096,-0.0478323659669031,-0.0859690119325474
"915",-0.16862243754902,1.07188156159406,-0.37809790362194,0.0772790874818023
"916",-0.16862243754902,1.01548376068544,-0.172499205735761,-0.0380958296455877
"917",-0.16862243754902,1.100225140483,-0.0016259244558748,-0.458794851889719
"918",-0.16862243754902,1.07131728367294,-0.370777663121494,-0.101215842764509
"919",-0.16862243754902,1.02127794663515,-0.205987436692827,-0.0240378910894626
"920",-0.16862243754902,1.14099002165764,-0.266149743939005,-0.480648045167671
"921",-0.16862243754902,1.01081329724101,0.142866890941729,-0.0365044292092661
"922",-0.16862243754902,1.03006093930636,-0.0341455657923022,-0.244662254999486
"923",-0.16862243754902,1.0028766883814,-0.0234577097299844,-0.0721899435730273
"924",-0.16862243754902,1.04896169789417,-0.12155854455063,-0.292479339263055
"925",-0.16862243754902,1.01589839971016,-0.170058587846099,-0.055943142863644
"926",-0.16862243754902,1.02623125271221,-0.220258291108454,-0.0680945610255455
"927",-0.16862243754902,1.00441622623406,0.0797571603286492,-0.0499074232812785
"928",-0.16862243754902,1.0320809908851,-0.179937475208805,-0.18114545746955
"929",-0.16862243754902,1.01208137287217,-0.141805986061198,0.0648056142014803
"930",-0.16862243754902,1.01149401100201,-0.080964953419246,-0.128704353503497
"931",-0.16862243754902,1.02515649891109,-0.061293005737525,-0.217230326398751
"932",-0.16862243754902,1.01215944096209,-0.156214016276767,0.00799468869829918
"933",-0.16862243754902,1.02199976843027,0.0624293460595753,-0.201459930065747
"934",-0.16862243754902,1.04633535044032,-0.268786159986532,-0.150238696016583
"935",-0.16862243754902,1.00357310619671,-0.0826706039495998,-0.0180152913916115
"936",-0.16862243754902,1.01450277382836,-0.132780731731989,0.107634359691274
"937",-0.16862243754902,1.04979790222995,-0.153158735525009,-0.280389081917936
"938",-0.16862243754902,1.00218041596548,-0.0660022972064078,-0.00304678653897759
"939",-0.16862243754902,1.02165780860712,-0.0840499163397972,-0.191625388326241
"940",-0.16862243754902,1.0594079298983,-0.315265493399419,-0.151501916169504
"941",-0.16862243754902,1.00148299093982,-0.0270434853410373,0.0472951481906104
"942",-0.16862243754902,1.05915166151615,-0.336968114777294,-0.0908555541277141
"943",-0.16862243754902,1.04011878624112,-0.273045368993738,-0.0854009131261311
"944",-0.16862243754902,1.01039240953595,-0.139216104932308,-0.0388805526624846
"945",-0.16862243754902,1.01337242074737,-0.103076089683486,0.127667469885395
"946",-0.16862243754902,1.05648498876244,-0.141502901284111,-0.310060414126912
"947",-0.16862243754902,1.00596078706246,-0.0769805132066156,0.0776601937531548
"948",-0.16862243754902,1.08942761964183,0.414583181961004,-0.122365533029362
"949",-0.16862243754902,1.04227721020953,0.0174215975838255,-0.293322809988923
"950",-0.16862243754902,1.06880296759517,-0.372726342774946,-0.0584367773055677
"951",-0.16862243754902,1.03269420277624,0.0504000932582632,-0.252818407255497
"952",-0.16862243754902,1.00100177714675,-0.044746416921985,-0.00152184874437835
"953",-0.16862243754902,1.03002245038071,-0.246872645830141,-0.000380826875066139
"954",-0.16862243754902,1.00548199308686,-0.0751581901573129,-0.0731114551502943
"955",-0.16862243754902,1.06312623750533,-0.220655260638576,-0.285567247465043
"956",-0.16862243754902,1.05878779794372,-0.26606390906015,-0.224146374876213
"957",-0.16862243754902,1.03438298930703,-0.133188251203115,-0.228493015887148
"958",-0.16862243754902,1.04010378037065,0.0277523073192503,-0.284685235619592
"959",-0.16862243754902,1.03952031870115,-0.27786741129627,-0.0582425508717209
"960",-0.16862243754902,1.04337611602622,-0.227501241122929,-0.19203360326122
"961",-0.16862243754902,1.00267783215446,0.0236319528006263,-0.069313533316358
"962",-0.16862243754902,1.03490645201983,-0.182306707860534,-0.194410978860053
"963",-0.16862243754902,1.00015750883652,-0.017749434260121,-8.09424403456807e-06
"964",-0.16862243754902,1.08396071754543,-0.15681165191761,-0.38778981807735
"965",-0.16862243754902,1.02075898326112,-0.136002621851998,-0.153141074691438
"966",-0.16862243754902,1.01011443900455,-0.0651108773430858,-0.126853275626205
"967",-0.16862243754902,1.04965479054942,0.00539076037507993,-0.318976674736455
"968",-0.16862243754902,1.02016694810415,-0.0610043557452918,-0.19240340585406
"969",-0.16862243754902,1.04746890580207,0.0250785359883321,-0.310744550482967
"970",-0.16862243754902,1.03502940262934,-0.265403369488473,-0.0291018173216578
"971",-0.16862243754902,1.00138234383152,-0.0323574788995488,-0.0414679647050062
"972",-0.16862243754902,1.0096548134615,-0.0723984021429593,-0.119001318115079
"973",-0.16862243754902,1.04025343860661,-0.0304885708769359,-0.284952037330424
"974",-0.16862243754902,1.00393564930454,-0.0645550862457762,0.0609871198232721
"975",-0.16862243754902,1.03295787375301,-0.17294661621333,-0.192591372830381
"976",-0.16862243754902,1.02386209533596,-0.21315996076495,-0.0534454992718976
"977",-0.16862243754902,1.00066622705279,-0.0301688368374575,-0.0205606237244531
"978",-0.16862243754902,1.08702772046465,-0.391218940645329,-0.169047347033089
"979",-0.16862243754902,1.01650873747197,-0.0130209186418982,-0.181990299287
"980",-0.16862243754902,1.10176752768295,-0.336387417802917,-0.317388075076058
"981",-0.16862243754902,1.02611354054362,-0.167404536091717,0.157748912461829
"982",-0.16862243754902,1.03935258380667,-0.220266450883812,-0.17814736619062
"983",-0.16862243754902,1.02657471413633,-0.0274114412013706,-0.230443608276196
"984",-0.16862243754902,1.00942322837055,-0.132635930007403,0.03664647384259
"985",-0.16862243754902,1.04704323531409,-0.257046288881814,-0.173858396372124
"986",-0.16862243754902,1.02643333823771,-0.228985345486119,-0.0336319698859385
"987",-0.16862243754902,1.02627801290888,-0.087429203624128,-0.213547873166321
"988",-0.16862243754902,1.14186009580326,-0.255618910286048,-0.48836815118515
"989",-0.16862243754902,1.03282709402467,-0.201054067224312,-0.162200703463367
"990",-0.16862243754902,1.06595025619049,-0.214866297812296,-0.300137339791324
"991",-0.16862243754902,1.00878912672744,-0.111242704115029,-0.0726674823059913
"992",-0.16862243754902,1.07228405282392,-0.159867862969773,-0.352470362342654
"993",-0.16862243754902,1.06842548009176,-0.28005366526658,-0.251203007705046
"994",-0.16862243754902,1.04037469541624,-0.0951189739580953,-0.270798610881942
"995",-0.16862243754902,1.01184054050596,-0.127617298017943,-0.0868049806058836
"996",-0.16862243754902,1.08341929331275,-0.317356807078275,-0.270336867858218
"997",-0.16862243754902,1.05652997678221,-0.263805266499643,-0.216014752288972
"998",-0.16862243754902,1.01270107234618,-0.15365777174029,0.044189943594689
"999",-0.16862243754902,1.06033585092671,-0.153220668264547,-0.317546128266472
"1000",-0.16862243754902,1.07014311667133,-0.282283099758019,-0.255973713005906
