"","t","","",""
"1",-0.16862243754902,1.01019951332365,-0.114809233287092,-0.0855680820829831
"2",-0.16862243754902,1.0065413083908,-0.0743002839342623,-0.0872059247089413
"3",-0.16862243754902,1.02970415357282,-0.220743300215716,-0.107531573479581
"4",-0.16862243754902,1.00767367148216,-0.0969094468181611,-0.0775550598977481
"5",-0.16862243754902,1.00496006906503,-0.0329027379714871,-0.0941389943071409
"6",-0.16862243754902,1.00432225815294,-0.0772469485694172,-0.0519240518270565
"7",-0.16862243754902,1.0169422217187,-0.180619343440234,-0.0393463478532439
"8",-0.16862243754902,1.01661818848281,-0.0820206688351862,-0.163661696917476
"9",-0.16862243754902,1.01479094782122,-0.0741489582170156,-0.155892911241117
"10",-0.16862243754902,1.02308247184448,0.0294480251589846,-0.214080727786595
"11",-0.16862243754902,1.00391953027499,-0.075424783183539,-0.046535205482186
"12",-0.16862243754902,1.0074266308291,-0.0729671995303956,-0.0978989494139519
"13",-0.16862243754902,1.00511919699867,-0.0760062778389493,-0.0669898940462569
"14",-0.16862243754902,1.01105601159841,-0.147532297888387,0.0216443911686087
"15",-0.16862243754902,1.02381111688125,-0.179736998520682,-0.126031005758103
"16",-0.16862243754902,1.0075737671693,-0.120777430510021,0.0248537435234054
"17",-0.16862243754902,1.03997637771783,-0.250821172866985,-0.136526940391729
"18",-0.16862243754902,1.01916449693388,-0.0268793942838273,-0.194868596683578
"19",-0.16862243754902,1.02560641278399,-0.0502873762578809,-0.222125400917466
"20",-0.16862243754902,1.01953072323858,-0.193765494922797,-0.0435640747027053
"21",-0.16862243754902,1.00751921560409,-0.0784482134951841,-0.0945560553898718
"22",-0.16862243754902,1.01613297233073,-0.0196010620394139,-0.179281945060304
"23",-0.16862243754902,1.02095492024559,-0.172129945474696,-0.112784001722553
"24",-0.16862243754902,1.00764280052191,-0.0954375226366628,-0.0789664024545321
"25",-0.16862243754902,1.00146132763142,-0.0540257203341735,-0.00245199585157139
"26",-0.16862243754902,1.04557948136779,-0.1819525135894,-0.245213651038934
"27",-0.16862243754902,1.03643221839959,-0.248281732112325,-0.11201752021894
"28",-0.16862243754902,1.0113297655729,-0.122077829983772,-0.088796949047719
"29",-0.16862243754902,1.00256517889506,-0.0580874937807019,0.0419854855772133
"30",-0.16862243754902,1.03259664080144,-0.163473508027931,-0.198827147963912
"31",-0.16862243754902,1.0014069403147,-0.0150195250646896,0.0508947342784133
"32",-0.16862243754902,1.00546339642106,-0.043989354533787,-0.0949819889782819
"33",-0.16862243754902,1.00976631963189,-0.136628679872512,-0.030993936491459
"34",-0.16862243754902,1.01175253969481,0.0017393840961883,-0.153753621491833
"35",-0.16862243754902,1.00589232780812,-0.107812443181351,-0.0139947218091354
"36",-0.16862243754902,1.00694022845961,-0.107532538336377,-0.0486351404770859
"37",-0.16862243754902,1.01240626176445,-0.0866765728786146,-0.13211211365311
"38",-0.16862243754902,1.00666194590785,-0.0565090028348742,-0.100871234440655
"39",-0.16862243754902,1.02524131260682,-0.184870609344934,-0.130163769445215
"40",-0.16862243754902,1.0212457558473,-0.166122003297829,-0.123880482144829
"41",-0.16862243754902,1.05276547662127,-0.189895972668939,-0.268802284829808
"42",-0.16862243754902,1.0267211163021,-0.195649763437849,-0.126005637680759
"43",-0.16862243754902,1.01676168580097,-0.0779176895531773,-0.166532757641048
"44",-0.16862243754902,1.01312987042668,-0.136297040462953,-0.0886298545176854
"45",-0.16862243754902,1.02383387078621,-0.214691361351884,-0.0462970229058966
"46",-0.16862243754902,1.01942107440561,-0.169095447669073,-0.103082765387213
"47",-0.16862243754902,1.04865144157893,-0.175857097721486,-0.262191012634956
"48",-0.16862243754902,1.03836817681834,-0.0994665680447815,-0.261371139321932
"49",-0.16862243754902,1.02750114112352,-0.104349023069665,-0.211825108036167
"50",-0.16862243754902,1.02015997282907,-0.114367545204329,-0.166272170751872
"51",-0.16862243754902,1.01524852473012,-0.048055802589968,-0.168582937464365
"52",-0.16862243754902,1.02746068611648,-0.168155691338604,-0.165526810473085
"53",-0.16862243754902,1.02038797868721,-0.201420848489612,-0.0249252651560131
"54",-0.16862243754902,1.02334637438646,-0.212713339811403,-0.0446187968930369
"55",-0.16862243754902,1.00548146486151,-0.0472684170358726,-0.0935877819534824
"56",-0.16862243754902,1.00205008383914,-0.0372199697400619,0.0521444567962042
"57",-0.16862243754902,1.01713920260196,-0.182198164981059,0.0370942872595411
"58",-0.16862243754902,1.00653589730524,0.0240631910497062,-0.111961937284807
"59",-0.16862243754902,1.00299704502349,0.0074378357445546,-0.0771216631387211
"60",-0.16862243754902,1.00907643657181,-0.107702832620055,-0.0814576865009422
"61",-0.16862243754902,1.01888928271494,-0.0821732569122861,-0.177152268627308
"62",-0.16862243754902,1.01318234881144,-0.159043345918433,0.0352659334503807
"63",-0.16862243754902,1.0111808085787,-0.112371401284342,-0.0992939867830035
"64",-0.16862243754902,1.0207390568607,-0.204676545296745,-0.00396661143224695
"65",-0.16862243754902,1.03883399017057,-0.211432422632592,-0.18566741715613
"66",-0.16862243754902,1.01066207362354,-0.121504118869461,-0.0816980792845339
"67",-0.16862243754902,1.02142662663744,-0.202879853414162,-0.0463909331936719
"68",-0.16862243754902,1.01953723957548,-0.147301235599373,-0.133261130387285
"69",-0.16862243754902,1.02251686117089,-0.134197013976582,-0.165927372119668
"70",-0.16862243754902,1.01797015668833,-0.0718516821512817,-0.17635355306911
"71",-0.16862243754902,1.01092896822937,-0.0694754751974513,-0.130960059374532
"72",-0.16862243754902,1.01537828700114,-0.11687596144074,-0.131655137957728
"73",-0.16862243754902,1.04183813331672,-0.222010232104878,-0.190100375785039
"74",-0.16862243754902,1.01090554150998,-0.00305591341021062,-0.148056324582305
"75",-0.16862243754902,1.00691298953417,-0.0630427550093552,-0.0994956257001468
"76",-0.16862243754902,1.00427004499787,-0.092050454405708,-0.00922155755406411
"77",-0.16862243754902,1.01147850619915,-0.132270132650136,-0.0747889063402698
"78",-0.16862243754902,1.00354367561031,-0.012586626174702,-0.0833155789693383
"79",-0.16862243754902,1.01491388606121,-0.0114918653923674,-0.172968590066702
"80",-0.16862243754902,1.01849996081415,-0.177057087228195,-0.0774141979270361
"81",-0.16862243754902,1.02294080188356,-0.011270983435012,-0.215129842398942
"82",-0.16862243754902,1.01380151905694,-0.119253671547484,-0.116499278386651
"83",-0.16862243754902,1.01836692030997,-0.0521139187316778,-0.185351891967795
"84",-0.16862243754902,1.01077223000447,-0.136738050366528,-0.05443534265695
"85",-0.16862243754902,1.05669141983904,-0.272106503470215,-0.206288166239983
"86",-0.16862243754902,1.02198398706916,-0.0851429629275466,-0.19287805911947
"87",-0.16862243754902,1.02563318327555,-0.0690820878581292,-0.217143021469962
"88",-0.16862243754902,1.01417784100296,-0.00835908701415205,-0.168780386436709
"89",-0.16862243754902,1.00850847801152,-0.109156903354632,-0.0719313608319184
"90",-0.16862243754902,1.01895065981865,-0.0724737702816584,-0.181681038542908
"91",-0.16862243754902,1.01095546030118,-0.0636411578602281,-0.134092303056445
"92",-0.16862243754902,1.00293852929516,-0.00771790309760805,-0.0763290738611763
"93",-0.16862243754902,1.01933815160574,-0.197221912332693,-0.0124009924943944
"94",-0.16862243754902,1.01474672995478,0.0701105339772178,-0.157465675559293
"95",-0.16862243754902,1.02026520609102,-0.202333410685321,0.00151052322093465
"96",-0.16862243754902,1.03078772740071,-0.193752175240397,-0.158061486610527
"97",-0.16862243754902,1.02282226851413,-0.0867970905290639,-0.196549378132
"98",-0.16862243754902,1.0480433019665,-0.226090270666575,-0.217434938100492
"99",-0.16862243754902,1.02387717979054,-0.134402551779274,-0.173955262556354
"100",-0.16862243754902,1.02717685942742,-0.107652266731744,-0.208574423193952
"101",-0.16862243754902,1.01794490460644,-0.121746413448041,-0.146251973069634
"102",-0.16862243754902,1.0016005156402,-0.0396508547874051,-0.0403906257111659
"103",-0.16862243754902,1.0533585421284,-0.308569267373582,-0.119788252793833
"104",-0.16862243754902,1.00105141282192,-0.0295503610563093,-0.0350814377442958
"105",-0.16862243754902,1.00982141595707,-0.0644052600212742,-0.124864945469634
"106",-0.16862243754902,1.05135950697377,-0.188939219994289,-0.263929505838368
"107",-0.16862243754902,1.00927294985679,-0.136074140426871,0.0107571194893675
"108",-0.16862243754902,1.0464956033273,-0.13656491011625,-0.276591889086279
"109",-0.16862243754902,1.00591901676023,-0.0828533886950715,-0.070769938968478
"110",-0.16862243754902,1.009770031618,0.0374778871154822,-0.135021941665706
"111",-0.16862243754902,1.0099930369802,-0.0837130014259801,-0.114359381516044
"112",-0.16862243754902,1.01606621635137,-0.0871007257588732,-0.157492919151502
"113",-0.16862243754902,1.01112560288461,-0.0565824084198917,-0.138468104147387
"114",-0.16862243754902,1.04068531533737,-0.167930999009103,-0.234147613975979
"115",-0.16862243754902,1.02991475217898,-0.199318809487193,-0.144901376599703
"116",-0.16862243754902,1.04751389087297,-0.235329530592679,-0.204707995942665
"117",-0.16862243754902,1.03065110075775,-0.118363887048087,-0.21961712532505
"118",-0.16862243754902,1.00927811116318,-0.0579938199292645,-0.123608343258534
"119",-0.16862243754902,1.01212013911288,-0.151218057500835,0.0389907050916896
"120",-0.16862243754902,1.01352093805401,-0.0359440516838081,-0.161036384157245
"121",-0.16862243754902,1.01137238370076,-0.121548287029861,-0.0900006246237078
"122",-0.16862243754902,1.03953071735313,-0.155456622979998,-0.237607556050658
"123",-0.16862243754902,1.03153669310108,-0.199593868143061,-0.15566064696514
"124",-0.16862243754902,1.01650654755708,-0.103215246662237,-0.150439935133184
"125",-0.16862243754902,1.03399579527411,-0.252677979611707,-0.0728089504379542
"126",-0.16862243754902,1.01269540149827,-0.115218688352845,-0.110799955189447
"127",-0.16862243754902,1.01517423539237,-0.153505090166026,-0.0837550923681988
"128",-0.16862243754902,1.04452468826674,-0.231459018052456,-0.193542107462243
"129",-0.16862243754902,1.01886257259522,-0.127803172647135,-0.147469627031077
"130",-0.16862243754902,1.01042353675579,-0.135114986030878,-0.0519582926966342
"131",-0.16862243754902,1.01573289645013,-0.157029344198783,-0.0839946545410201
"132",-0.16862243754902,1.014002299068,-0.125977952801699,-0.111041514412771
"133",-0.16862243754902,1.00251249948712,-0.00468046047252031,-0.0707771496860713
"134",-0.16862243754902,1.01146079770919,-0.144021410729233,-0.0480705580794181
"135",-0.16862243754902,1.02264004429198,-0.153298766257224,-0.149305553994235
"136",-0.16862243754902,1.03033376876886,-0.204838024156644,-0.140103743436922
"137",-0.16862243754902,1.02964296433437,-0.218200134120788,-0.112041668467309
"138",-0.16862243754902,1.00946264416824,-0.0909088210173477,-0.103684213997922
"139",-0.16862243754902,1.00929793244365,-0.103938474071714,-0.0887643511927424
"140",-0.16862243754902,1.00730865272063,-0.103803148867705,-0.0624149672033079
"141",-0.16862243754902,1.02467196610178,-0.145815788101514,-0.169382390038723
"142",-0.16862243754902,1.02822949412314,-0.218048636793356,-0.0985428058118806
"143",-0.16862243754902,1.01212396325229,-0.15013050575831,-0.0430783963289782
"144",-0.16862243754902,1.01168353233551,-0.0973153662281112,-0.118462184239269
"145",-0.16862243754902,1.00470019253157,-0.0659118259527547,-0.0712608452977684
"146",-0.16862243754902,1.01329906204322,-0.0158940968013136,-0.162856890626496
"147",-0.16862243754902,1.02432727061009,-0.0781002546969168,-0.207717855592137
"148",-0.16862243754902,1.00705929609664,-0.042181178628596,-0.111306666575581
"149",-0.16862243754902,1.00551074127974,-0.0500310295546395,0.0924594338650393
"150",-0.16862243754902,1.01351018336679,-0.128013915600359,-0.103996774954057
"151",-0.16862243754902,1.00666858179728,-0.0398531145978198,-0.108597250584896
"152",-0.16862243754902,1.00849619017043,-0.123014968912621,-0.0439531911434178
"153",-0.16862243754902,1.01726955444186,-0.107475202728853,-0.152598909539776
"154",-0.16862243754902,1.01505923621849,-0.0183945539461115,-0.173224979196387
"155",-0.16862243754902,1.00371491550344,-0.0784439963788474,0.0359189509339319
"156",-0.16862243754902,1.00575326944813,-0.0819162129190718,-0.0694936908402751
"157",-0.16862243754902,1.03089823587514,-0.228632853328429,-0.102363035854623
"158",-0.16862243754902,1.04496682116898,-0.205321046372871,-0.223156728019449
"159",-0.16862243754902,1.03063634769423,-0.0938114891671977,-0.231107519758096
"160",-0.16862243754902,1.01562041429496,-0.144270928738253,-0.103299201611976
"161",-0.16862243754902,1.02299962916937,-0.124675934676955,-0.176023159252119
"162",-0.16862243754902,1.00917115228467,-0.113696406771748,-0.0741588948862711
"163",-0.16862243754902,1.0121674196335,-0.120139372991331,-0.100246777627953
"164",-0.16862243754902,1.02422767175454,-0.194214703107395,-0.106409457684138
"165",-0.16862243754902,1.01797898667931,-0.0647330789300013,-0.179139180005028
"166",-0.16862243754902,1.03988619637171,-0.192006375557638,-0.210942772214761
"167",-0.16862243754902,1.00809318134419,-0.125380667065919,-0.0230553811238146
"168",-0.16862243754902,1.03406861253403,-0.0858632633310658,-0.248848137301014
"169",-0.16862243754902,1.02658969997458,-0.169921121862374,-0.158155696827302
"170",-0.16862243754902,1.01745802854067,0.000942233560040598,-0.187669795219643
"171",-0.16862243754902,1.01989808593753,-0.102858690345819,-0.172081944199227
"172",-0.16862243754902,1.03332243272882,-0.133097247352685,-0.22369705569754
"173",-0.16862243754902,1.02414997903954,0.0808863272658671,-0.205768271675036
"174",-0.16862243754902,1.01466672447446,-0.126386105663337,-0.116512291415908
"175",-0.16862243754902,1.00189331973192,-0.0299617282788597,0.0537821435235549
"176",-0.16862243754902,1.00241732561122,-0.0342989624260054,-0.0605316104366219
"177",-0.16862243754902,1.01339295704728,-0.155974509429371,-0.0513540436703496
"178",-0.16862243754902,1.00332394036271,-0.0516864149712277,-0.0631462098021353
"179",-0.16862243754902,1.01162339734391,-0.133619495000876,-0.0743486960836384
"180",-0.16862243754902,1.00818903328827,-0.0781787934982906,-0.10165236391691
"181",-0.16862243754902,1.00580716125837,-0.0341941720442837,-0.102366030678306
"182",-0.16862243754902,1.02995773104206,0.0233474238029615,-0.245495062139906
"183",-0.16862243754902,1.01121468212716,-0.148479644042109,-0.0225594471266978
"184",-0.16862243754902,1.01490655261459,-0.0535360906659046,-0.164830814886779
"185",-0.16862243754902,1.00366366336339,-0.0844775692600703,0.0142929859694378
"186",-0.16862243754902,1.02360841545833,-0.157946736796398,-0.151086122898441
"187",-0.16862243754902,1.01466390344485,-0.0737368263081678,-0.155260160375855
"188",-0.16862243754902,1.02127786410179,-0.0721601902342743,-0.194425776710981
"189",-0.16862243754902,1.00813202544525,-0.127720858028327,-0.00419084154426063
"190",-0.16862243754902,1.03146007174268,-0.207895549961029,-0.143837825017711
"191",-0.16862243754902,1.05340188257806,-0.140811276053094,-0.299712713703133
"192",-0.16862243754902,1.0045597695878,0.0112861857696204,-0.0949365719049705
"193",-0.16862243754902,1.01538124543329,-0.11113394507411,-0.136558851159225
"194",-0.16862243754902,1.0402764762339,-0.256027299291231,-0.128938625024677
"195",-0.16862243754902,1.00881787253708,-0.0236033567903168,-0.130982370945337
"196",-0.16862243754902,1.0531059245445,-0.25567000176093,-0.208961571850666
"197",-0.16862243754902,1.01154248535101,-0.114988304131807,-0.0999794458025511
"198",-0.16862243754902,1.01097339825851,-0.140981788006312,-0.0468118300957406
"199",-0.16862243754902,1.01959755607422,-0.152006333071313,-0.128348163441218
"200",-0.16862243754902,1.0039781258596,-0.0197502681956919,-0.0870747041955982
"201",-0.16862243754902,1.02329857718947,-0.177602984060212,-0.124888582868529
"202",-0.16862243754902,1.04667851967126,-0.106255768905412,-0.290250986416136
"203",-0.16862243754902,1.01726459254583,-0.0793563700346329,-0.168907719723968
"204",-0.16862243754902,1.01979961682083,-0.194604910873146,-0.0460454898113552
"205",-0.16862243754902,1.01967566615945,-0.146873769747114,-0.134783381460766
"206",-0.16862243754902,1.04157960779037,-0.0783730657300023,-0.280616717130022
"207",-0.16862243754902,1.02274756706664,-0.160657528448282,-0.142132841010137
"208",-0.16862243754902,1.04225163530301,-0.202303835087583,-0.212982697890363
"209",-0.16862243754902,1.01897859651744,-0.0217822932959839,-0.194532547043992
"210",-0.16862243754902,1.00490109567039,-0.098268466576085,0.0130200060038443
"211",-0.16862243754902,1.00400251521889,-0.0509048393344842,-0.0736868230974291
"212",-0.16862243754902,1.00763345790348,-0.118275235830478,-0.0365534413669597
"213",-0.16862243754902,1.03425624510914,-0.154567310829406,-0.213997492906414
"214",-0.16862243754902,1.04012369808686,-0.256611363303583,-0.12652239147822
"215",-0.16862243754902,1.02060909295203,-0.148524017253705,-0.139941190916713
"216",-0.16862243754902,1.01402198572762,-0.165002265791945,-0.0318565506999852
"217",-0.16862243754902,1.00456173407436,-0.0501210176591226,-0.0814380817264966
"218",-0.16862243754902,1.01869107021333,-0.180942729389517,-0.0706486037615516
"219",-0.16862243754902,1.01614730585085,-0.157201278695157,-0.0885613073782524
"220",-0.16862243754902,1.01625402544488,-0.140927734477685,-0.113629300305432
"221",-0.16862243754902,1.00140362914217,-0.0152476240599671,-0.0507615840929731
"222",-0.16862243754902,1.02862697813849,-0.16487903849016,-0.175750854395854
"223",-0.16862243754902,1.0012121184706,-0.0479431626099073,-0.0112764946391756
"224",-0.16862243754902,1.00385396667093,0.0400228831730405,-0.0782365338155315
"225",-0.16862243754902,1.00527405501223,-0.102715147771181,0.0050521380696362
"226",-0.16862243754902,1.00291549628866,-0.0106273962668852,-0.0756739793093562
"227",-0.16862243754902,1.00433102899421,-0.088104209984863,-0.030306170716817
"228",-0.16862243754902,1.01026086726353,-0.109886942099853,-0.0924763747126725
"229",-0.16862243754902,1.00398286209991,-0.0197308751806123,-0.087133690125786
"230",-0.16862243754902,1.02318858320517,-0.159262850449444,-0.146799936199324
"231",-0.16862243754902,1.00558199625405,-0.0246985982227027,-0.102884063081266
"232",-0.16862243754902,1.005195836532,-0.063380232486832,-0.0800100988074935
"233",-0.16862243754902,1.01755611254699,-0.0907493048437127,-0.164878761070471
"234",-0.16862243754902,1.01677978899297,-0.00441923342399725,-0.183906524301152
"235",-0.16862243754902,1.0270473262551,-0.14374291539134,-0.18483556108756
"236",-0.16862243754902,1.02210860014091,-0.155571530028713,-0.143190396069452
"237",-0.16862243754902,1.02214756656905,-0.0855521444326808,-0.193562595627354
"238",-0.16862243754902,1.03636606957477,-0.260212013052059,-0.0796513554765787
"239",-0.16862243754902,1.02138279329901,-0.00882615809216398,-0.20771352719701
"240",-0.16862243754902,1.00381061235491,-0.0864779888451691,0.0125420461504103
"241",-0.16862243754902,1.01302087688864,-0.148765570296384,-0.063875676956272
"242",-0.16862243754902,1.03098324565751,-0.213623563996859,-0.131496865862932
"243",-0.16862243754902,1.00062826589023,-0.00389475442470381,-0.0352385780992941
"244",-0.16862243754902,1.00505331617564,0.0451694033006136,-0.0899549518432613
"245",-0.16862243754902,1.01375663568336,-0.0343900978444057,-0.162849125150529
"246",-0.16862243754902,1.03129919819354,-0.202932963933559,-0.149653761542377
"247",-0.16862243754902,1.02221062404249,-0.134834798917603,-0.163505770253506
"248",-0.16862243754902,1.01559511884271,0.108402213444579,-0.14029399679765
"249",-0.16862243754902,1.00829841195851,-0.0910108308291074,-0.0915571746497275
"250",-0.16862243754902,1.02564402072793,-0.227758360997202,0.00847267672110441
"251",-0.16862243754902,1.00717323170941,-0.0782363621814111,-0.0909779660389661
"252",-0.16862243754902,1.01937269653522,-0.132875414651987,-0.146508766367562
"253",-0.16862243754902,1.03631624746685,-0.174294217139695,-0.208741204929547
"254",-0.16862243754902,1.01274952693339,-0.156878922612983,-0.0324130829077572
"255",-0.16862243754902,1.02956383462266,-0.178311298131634,-0.167948713962104
"256",-0.16862243754902,1.05301956417086,-0.143511974463376,-0.297076615895997
"257",-0.16862243754902,1.00933680050591,-0.0865576059597463,-0.106153462995936
"258",-0.16862243754902,1.03411652471673,-0.237312299427086,-0.114367212228142
"259",-0.16862243754902,1.0448421765001,-0.223337554457013,-0.204488411805214
"260",-0.16862243754902,1.00746216938881,-0.113327463777896,-0.0462267098470872
"261",-0.16862243754902,1.00557921023193,-0.0953870232941638,-0.0457259645907292
"262",-0.16862243754902,1.02229939612699,-0.0281042540499713,-0.210490394616727
"263",-0.16862243754902,1.00802385332134,-0.124808055441446,-0.0231308919353298
"264",-0.16862243754902,1.02457048374612,-0.185409497767993,-0.123967714753403
"265",-0.16862243754902,1.04747138421837,-0.218915604913822,-0.221973554013909
"266",-0.16862243754902,1.02929152657878,-0.243317810180275,-0.0154107084831978
"267",-0.16862243754902,1.02202355573959,-0.18649708902106,-0.0987470722263174
"268",-0.16862243754902,1.0259245485378,-0.180892417590692,-0.140709319345536
"269",-0.16862243754902,1.00287043637672,-0.0486507835730042,-0.0581568002573408
"270",-0.16862243754902,1.00150462613562,-0.0306647825134362,-0.0455102986636578
"271",-0.16862243754902,1.01868431528698,-0.144160958707217,-0.130135898953037
"272",-0.16862243754902,1.03858131378933,-0.14894634695446,-0.237626031994177
"273",-0.16862243754902,1.01819634141468,-0.177826744351608,-0.0714243562347578
"274",-0.16862243754902,1.00758108141622,0.0312504222966763,-0.11934423628379
"275",-0.16862243754902,1.02587831590584,-0.156202016932652,-0.167413407324417
"276",-0.16862243754902,1.02349048815165,-0.179975176202207,-0.123051677306303
"277",-0.16862243754902,1.02853349390802,-0.212659173120289,-0.112504329598611
"278",-0.16862243754902,1.05112623009143,-0.101170116253405,-0.307621454329013
"279",-0.16862243754902,1.05537204418636,-0.32299417698041,-0.0973905194915914
"280",-0.16862243754902,1.01535569012786,-0.149341840637919,-0.0929741475351904
"281",-0.16862243754902,1.01124151594437,-0.0896639085394486,-0.120705373015856
"282",-0.16862243754902,1.0235841162144,-0.161943035311708,-0.146625019285417
"283",-0.16862243754902,1.01014383360743,-0.0837758505358521,-0.115638105493393
"284",-0.16862243754902,1.01125867649129,-0.108003984833793,-0.10478191656458
"285",-0.16862243754902,1.01802999589197,-0.0488439304724663,-0.184389107573661
"286",-0.16862243754902,1.00341038466081,-0.0122818415546831,-0.081740787940743
"287",-0.16862243754902,1.00187754944785,-0.00437703320437012,-0.0611511706180541
"288",-0.16862243754902,1.01257023265038,-0.0580744683603106,-0.148073738975942
"289",-0.16862243754902,1.04289298584669,-0.215237972823655,-0.203220065404428
"290",-0.16862243754902,1.00873159796013,-0.126376943661751,-0.0396018286687436
"291",-0.16862243754902,1.002770401152,-0.0637032541306489,-0.0386053472943581
"292",-0.16862243754902,1.007771604804,-0.115122819751977,-0.0484803446933376
"293",-0.16862243754902,1.05585427981594,-0.296000705023454,-0.164960124973453
"294",-0.16862243754902,1.01581537493221,-0.0856202705054209,-0.156684540485765
"295",-0.16862243754902,1.0025882202689,-0.0156339400579824,-0.0702760225128211
"296",-0.16862243754902,1.04115782336947,-0.124928779052514,-0.261538550366686
"297",-0.16862243754902,1.00676360675592,-0.115413149870292,-0.0158985762008724
"298",-0.16862243754902,1.00000381081845,-0.00221220992762241,0.00165159881749113
"299",-0.16862243754902,1.02954948583248,-0.208551848973154,-0.128367714273475
"300",-0.16862243754902,1.00697075257953,-0.0858549632894305,-0.081357371080655
"301",-0.16862243754902,1.0449779859263,-0.219191148820803,-0.209604941137362
"302",-0.16862243754902,1.02724641252484,-0.153481227200786,-0.177985125620359
"303",-0.16862243754902,1.01581651028862,-0.0820009714048543,-0.158615961566353
"304",-0.16862243754902,1.04107959849334,-0.243200962023038,-0.157162407941968
"305",-0.16862243754902,1.00901572753999,-0.107314912503893,-0.0812172886603187
"306",-0.16862243754902,1.01034988298368,-0.0340152991034271,-0.140177906504686
"307",-0.16862243754902,1.00976985004184,-0.0703693882148882,-0.121174664248699
"308",-0.16862243754902,1.01697170385337,-0.126522471312883,-0.134994483929171
"309",-0.16862243754902,1.01658043412536,-0.146159077454076,-0.109878583556014
"310",-0.16862243754902,1.00988288007082,-0.0189611987170889,-0.139656379744503
"311",-0.16862243754902,1.04644441078547,-0.243854531123137,-0.188628928096591
"312",-0.16862243754902,1.04599834769186,-0.269026602997591,-0.147435512186457
"313",-0.16862243754902,1.01819087566165,-0.0906028289291235,-0.168830644939459
"314",-0.16862243754902,1.02014282937736,-0.196303971660182,-0.0464342873368341
"315",-0.16862243754902,1.01223344005509,-0.155174240789536,-0.0231838771810153
"316",-0.16862243754902,1.01224711035329,-0.0608635765446566,-0.144706038121332
"317",-0.16862243754902,1.03524732674318,-0.13448712376426,-0.231625216827761
"318",-0.16862243754902,1.01254660896534,-0.149194962518335,0.0546945928438658
"319",-0.16862243754902,1.0134546263792,-0.119676445621384,-0.112994814451111
"320",-0.16862243754902,1.01289682471039,-0.131509616708314,-0.0930870464759834
"321",-0.16862243754902,1.04917348550465,-0.259724149516019,-0.182505804960161
"322",-0.16862243754902,1.01523153751121,-0.144245294637162,-0.0994402822422192
"323",-0.16862243754902,1.02677167933188,-0.0942896256156103,-0.213001286332435
"324",-0.16862243754902,1.00004046641055,0.00196355138481286,-0.00877946038122846
"325",-0.16862243754902,1.01665206512767,-0.106443299911291,-0.14916851354204
"326",-0.16862243754902,1.00000567645287,0.00238530145553441,-0.00237976362860189
"327",-0.16862243754902,1.01288717226577,-0.0894273896108687,-0.133952102364715
"328",-0.16862243754902,1.00422175667054,-0.0894225073487001,-0.0215627398524228
"329",-0.16862243754902,1.02771457541932,0.0179235594806567,-0.236381036770831
"330",-0.16862243754902,1.01811774987918,-0.152563666925414,-0.115273935272987
"331",-0.16862243754902,1.03090909143156,-0.215182664739594,-0.128335402721995
"332",-0.16862243754902,1.01396948941859,-0.156582917530301,-0.0601324821497869
"333",-0.16862243754902,1.00978878703268,-0.068987409662008,-0.122123428239838
"334",-0.16862243754902,1.00714492101142,-0.0586282452570679,-0.104420404027059
"335",-0.16862243754902,1.01026196724966,-0.0458092739783899,-0.136127708012487
"336",-0.16862243754902,1.01777323841014,-0.144701984547003,-0.122162598580838
"337",-0.16862243754902,1.01281244858308,-0.106602860450767,-0.120103647523994
"338",-0.16862243754902,1.01156984743765,-0.0993608476128902,-0.11576259416013
"339",-0.16862243754902,1.01687282435801,-0.0982279587645609,-0.156146114376172
"340",-0.16862243754902,1.0155207015358,-0.0704176210353091,-0.162245659095959
"341",-0.16862243754902,1.03856247285018,-0.122313493102363,-0.252292329288436
"342",-0.16862243754902,1.00741641920008,-0.112531480438042,-0.0471646857759293
"343",-0.16862243754902,1.03633001438916,-0.19609772880728,-0.188482305483742
"344",-0.16862243754902,1.01372333870654,-0.0929517902119904,-0.137822248329931
"345",-0.16862243754902,1.01833120239819,-0.105173887913223,-0.161049343615402
"346",-0.16862243754902,1.00932144544663,-0.0841577537670597,-0.107922438442408
"347",-0.16862243754902,1.0317702043797,-0.219185264734412,-0.128481805595297
"348",-0.16862243754902,1.02013840354747,-0.130385358747271,-0.15388963778219
"349",-0.16862243754902,1.01838997884982,-0.155970009550696,-0.113099536437977
"350",-0.16862243754902,1.00119880187485,0.00216031818600595,-0.0489323400315947
"351",-0.16862243754902,1.00460760720298,-0.0869654421746501,-0.0409079004285325
"352",-0.16862243754902,1.01517579418982,-0.0511418219386718,-0.16723159736645
"353",-0.16862243754902,1.01229363479707,-0.116012148544441,-0.106205388002527
"354",-0.16862243754902,1.01079717855096,-0.118734376567566,-0.0872529884170225
"355",-0.16862243754902,1.03300804388695,-0.105295619608733,-0.236682173444369
"356",-0.16862243754902,1.00519176768828,-0.0924627544020801,-0.0431408029210553
"357",-0.16862243754902,1.01737609686196,-0.156971430273944,-0.102049461261805
"358",-0.16862243754902,1.00493282090355,-0.0261562564713873,-0.0959469894086102
"359",-0.16862243754902,1.0091801771034,-0.111071977265929,-0.0781514281679197
"360",-0.16862243754902,1.00539614600115,-0.0686483096327237,-0.0781589404901066
"361",-0.16862243754902,1.01703345151581,-0.125088960704245,-0.136783746885722
"362",-0.16862243754902,1.03326429234291,-0.0752870216788592,-0.248931641615956
"363",-0.16862243754902,1.02475839821969,-0.172624055002002,-0.142585799981799
"364",-0.16862243754902,1.01621933329903,-0.165513164261232,-0.0728500228342871
"365",-0.16862243754902,1.02402064725896,-0.132779386732349,-0.176033861718837
"366",-0.16862243754902,1.01670709514571,-0.126808953742462,-0.132713249415274
"367",-0.16862243754902,1.03862085498576,-0.239141393680354,-0.146781041827526
"368",-0.16862243754902,1.02969793450845,-0.23079008980743,-0.0837482583559388
"369",-0.16862243754902,1.03293166871714,-0.147699037990445,-0.212444878534341
"370",-0.16862243754902,1.02222616813859,-0.0967159576918143,-0.188659381836842
"371",-0.16862243754902,1.01001694293246,-0.0982957820698854,-0.102333592910169
"372",-0.16862243754902,1.01671066802477,-0.0543805085928259,-0.175337796155195
"373",-0.16862243754902,1.02471247009212,-0.04472772553154,-0.2191690601592
"374",-0.16862243754902,1.03582646461194,-0.159328808132872,-0.218061449342666
"375",-0.16862243754902,1.02862297292405,-0.158663312519196,-0.181359239322276
"376",-0.16862243754902,1.02716368433955,-0.160466335430008,-0.171218543445658
"377",-0.16862243754902,1.01142567454023,-0.109884842814718,-0.104437619844325
"378",-0.16862243754902,1.0165299817303,-0.122487873865294,-0.135388051587132
"379",-0.16862243754902,1.03350190954683,-0.177685863997023,-0.19119082292978
"380",-0.16862243754902,1.03580947178662,-0.116610612359434,-0.243522538850174
"381",-0.16862243754902,1.02045675298171,-0.109616408602458,-0.171219822658083
"382",-0.16862243754902,1.02179634013281,-0.106822735756007,-0.180711548702353
"383",-0.16862243754902,1.03169820835945,-0.128930667096793,-0.218581966808942
"384",-0.16862243754902,1.00512792116459,-0.0847574775933837,-0.055662446017581
"385",-0.16862243754902,1.00043856049012,0.011109906461631,0.0274569352614779
"386",-0.16862243754902,1.04236246259862,-0.230793651627722,-0.18235622776038
"387",-0.16862243754902,1.01603256891835,-0.127946895930386,-0.126300328283827
"388",-0.16862243754902,1.00643670681713,-0.0269725477109469,-0.110396225021004
"389",-0.16862243754902,1.02183233287213,-0.181825580321596,-0.105265259433572
"390",-0.16862243754902,1.00548889741887,-0.104148076372377,-0.0126925576834068
"391",-0.16862243754902,1.02719460592796,-0.168022415020325,-0.16400373928127
"392",-0.16862243754902,1.04346376371198,-0.19057163053199,-0.229126776733665
"393",-0.16862243754902,1.00852797824744,-0.076074567093847,-0.106495742400088
"394",-0.16862243754902,1.02889890809024,-0.120766946081713,-0.209876887253876
"395",-0.16862243754902,1.01334237638189,-0.0176611761415549,-0.162944329844879
"396",-0.16862243754902,1.03972557512192,-0.227272090490125,-0.171396232300657
"397",-0.16862243754902,1.02066157576139,-0.148185944501474,-0.140680411173458
"398",-0.16862243754902,1.04751160157968,-0.182864304323373,-0.252668165086859
"399",-0.16862243754902,1.05622406213254,-0.303878192047807,-0.152536270524478
"400",-0.16862243754902,1.02125778113942,-0.0205924474562265,-0.206260530993121
"401",-0.16862243754902,1.00828418338261,-0.125172719524236,0.0311253071701909
"402",-0.16862243754902,1.02278046273713,-0.204010617716419,-0.0667798084434549
"403",-0.16862243754902,1.00783147325077,-0.0939429905236366,-0.083060177018137
"404",-0.16862243754902,1.01374207976786,-0.156310711232527,-0.05692069787036
"405",-0.16862243754902,1.02736322305397,-0.172517250256876,-0.160352706393247
"406",-0.16862243754902,1.01925116059375,-0.177343117819807,-0.0861530436703015
"407",-0.16862243754902,1.0037094903339,-0.0205325289305268,-0.0837326474085646
"408",-0.16862243754902,1.01161108577053,-0.09262870113766,-0.121560324857194
"409",-0.16862243754902,1.0134815761271,-0.112705103602514,-0.120176806293963
"410",-0.16862243754902,1.00626969794437,0.0262611455024328,-0.109036953543091
"411",-0.16862243754902,1.03621605853466,-0.234938395683808,-0.136189831480245
"412",-0.16862243754902,1.01263854851655,-0.0855802810961103,-0.134583971665344
"413",-0.16862243754902,1.02052268797141,-0.131798153117945,-0.155228230354802
"414",-0.16862243754902,1.01976117435069,-0.191439860575425,-0.057128211034215
"415",-0.16862243754902,1.01030562520319,-0.0300851253455856,-0.14075631975211
"416",-0.16862243754902,1.00332776328376,-0.0180913629875773,-0.0796197410272469
"417",-0.16862243754902,1.02556581708716,-0.212975410655308,-0.0801668237730625
"418",-0.16862243754902,1.01929219809305,-0.125845904850051,-0.152050627508856
"419",-0.16862243754902,1.03347457375852,-0.260768207204392,-0.00834486169853072
"420",-0.16862243754902,1.01039058280643,-0.115929837074437,-0.0863099223717375
"421",-0.16862243754902,1.00431317116218,-0.0425359814688887,-0.0826779054542741
"422",-0.16862243754902,1.02385207970093,-0.0920530001260971,-0.199497684888068
"423",-0.16862243754902,1.02432096383538,-0.130855427034134,-0.179193454591301
"424",-0.16862243754902,1.01458825730238,-0.0916002564931201,-0.144909367765762
"425",-0.16862243754902,1.02639918544762,-0.0900176297733863,-0.213054251817532
"426",-0.16862243754902,1.00537475637037,-0.0719017949908925,-0.0748901370266388
"427",-0.16862243754902,1.01729231518365,-0.0984652418351903,-0.158708067476263
"428",-0.16862243754902,1.01793750688342,-0.166749011221373,-0.0916053228624057
"429",-0.16862243754902,1.00666500425581,-0.0685660855022362,-0.0931296016970707
"430",-0.16862243754902,1.00633613918961,-0.089550618353672,-0.0685062901602947
"431",-0.16862243754902,1.02689938215534,-0.0812284979408882,-0.218916130500464
"432",-0.16862243754902,1.01323704716013,-0.123377459781773,-0.106898625601944
"433",-0.16862243754902,1.01303756123224,-0.0590773505910845,-0.150847496215577
"434",-0.16862243754902,1.00946977379902,-0.133703929761572,-0.0339482456122339
"435",-0.16862243754902,1.02220336207969,-0.0423344278147754,-0.207623480532943
"436",-0.16862243754902,1.0118310800495,-0.0427908199178911,-0.148226449343183
"437",-0.16862243754902,1.02394458912511,-0.21080485154576,-0.0634337147213639
"438",-0.16862243754902,1.0067332638865,-0.0189949539529445,-0.114678055180089
"439",-0.16862243754902,1.04357733526838,-0.284087854571933,-0.0913659978907482
"440",-0.16862243754902,1.00719261145793,-0.117517063245985,0.0250339054381935
"441",-0.16862243754902,1.02000650786193,-0.0854164956416429,-0.181981587950512
"442",-0.16862243754902,1.02940916644092,-0.243955967885253,-0.0129891372214909
"443",-0.16862243754902,1.0306905439389,-0.129656682561419,-0.213335749541018
"444",-0.16862243754902,1.00754082116702,-0.110637457746087,-0.0538317681429878
"445",-0.16862243754902,1.02735888779799,-0.173589192072068,-0.159163679064314
"446",-0.16862243754902,1.01054910323747,-0.143761279043324,0.0232848599281917
"447",-0.16862243754902,1.01125989926629,-0.0954918986370239,-0.116309419905519
"448",-0.16862243754902,1.03197174194394,-0.195653512384328,-0.163356601527078
"449",-0.16862243754902,1.00172886198785,-0.0587986515453906,0.00185243513119352
"450",-0.16862243754902,1.00242243584527,-0.0693800027550358,-0.00609549864110926
"451",-0.16862243754902,1.0237991262021,-0.206204159671555,-0.0751298565574033
"452",-0.16862243754902,1.00843988770161,-0.0143435855589208,-0.129403511007011
"453",-0.16862243754902,1.00626696816241,-0.0638778546423431,-0.0921565564735438
"454",-0.16862243754902,1.01456766218703,-0.0439381224736296,-0.165580743292027
"455",-0.16862243754902,1.04224464442112,-0.146105265177171,-0.254808065633746
"456",-0.16862243754902,1.01654071255003,-0.141365702887804,-0.115631995220917
"457",-0.16862243754902,1.00974324274065,-0.139924436331714,-0.00160261588064367
"458",-0.16862243754902,1.00852289057129,-0.0876162409375687,-0.0971690029290866
"459",-0.16862243754902,1.00728878615647,-0.10469943062209,-0.0605700251278401
"460",-0.16862243754902,1.03329880483355,-0.155986293449015,-0.208265926945531
"461",-0.16862243754902,1.02126493192734,-0.186948243997591,-0.0896237426733122
"462",-0.16862243754902,1.05914912138159,-0.177962118865533,-0.300210502101917
"463",-0.16862243754902,1.01077420142908,-0.0224739116033156,-0.145462742899504
"464",-0.16862243754902,1.00733188894646,-0.0117470557714508,-0.120745770812686
"465",-0.16862243754902,1.02222484794188,-0.114985514707553,-0.178106628616766
"466",-0.16862243754902,1.01318222311405,-0.161620130014803,-0.0204242700807349
"467",-0.16862243754902,1.03224681188615,-0.175545754508785,-0.186325437670383
"468",-0.16862243754902,1.04534207167911,-0.271372794428777,-0.138191364658883
"469",-0.16862243754902,1.0315350107855,-0.2155981218474,-0.132596863960349
"470",-0.16862243754902,1.0071316864009,-0.119630690573458,-0.00165276303378986
"471",-0.16862243754902,1.01201825233727,-0.0289903809219379,-0.15277598266015
"472",-0.16862243754902,1.02270687652395,-0.197920430501398,-0.0822001124056722
"473",-0.16862243754902,1.01444321544399,-0.129572424756376,-0.110932520493744
"474",-0.16862243754902,1.04979408975096,-0.296847161098392,-0.118107551934116
"475",-0.16862243754902,1.02900450483912,-0.147942680032999,-0.192258249247889
"476",-0.16862243754902,1.01694507776172,-0.0716780968699226,-0.170409922284157
"477",-0.16862243754902,1.0219966212925,-0.154998135255756,-0.14301283858631
"478",-0.16862243754902,1.0111026545856,-0.0457977650370383,-0.142236221925563
"479",-0.16862243754902,1.02262582113335,-0.167302142752479,-0.133317527276365
"480",-0.16862243754902,1.01721788941356,-0.0868058194335753,-0.164915081952625
"481",-0.16862243754902,1.05039512869013,-0.207441775833201,-0.245556176902825
"482",-0.16862243754902,1.02003332777774,-0.162476624565463,-0.118614232902919
"483",-0.16862243754902,1.01559643574537,-0.104046708630798,-0.143563235968673
"484",-0.16862243754902,1.01907665818121,-0.173957494147533,-0.0908626737427734
"485",-0.16862243754902,1.04847792866306,-0.284931347024648,-0.134610899916357
"486",-0.16862243754902,1.01032791200773,-0.119678159517285,-0.0802472922686778
"487",-0.16862243754902,1.0246757051324,-0.110213449620269,-0.194456412111779
"488",-0.16862243754902,1.01567789241044,-0.176354642890103,-0.0223745628431208
"489",-0.16862243754902,1.01583677015371,-0.155135069759953,-0.0886422795673715
"490",-0.16862243754902,1.01755592584586,-0.174259508073676,-0.0710892823844698
"491",-0.16862243754902,1.00960416959559,-0.0254668018389039,-0.136572403028237
"492",-0.16862243754902,1.04945060817619,-0.079781717954694,-0.30819061712125
"493",-0.16862243754902,1.03655136097097,-0.253593912622197,-0.100642194986671
"494",-0.16862243754902,1.02422195742282,-0.181253963362299,-0.127191268695961
"495",-0.16862243754902,1.01862672513719,-0.170990653630331,-0.0914472609474035
"496",-0.16862243754902,1.03267749775345,-0.088614165969012,-0.242013106992031
"497",-0.16862243754902,1.01375489559429,-0.139451527996873,-0.0908419489043209
"498",-0.16862243754902,1.01362222933394,-0.145713125611877,-0.0787255284156536
"499",-0.16862243754902,1.0221135991484,-0.160585294527851,-0.137581149673579
"500",-0.16862243754902,1.01026642100358,-0.0171980412569535,-0.142627026836826
"501",-0.16862243754902,1.00366414955434,-0.0621571072658302,-0.0589764284861423
"502",-0.16862243754902,1.00763633084894,0.020344877127396,-0.122135421649066
"503",-0.16862243754902,1.05430958948814,-0.309470306972647,-0.125685478830717
"504",-0.16862243754902,1.02813233236652,-0.203022472441769,-0.125848991021214
"505",-0.16862243754902,1.00877918439052,-0.0272384308098066,-0.129975038936792
"506",-0.16862243754902,1.05447505080258,-0.247881650991244,-0.22466045461308
"507",-0.16862243754902,1.0192915348124,-0.117660564050627,-0.158465215765168
"508",-0.16862243754902,1.03137542856825,-0.165038375421636,-0.191043474875543
"509",-0.16862243754902,1.01188813585207,-0.142907857162859,-0.0591180500295193
"510",-0.16862243754902,1.02163592648395,-0.193005179562426,-0.0805541243189429
"511",-0.16862243754902,1.01274806303339,-0.0757883528707403,-0.141119682351635
"512",-0.16862243754902,1.0237305187797,-0.207787226204445,-0.0696322030903447
"513",-0.16862243754902,1.01542109640951,-0.0723943460367057,-0.160745331799712
"514",-0.16862243754902,1.00028563767594,-0.018628590128224,0.0149777358303439
"515",-0.16862243754902,1.00309049095748,-0.0628884053693768,-0.0472819365024468
"516",-0.16862243754902,1.02099693933974,-0.107748227362321,-0.175570696989525
"517",-0.16862243754902,1.02908173638061,-0.16258346859058,-0.180487772143098
"518",-0.16862243754902,1.00219853731195,-0.0493469292405778,-0.0443484922486432
"519",-0.16862243754902,1.04043566869434,-0.173474915008765,-0.22893849513382
"520",-0.16862243754902,1.01501557652768,-0.15439539266604,-0.0801166856360804
"521",-0.16862243754902,1.05089263471453,-0.30451101660924,-0.107927616766321
"522",-0.16862243754902,1.02041165803825,-0.16803202791488,-0.11404029750567
"523",-0.16862243754902,1.01324130842335,-0.0675684047259347,-0.148635324799535
"524",-0.16862243754902,1.01530007718924,-0.156496771750392,-0.0796429982620849
"525",-0.16862243754902,1.00816500868234,-0.101321776609053,-0.0782980352004295
"526",-0.16862243754902,1.03993923960324,-0.14745357402155,-0.24439939765644
"527",-0.16862243754902,1.01692369976013,-0.134256590029274,-0.126921153349401
"528",-0.16862243754902,1.03858336166655,-0.234745583747741,-0.153459799431373
"529",-0.16862243754902,1.04133482331214,-0.116697224981025,-0.266007465918259
"530",-0.16862243754902,1.00427653984045,-0.0914182355649219,0.0146312911292731
"531",-0.16862243754902,1.01692382810085,-0.0366088838289321,-0.181090755656097
"532",-0.16862243754902,1.01540086893107,-0.141934716964258,-0.104371743044956
"533",-0.16862243754902,1.00144430018384,-0.0452829145812648,-0.0289852379277175
"534",-0.16862243754902,1.00463746599484,-0.0494223924172342,-0.0827880740703817
"535",-0.16862243754902,1.00879259663093,-0.0574381320749112,-0.119847252789211
"536",-0.16862243754902,1.01916614962463,0.00441092371999557,-0.196672784829621
"537",-0.16862243754902,1.01509707569657,-0.126919425146123,-0.119639176728624
"538",-0.16862243754902,1.01960242746714,-0.167918918832253,-0.106734937087611
"539",-0.16862243754902,1.00982911958778,-0.104195566845698,-0.0943299242930321
"540",-0.16862243754902,1.02984519616588,-0.173384718243946,-0.174696501239723
"541",-0.16862243754902,1.00904388049571,-0.100236993978414,-0.0901226819619358
"542",-0.16862243754902,1.00709138828445,-0.0253278626144295,-0.116582862085653
"543",-0.16862243754902,1.01726488582739,-0.162773915731791,-0.0912825300632892
"544",-0.16862243754902,1.04107021403628,-0.232432600546811,-0.172633359338782
"545",-0.16862243754902,1.00931285030663,-0.103911094570853,-0.0889658036505171
"546",-0.16862243754902,1.00135909003447,-0.0521496627343284,0.000663227984915514
"547",-0.16862243754902,1.01645710563314,-0.148874521944985,-0.104982971513215
"548",-0.16862243754902,1.01173248435766,-0.116442511028571,-0.100218568787796
"549",-0.16862243754902,1.02142317772438,-0.158674368612175,-0.134639343202857
"550",-0.16862243754902,1.04695206140098,-0.304145347710922,-0.0600352091490368
"551",-0.16862243754902,1.01028482446679,-0.0909130346676507,-0.111401286686471
"552",-0.16862243754902,1.01292322128737,-0.141112578722815,-0.0781069289460413
"553",-0.16862243754902,1.02679521084273,-0.205102607319782,-0.110640523680068
"554",-0.16862243754902,1.02736654304508,-0.1109561816574,-0.207775695211007
"555",-0.16862243754902,1.01927324318711,-0.123044102536318,-0.154201469215463
"556",-0.16862243754902,1.02943220054766,-0.0538799273566348,-0.238385421014881
"557",-0.16862243754902,1.02862944005139,-0.165338427118875,-0.175333195540053
"558",-0.16862243754902,1.04377110728228,-0.224903205749605,-0.19717168265456
"559",-0.16862243754902,1.03174627015902,-0.172490257151058,-0.186406751956611
"560",-0.16862243754902,1.02272158656802,-0.149116124256264,-0.154025404135134
"561",-0.16862243754902,1.01666456598917,-0.181235038797714,-0.0275807985732633
"562",-0.16862243754902,1.00151824867081,0.0145263131287088,-0.0531769559821429
"563",-0.16862243754902,1.01547652669528,-0.169787483806293,0.0486290716735301
"564",-0.16862243754902,1.01534163637448,-0.136472717818918,-0.110877571432338
"565",-0.16862243754902,1.03217357227676,-0.155571608150854,-0.202927962695923
"566",-0.16862243754902,1.01236822450297,-0.06036802796191,-0.14575706906797
"567",-0.16862243754902,1.017453555062,-0.115017471089508,-0.148265700863294
"568",-0.16862243754902,1.01732143205497,-0.149983413815212,-0.111570030468331
"569",-0.16862243754902,1.02087959389314,-0.151386465477888,-0.138842656620855
"570",-0.16862243754902,1.02706308818379,-0.150208615883481,-0.179710764352063
"571",-0.16862243754902,1.01048368351919,-0.129304851163415,-0.0660115908316281
"572",-0.16862243754902,1.01994645595465,-0.200463129514258,-0.0102619062458523
"573",-0.16862243754902,1.0521513422859,-0.275765667564148,-0.175999271779534
"574",-0.16862243754902,1.01942281595065,-0.144844801326261,-0.135066136427678
"575",-0.16862243754902,1.02287335650219,-0.17028986802112,-0.131420182207325
"576",-0.16862243754902,1.02279254681464,-0.18346640912766,-0.111555683590705
"577",-0.16862243754902,1.00838138319896,0.0314132033516425,-0.125881788346964
"578",-0.16862243754902,1.0261525731567,-0.22004195313668,-0.0676065252465821
"579",-0.16862243754902,1.01475350722205,-0.0992085804588745,-0.141004744539999
"580",-0.16862243754902,1.00983296762668,-0.129456193943248,-0.0548061707788233
"581",-0.16862243754902,1.01868950283412,-0.13810429163374,-0.136585166898795
"582",-0.16862243754902,1.03205913265078,-0.212925161255225,-0.14074419701116
"583",-0.16862243754902,1.04272066525122,-0.216776521191594,-0.200684642167818
"584",-0.16862243754902,1.01278529327808,-0.105704393458515,-0.120667441689678
"585",-0.16862243754902,1.01593555429453,-0.0941699614438932,-0.152502684702214
"586",-0.16862243754902,1.04748942231597,-0.289833093982595,-0.115025508024572
"587",-0.16862243754902,1.00866834694608,0.00790481256250241,-0.1317169240048
"588",-0.16862243754902,1.01769217891105,-0.188561709152126,0.0119101997610829
"589",-0.16862243754902,1.00651012280927,-0.0616861954983134,-0.0962155943830185
"590",-0.16862243754902,1.01814197794294,-0.107350370704944,-0.158395028833217
"591",-0.16862243754902,1.0406764796127,-0.211801419315777,-0.195314346618219
"592",-0.16862243754902,1.00990242481412,-0.0310077417798314,-0.137627859080784
"593",-0.16862243754902,1.01615218835466,-0.155820612301566,-0.091023110691402
"594",-0.16862243754902,1.02858862387795,-0.169760149173393,-0.170809978993522
"595",-0.16862243754902,1.02605563400373,-0.166008377962417,-0.158843893546693
"596",-0.16862243754902,1.00375711352769,-0.0689953325386311,-0.0526116626360558
"597",-0.16862243754902,1.01993462757966,-0.167116405027813,-0.111079933861309
"598",-0.16862243754902,1.00586241851099,-0.0584036329789143,-0.0913685976013765
"599",-0.16862243754902,1.01387324957989,-0.125989110903428,-0.10984402645317
"600",-0.16862243754902,1.00591390696925,-0.100943504209758,-0.0409047331246013
"601",-0.16862243754902,1.01724052498967,-0.175639518884189,-0.0626820954291032
"602",-0.16862243754902,1.02097061535308,-0.160628538440677,-0.128761290972318
"603",-0.16862243754902,1.00927755034144,-0.0465226460620732,-0.1283620544655
"604",-0.16862243754902,1.01752172396762,-0.0971428072780848,-0.160977432394008
"605",-0.16862243754902,1.0307492004687,-0.13868078637778,-0.207873889068612
"606",-0.16862243754902,1.02066658563873,-0.132590673577217,-0.155499171443963
"607",-0.16862243754902,1.03520029305714,-0.233230714900668,-0.131312910151733
"608",-0.16862243754902,1.00819891908275,0.128283740958811,-0.00288829452218386
"609",-0.16862243754902,1.02043471446312,-0.0451220163616865,-0.198118676860317
"610",-0.16862243754902,1.01306566135815,0.0620684236938138,-0.149831722286015
"611",-0.16862243754902,1.0201534499289,0.00603226395129434,-0.201684588388534
"612",-0.16862243754902,1.04779080642198,-0.242077317877154,-0.198151826112749
"613",-0.16862243754902,1.00904696190757,-0.125934920911431,-0.0481265730124189
"614",-0.16862243754902,1.04354469948162,-0.098860668310191,-0.281446456857174
"615",-0.16862243754902,1.02145365243393,-0.157972838299226,-0.135691364612154
"616",-0.16862243754902,1.03088873724357,-0.103732603299493,-0.227971786825379
"617",-0.16862243754902,1.03557886686282,-0.169465017207472,-0.209057880587533
"618",-0.16862243754902,1.00608640092546,-0.102294062379107,-0.0417824236864676
"619",-0.16862243754902,1.02085601518855,-0.136206012740992,-0.153606399084977
"620",-0.16862243754902,1.00197688931442,-0.0209949482678402,-0.0593034473487098
"621",-0.16862243754902,1.03405004148143,-0.0969172106075521,-0.244676403798577
"622",-0.16862243754902,1.00053575303003,-0.0326056700867159,-0.00294336025232436
"623",-0.16862243754902,1.05156891242299,-0.232250387610985,-0.227721178261962
"624",-0.16862243754902,1.01977163196183,-0.186116560938574,-0.0727654251585206
"625",-0.16862243754902,1.00796811216113,-0.113314175439327,0.0562104330011354
"626",-0.16862243754902,1.00453613636354,-0.0939108212716313,0.0165410673255688
"627",-0.16862243754902,1.01558465497555,-0.054615788856787,-0.168609925654937
"628",-0.16862243754902,1.00706367266831,-0.100658344836179,-0.0636014026812015
"629",-0.16862243754902,1.01755609896992,-0.0212595494857892,-0.186998518995593
"630",-0.16862243754902,1.004500605657,-0.0653246798223125,-0.0689503659990258
"631",-0.16862243754902,1.01657381977683,-0.14405840726508,-0.112558901700013
"632",-0.16862243754902,1.0044215292222,-0.0446654618512266,-0.0828710135251541
"633",-0.16862243754902,1.00434512274331,-0.0928031038107317,0.00983409891028372
"634",-0.16862243754902,1.01497948415297,-0.173733560482738,-5.66870102652354e-05
"635",-0.16862243754902,1.0211463271257,-0.184317554543258,-0.0936315144034941
"636",-0.16862243754902,1.02050690139527,-0.107015612886504,-0.173153095247837
"637",-0.16862243754902,1.02340168784768,-0.210953256376056,-0.0533829402882848
"638",-0.16862243754902,1.00926819190948,-0.0693957377961355,-0.117501126700784
"639",-0.16862243754902,1.01939261876948,-0.182792012271643,-0.0758181472431641
"640",-0.16862243754902,1.01581117813182,-0.16700856453391,-0.0630911165686972
"641",-0.16862243754902,1.0312852589975,-0.212305218968526,-0.135925639318986
"642",-0.16862243754902,1.00886320531774,-0.0969546260558346,-0.0916775192201087
"643",-0.16862243754902,1.05912215773729,-0.259590680639211,-0.233136062279863
"644",-0.16862243754902,1.03216740259552,-0.0513089702358266,-0.25047342484609
"645",-0.16862243754902,1.02666571356055,-0.212238847339209,-0.0948533556650174
"646",-0.16862243754902,1.0039083567101,-0.0726193112757417,-0.0505808689349227
"647",-0.16862243754902,1.01405589956285,-0.0382438134750559,-0.163849864721029
"648",-0.16862243754902,1.02437884878173,-0.152167497560426,-0.161855115821491
"649",-0.16862243754902,1.03334656780194,-0.122989027702774,-0.229518688242997
"650",-0.16862243754902,1.02948769407212,-0.14664682110372,-0.195805061492549
"651",-0.16862243754902,1.03133464069856,-0.0548039111543679,-0.246267481464776
"652",-0.16862243754902,1.00652101433398,-0.111093179260483,-0.0272554181348317
"653",-0.16862243754902,1.01188511751804,-0.123722511912926,-0.0927589947145823
"654",-0.16862243754902,1.02056958597271,-0.0885757183482416,-0.183620864641233
"655",-0.16862243754902,1.0125164740337,-0.0819572670655752,-0.135914004299674
"656",-0.16862243754902,1.01498514193219,-0.13776993751578,-0.105897510169063
"657",-0.16862243754902,1.03160796083729,-0.209575268943724,-0.142454173368296
"658",-0.16862243754902,1.04168137733685,-0.137775481200899,-0.257134223063076
"659",-0.16862243754902,1.01098108555327,-0.147797932969783,-0.0154442985057304
"660",-0.16862243754902,1.00210771602628,-0.0207100608695608,-0.0615708364258474
"661",-0.16862243754902,1.01729472184803,-0.0703183782655854,-0.17304299112638
"662",-0.16862243754902,1.00285910892705,-0.0511793693134421,-0.0557410487400062
"663",-0.16862243754902,1.01859948894125,-0.0579406354256827,-0.184899436553614
"664",-0.16862243754902,1.0025312863714,0.019750182265135,-0.0684025617502543
"665",-0.16862243754902,1.05897975356066,-0.245650654726754,-0.247171750577856
"666",-0.16862243754902,1.0271544978107,-0.143163514371645,-0.185877837639442
"667",-0.16862243754902,1.00033622548334,0.013247992380402,-0.0222947238631733
"668",-0.16862243754902,1.02097226412681,-0.182048970332706,-0.0961381116780638
"669",-0.16862243754902,1.0338004059178,0.0614635940308739,-0.254883318176422
"670",-0.16862243754902,1.00284617615072,-0.0358094993772424,-0.0664690362083381
"671",-0.16862243754902,1.00567568614199,-0.0356933877385345,-0.100546346372723
"672",-0.16862243754902,1.0188958905969,-0.0839361197196237,-0.176362024488428
"673",-0.16862243754902,1.02038392521175,-0.0979908656404672,-0.177710846831478
"674",-0.16862243754902,1.01750156088976,-0.181809051256663,-0.0474857377983183
"675",-0.16862243754902,1.01585602244922,-0.160943757805132,-0.077849631790455
"676",-0.16862243754902,1.02140769322118,-0.153674247863139,-0.140206637913878
"677",-0.16862243754902,1.02968795202124,-0.158890856031977,-0.187112197376639
"678",-0.16862243754902,1.02482943947277,-0.221511214559204,0.0347586224493682
"679",-0.16862243754902,1.01841419441375,-0.188034131039394,-0.042551579849208
"680",-0.16862243754902,1.02861125586401,-0.106242304079946,-0.21622601257462
"681",-0.16862243754902,1.005407147532,-0.103535391963714,0.011133504361192
"682",-0.16862243754902,1.0320002773434,-0.0282076820401959,-0.253434210616451
"683",-0.16862243754902,1.00612878002132,-0.0522330613539801,-0.0978101696592571
"684",-0.16862243754902,1.05160837322015,-0.275360074010661,-0.173369548270642
"685",-0.16862243754902,1.03585438423403,0.0408985035831786,-0.267061074927669
"686",-0.16862243754902,1.00840186931976,-0.0529743665194533,-0.11860879621448
"687",-0.16862243754902,1.00583601425488,0.000699158696357855,-0.108192415396213
"688",-0.16862243754902,1.01691523372749,-0.0394699825006434,-0.180440331047226
"689",-0.16862243754902,1.00953097055874,-0.0792105089406462,-0.113483372309088
"690",-0.16862243754902,1.00788635532769,-0.111843196026938,-0.0576715246739013
"691",-0.16862243754902,1.02663729621415,-0.210979604160635,-0.097322888397974
"692",-0.16862243754902,1.00702860040713,-0.0840788667939335,-0.0838888919737493
"693",-0.16862243754902,1.02311971175725,-0.215857995233489,-0.0133891926576152
"694",-0.16862243754902,1.03399957890234,-0.0678445494753359,-0.254071340919647
"695",-0.16862243754902,1.01723360936311,-0.10934694851943,-0.151021392085311
"696",-0.16862243754902,1.01577663261638,-0.114736223112942,-0.136520205373568
"697",-0.16862243754902,1.00256092364045,-0.0468580061974021,-0.0541547123157008
"698",-0.16862243754902,1.01454613384442,-0.0957311870974272,-0.141913345093329
"699",-0.16862243754902,1.00000005447599,-0.000204914719817516,-0.000258770053110181
"700",-0.16862243754902,1.01882261510125,0.0616261486244282,-0.184937121334427
"701",-0.16862243754902,1.00447327623343,-0.0890966405387016,0.0320679171732445
"702",-0.16862243754902,1.01370187327437,-0.0640001002881332,-0.153282337674858
"703",-0.16862243754902,1.0032389110558,0.0398304706944263,-0.0700131863342859
"704",-0.16862243754902,1.02363723660577,-0.124922783566551,-0.179520166866775
"705",-0.16862243754902,1.01164731216258,-0.0724038519434826,-0.134862768878289
"706",-0.16862243754902,1.02709513195776,-0.182828542161474,0.146622420735861
"707",-0.16862243754902,1.01996940777775,-0.144232506834535,-0.139766150318008
"708",-0.16862243754902,1.01797689981941,-0.111521360336346,-0.154401926007
"709",-0.16862243754902,1.02784921117821,-0.164876602967101,-0.17114235803478
"710",-0.16862243754902,1.01311814900776,-0.147970644542578,-0.0671794031126382
"711",-0.16862243754902,1.01738055689018,-0.111288706055905,-0.15059223566495
"712",-0.16862243754902,1.01806789118411,-0.0924384656931982,-0.167084891957196
"713",-0.16862243754902,1.02223991881967,-0.133397218336447,-0.164862469254066
"714",-0.16862243754902,1.04939062868667,-0.265858902354855,-0.174756217669293
"715",-0.16862243754902,1.00230048599854,-0.0198853206073063,-0.064890972078203
"716",-0.16862243754902,1.05800645045127,-0.137283188635699,-0.317066200208276
"717",-0.16862243754902,1.01601227497407,-0.176621480012249,-0.0329514141771226
"718",-0.16862243754902,1.02853715642821,-0.120428778871557,-0.208292081877685
"719",-0.16862243754902,1.00418666303151,-0.0378841557039433,-0.083400509332769
"720",-0.16862243754902,1.01428991814361,-0.0346387695349513,-0.166084899051263
"721",-0.16862243754902,1.00908695362441,-0.100183212734232,-0.0906631339698355
"722",-0.16862243754902,1.03059197867296,-0.0265666129896237,-0.247818565848714
"723",-0.16862243754902,1.0209674936824,-0.152425178671575,-0.13835168254511
"724",-0.16862243754902,1.00749918485942,-0.0445961077011057,-0.114305707076739
"725",-0.16862243754902,1.02199540759885,-0.0868034065297066,-0.192197247035366
"726",-0.16862243754902,1.01956383457622,-0.182627345871407,-0.0784707927559086
"727",-0.16862243754902,1.04342759616237,-0.237806134247671,-0.179414021044489
"728",-0.16862243754902,1.01166612382663,-0.0894968140669746,-0.124332885313039
"729",-0.16862243754902,1.01464299854661,-0.123594513038198,-0.119267811443433
"730",-0.16862243754902,1.01676516757982,-0.13588850192964,-0.123877847280845
"731",-0.16862243754902,1.02716443524544,-0.116366745086726,-0.203778207056096
"732",-0.16862243754902,1.00434222792334,-0.0484596527487799,-0.0797180835537485
"733",-0.16862243754902,1.00497235352602,-0.0515288652783806,-0.085523139528135
"734",-0.16862243754902,1.02049794568116,-0.0597495814047206,-0.194540599005545
"735",-0.16862243754902,1.01966354286156,-0.0813470961584727,-0.18192413415369
"736",-0.16862243754902,1.01621380951918,-0.180718056489189,-0.00561165895661051
"737",-0.16862243754902,1.00002171718548,0.00599993977207188,0.00272682330476949
"738",-0.16862243754902,1.01243009247078,-0.115033503815345,-0.108544853126971
"739",-0.16862243754902,1.00651078166492,-0.0559654240888385,-0.0996585416022654
"740",-0.16862243754902,1.03440788197691,-0.118314137122494,-0.23664621537838
"741",-0.16862243754902,1.03556497586765,-0.197129124290553,-0.183125442252563
"742",-0.16862243754902,1.0305618437494,-0.191925186098787,-0.158815732007581
"743",-0.16862243754902,1.00640908063747,-0.078015939035256,-0.0822967243941369
"744",-0.16862243754902,1.00659000682633,-0.112388638404163,-0.0243358953049547
"745",-0.16862243754902,1.01471747712852,-0.141818296112355,-0.0976684661385122
"746",-0.16862243754902,1.00337646526292,-0.0792423190932681,-0.022022395606083
"747",-0.16862243754902,1.00396791919321,-0.0874585256936694,-0.0173950870257744
"748",-0.16862243754902,1.00741817340566,0.0155455812893869,-0.121035990558083
"749",-0.16862243754902,1.01095322443103,-0.0918884611701112,-0.116545839442226
"750",-0.16862243754902,1.02003102977759,-0.11707213132528,-0.163576947569318
"751",-0.16862243754902,1.02365344233985,-0.0952914037717943,-0.196941408498656
"752",-0.16862243754902,1.02575087410795,-0.0717933059821526,-0.21681922642926
"753",-0.16862243754902,1.0285438533055,-0.18407572560943,-0.154979306405368
"754",-0.16862243754902,1.00968586917533,-0.128190336304987,-0.0550707916264148
"755",-0.16862243754902,1.00627499006912,-0.112115634155044,-0.00440910610193419
"756",-0.16862243754902,1.04880848350766,-0.240716408969628,-0.205072781056862
"757",-0.16862243754902,1.02926479753449,-0.143615542223172,-0.196877117704553
"758",-0.16862243754902,1.01787717333998,-0.147632792071544,-0.119492672209422
"759",-0.16862243754902,1.00515892617308,-0.0658769382710483,-0.0774899727026735
"760",-0.16862243754902,1.02326654200012,-0.173420784779883,-0.130382695873409
"761",-0.16862243754902,1.0041368669349,-0.0909167893587378,-0.00499849482780863
"762",-0.16862243754902,1.00863859706144,-0.0786923423083287,-0.105637752456695
"763",-0.16862243754902,1.00890315380289,-0.131598567390136,-0.0238199667147272
"764",-0.16862243754902,1.00554806471634,-0.10548210876233,-0.000659686152718838
"765",-0.16862243754902,1.00667417454417,-0.101539453261396,-0.0555214654485354
"766",-0.16862243754902,1.00923865724197,-0.0933304718147254,-0.0992576964391549
"767",-0.16862243754902,1.00290736206839,-0.0571109967834105,-0.0506113716212188
"768",-0.16862243754902,1.01840289669919,-0.0480495691358986,-0.186643239660984
"769",-0.16862243754902,1.02321923618062,-0.191450727859848,-0.101608189099
"770",-0.16862243754902,1.00231098755974,-0.0136048127642587,-0.0666500176491674
"771",-0.16862243754902,1.00526091888869,-0.0246022756758014,-0.0997208256910385
"772",-0.16862243754902,1.02479897576653,-0.0556797032299306,-0.217054627640959
"773",-0.16862243754902,1.03563896035575,-0.118046620119914,-0.242101325244209
"774",-0.16862243754902,1.01854232101403,-0.138802051468672,-0.134768134975321
"775",-0.16862243754902,1.02655721793876,-0.0359944840207164,-0.229181410289417
"776",-0.16862243754902,1.04695594464367,-0.30977672834549,-0.0124550632391603
"777",-0.16862243754902,1.04478358510894,-0.234607233120063,-0.191133947484037
"778",-0.16862243754902,1.02139860855279,-0.205091269515095,-0.0345353257152739
"779",-0.16862243754902,1.00734862537524,-0.112384807287361,-0.0460533184077414
"780",-0.16862243754902,1.03491206579861,0.0239692969352771,-0.265458954906374
"781",-0.16862243754902,1.01651374818331,-0.160827490787868,-0.0862248134388551
"782",-0.16862243754902,1.01246155761734,-0.0562584212577751,-0.148031738794485
"783",-0.16862243754902,1.00648778521708,-0.0390437148567662,-0.107206576856822
"784",-0.16862243754902,1.01067143987206,-0.0744805390727912,-0.126132504424874
"785",-0.16862243754902,1.02893749658484,-0.201582320938645,-0.134450510461172
"786",-0.16862243754902,1.01925161786477,-0.118209575765891,-0.157798468678249
"787",-0.16862243754902,1.00659425383178,0.0107244843095313,-0.114529373016022
"788",-0.16862243754902,1.0091056413925,-0.114677710340598,-0.0717162341538458
"789",-0.16862243754902,1.01270508387279,-0.0798144750182539,-0.138568526294198
"790",-0.16862243754902,1.02746749237883,-0.209764224210635,-0.108112987825519
"791",-0.16862243754902,1.02001427734777,-0.200658179445033,-0.0128616101284744
"792",-0.16862243754902,1.03955613502781,-0.206940810686399,-0.194557083516418
"793",-0.16862243754902,1.01058792849281,-0.0107101191008683,-0.145510324596689
"794",-0.16862243754902,1.03227932526424,-0.17570528863385,-0.186355190198945
"795",-0.16862243754902,1.01947685792445,-0.0591298497993057,-0.189305902460076
"796",-0.16862243754902,1.01777976640587,-0.151317096855504,-0.113924488607229
"797",-0.16862243754902,1.01278755794737,-0.0504814024518301,-0.152283503832465
"798",-0.16862243754902,1.03131783321225,-0.189150197033919,-0.166849261501605
"799",-0.16862243754902,1.01535426430014,-0.163105752427645,-0.0658847141413505
"800",-0.16862243754902,1.008457211622,-0.0733420663420116,-0.107735272669166
"801",-0.16862243754902,1.01686754831002,-0.104299618211801,-0.152122320672888
"802",-0.16862243754902,1.04377289449603,-0.209418658765353,-0.213554865656465
"803",-0.16862243754902,1.00039286610368,0.0173666409123264,-0.0220065066412879
"804",-0.16862243754902,1.0123844240205,-0.156091036728486,-0.0236180069510524
"805",-0.16862243754902,1.00057804346493,0.0137571705368853,-0.0310992174004883
"806",-0.16862243754902,1.02405127035885,-0.145560595310573,-0.165810486448828
"807",-0.16862243754902,1.02887755606344,-0.110428848247063,-0.215393813388167
"808",-0.16862243754902,1.015684321592,-0.127769257534954,-0.123651356469543
"809",-0.16862243754902,1.01949619469592,-0.0800777511776545,-0.181549014775044
"810",-0.16862243754902,1.02152527033641,-0.168501761004809,-0.12296761555037
"811",-0.16862243754902,1.0330314562545,-0.255077167684771,-0.0457124505710105
"812",-0.16862243754902,1.04178087563139,-0.232097805813282,-0.177307646106892
"813",-0.16862243754902,1.00105905628177,-0.0275275802589058,-0.0368980553529799
"814",-0.16862243754902,1.03008460943731,0.148685886161266,-0.197400126281746
"815",-0.16862243754902,1.01865267434421,-0.182654618469401,-0.0655023762958383
"816",-0.16862243754902,1.01508143953884,-0.174060392698956,-0.00965963714252955
"817",-0.16862243754902,1.00510900984873,-0.062590714159533,-0.0795394504638708
"818",-0.16862243754902,1.03721888744201,-0.165117030548305,-0.220361944739445
"819",-0.16862243754902,1.01284111667632,-0.0880607079876002,-0.134508138559935
"820",-0.16862243754902,1.00866924674413,-0.131654854755141,0.00898045359555513
"821",-0.16862243754902,1.03579635057366,-0.236787802381375,-0.129636478296503
"822",-0.16862243754902,1.01207646516318,-0.0407460877397899,-0.150461050345602
"823",-0.16862243754902,1.00851848736023,-0.0224791142628266,-0.128857397029936
"824",-0.16862243754902,1.03000166844487,-0.167018667920397,-0.181681593909009
"825",-0.16862243754902,1.01087786472384,-0.0765673021097958,-0.126536578254102
"826",-0.16862243754902,1.02746484043364,-0.208784762209419,-0.10996781982238
"827",-0.16862243754902,1.02759968813977,-0.0685533143488054,-0.226410163545603
"828",-0.16862243754902,1.00373313358727,-0.0836055919011781,-0.0221429100112178
"829",-0.16862243754902,1.02896733770893,-0.161630059016554,-0.180691743292558
"830",-0.16862243754902,1.03089012017605,-0.184797361206691,-0.169069143156416
"831",-0.16862243754902,1.04180608816479,0.0361056554194812,-0.289924657426625
"832",-0.16862243754902,1.01846471373235,-0.157613889079048,-0.111481994453384
"833",-0.16862243754902,1.03148052937444,-0.15746377029122,-0.197881892866036
"834",-0.16862243754902,1.01656619840121,-0.061546578982137,-0.172101290952377
"835",-0.16862243754902,1.01039194016725,-0.112419260133739,-0.0908503313474005
"836",-0.16862243754902,1.01086351074652,-0.144724349365516,0.0299983342787945
"837",-0.16862243754902,1.00838829294972,-0.104506087724651,-0.0769767951173759
"838",-0.16862243754902,1.03310017472271,-0.233558911794877,-0.112899095360841
"839",-0.16862243754902,1.02534011670568,-0.131242378779418,-0.184655877075021
"840",-0.16862243754902,1.02121299264839,-0.0865168111288298,-0.188124474074964
"841",-0.16862243754902,1.04642100974785,-0.176869778452769,-0.252416344779356
"842",-0.16862243754902,1.02856766502897,-0.115956167902151,-0.21096352449795
"843",-0.16862243754902,1.01553022670661,0.0556399215108258,-0.167945945140234
"844",-0.16862243754902,1.03591555780965,-0.250821689814221,-0.101042183422678
"845",-0.16862243754902,1.00419353349622,-0.0869602174645572,-0.0290271130865997
"846",-0.16862243754902,1.03318634997181,-0.0203847086267878,-0.2589565550865
"847",-0.16862243754902,1.00610208626312,0.0105064627332382,-0.110140919842876
"848",-0.16862243754902,1.0075514347314,-0.109173395876989,-0.0569303369214254
"849",-0.16862243754902,1.01510148120719,-0.173787189862606,-0.0151337301644569
"850",-0.16862243754902,1.04450288242879,-0.209333179388623,-0.217177096879732
"851",-0.16862243754902,1.00487256437367,-0.0803081579872601,-0.0576148452363553
"852",-0.16862243754902,1.00019860580369,-0.011843509616771,-0.0160306684702708
"853",-0.16862243754902,1.02894455055825,-0.163045502025117,-0.179284835925681
"854",-0.16862243754902,1.04069410329954,-0.216067218337638,-0.190680816555483
"855",-0.16862243754902,1.01217512265268,-0.112030538288624,-0.109305248765696
"856",-0.16862243754902,1.02868279427949,-0.124328143404864,-0.206714305272197
"857",-0.16862243754902,1.05294810687749,-0.274315897474776,-0.182894789891637
"858",-0.16862243754902,1.00429285238577,-0.0387258475513471,-0.0842878525326934
"859",-0.16862243754902,1.00922522012133,-0.109000630184462,-0.0815745520879123
"860",-0.16862243754902,1.03032264198149,-0.117829094968074,-0.218359911519333
"861",-0.16862243754902,1.00549856890012,-0.0429855808207407,-0.0958102912097766
"862",-0.16862243754902,1.01135722840535,-0.150806115159524,-0.0100478394812661
"863",-0.16862243754902,1.01595086026986,-0.177705937875933,-0.024015622554822
"864",-0.16862243754902,1.03780118741864,-0.206121293203583,-0.185863705697545
"865",-0.16862243754902,1.01770906254925,-0.0144131334578498,-0.188478109017441
"866",-0.16862243754902,1.01863426911109,-0.106045439945826,-0.162388850830899
"867",-0.16862243754902,1.04407739102579,-0.172066849038605,-0.245948364322953
"868",-0.16862243754902,1.03023382694609,-0.0925532645384857,-0.229816516828637
"869",-0.16862243754902,1.01432792626837,-0.168239635011644,-0.0235916769019075
"870",-0.16862243754902,1.00492310688577,-0.0829964571391225,-0.0546080475323591
"871",-0.16862243754902,1.01629587945085,-0.0654238639119394,-0.169047427131005
"872",-0.16862243754902,1.02794064531783,-0.133824488458595,-0.196857757239137
"873",-0.16862243754902,1.01955898475608,-0.123948559962622,-0.155361764536959
"874",-0.16862243754902,1.03337588169942,-0.197651786497415,-0.169704107706435
"875",-0.16862243754902,1.02398846267156,-0.189533623498568,-0.112380502080974
"876",-0.16862243754902,1.00672526190251,-0.084720469653767,-0.0794870742594714
"877",-0.16862243754902,1.02220112021412,-0.151530801264722,-0.148099785398497
"878",-0.16862243754902,1.02094384992552,-0.0549439527050286,-0.19826120841426
"879",-0.16862243754902,1.00383915058194,0.0234314216674125,-0.0845222380188315
"880",-0.16862243754902,1.01990360805683,-0.136092462653917,-0.147248807588158
"881",-0.16862243754902,1.02254062021077,-0.167330907450164,-0.132626118818807
"882",-0.16862243754902,1.01819910482401,-0.166859357453401,-0.0942728587380733
"883",-0.16862243754902,1.01417704654356,-0.0883297380030599,-0.144058804382562
"884",-0.16862243754902,1.01176826604139,0.0365776255670104,-0.149456018534793
"885",-0.16862243754902,1.03782546643403,-0.27153950807096,-0.0578618556182827
"886",-0.16862243754902,1.01767802379544,-0.143658303138175,-0.122600375430341
"887",-0.16862243754902,1.01086999439479,-0.124600214607663,-0.0795797215843389
"888",-0.16862243754902,1.00705540210956,0.0353665204840257,-0.113621266261625
"889",-0.16862243754902,1.02484703526229,-0.104752198902063,-0.198339160306516
"890",-0.16862243754902,1.00279906843287,-0.018315981332646,-0.0725981850850627
"891",-0.16862243754902,1.02497296597106,-0.0325913489050995,-0.222502550430461
"892",-0.16862243754902,1.04308067129872,-0.101227873339662,-0.278873097476459
"893",-0.16862243754902,1.04119901358729,-0.262851690865623,-0.12249234467599
"894",-0.16862243754902,1.02403470679292,-0.185845476451202,-0.118779373626444
"895",-0.16862243754902,1.02837606567509,-0.187784216292816,-0.149313162730758
"896",-0.16862243754902,1.00918310415237,-0.0561455950326298,-0.123685932365221
"897",-0.16862243754902,1.00393374630079,-0.0858215049388857,0.0227516208557767
"898",-0.16862243754902,1.00358787310853,-0.0524915178079107,-0.0665827275554352
"899",-0.16862243754902,1.02545867676284,-0.0779246865265554,-0.21329144609651
"900",-0.16862243754902,1.01131480347602,-0.104958413897716,-0.108357570486854
"901",-0.16862243754902,1.01523521795914,-0.166656623042526,-0.0541120853471004
"902",-0.16862243754902,1.00123144011726,-0.0377932720467578,-0.0321879677407334
"903",-0.16862243754902,1.00780923008653,-0.114762234072717,-0.0500906565962238
"904",-0.16862243754902,1.00355556614238,-0.0684555636115429,-0.0493721596245041
"905",-0.16862243754902,1.04341095321841,-0.204448290573367,-0.216580963562753
"906",-0.16862243754902,1.00575211418224,-0.0964044433896531,0.0473655832518149
"907",-0.16862243754902,1.01243507825763,-0.131341976865587,-0.0881707026146627
"908",-0.16862243754902,1.01146932230772,-0.140792649715194,-0.0569878913086945
"909",-0.16862243754902,1.01058893111257,-0.0958502961625982,-0.110012310278366
"910",-0.16862243754902,1.03033561914601,-0.230856168767519,-0.0910874163810513
"911",-0.16862243754902,1.02559553100049,-0.122309338631636,-0.192058894331033
"912",-0.16862243754902,1.0299016189886,-0.121357260596416,-0.214405597165443
"913",-0.16862243754902,1.01667298565825,-0.0975805734813274,-0.155248160846777
"914",-0.16862243754902,1.04191511729546,-0.279396839414383,-0.0867439783159265
"915",-0.16862243754902,1.00885280034884,-0.097917055323997,-0.0905329942528326
"916",-0.16862243754902,1.01509219418297,-0.171904198388247,-0.0293446633594777
"917",-0.16862243754902,1.01548311195736,-0.129332869282564,-0.120328548539983
"918",-0.16862243754902,1.0270188372016,-0.0469861288786004,-0.229259668629117
"919",-0.16862243754902,1.03147741712551,-0.146714834803822,-0.205962179266979
"920",-0.16862243754902,1.03592120668326,-0.196601782002848,-0.185689218236857
"921",-0.16862243754902,1.03171459212165,-0.100273584747545,-0.233195642752221
"922",-0.16862243754902,1.04081118566341,-0.0638183205590817,-0.281451854076492
"923",-0.16862243754902,1.02180212809798,-0.172035507312805,-0.120346886994139
"924",-0.16862243754902,1.01246594757834,-0.107845578874798,-0.11600269877409
"925",-0.16862243754902,1.01207791871308,-0.14611450521634,-0.0543347486603672
"926",-0.16862243754902,1.02112553580512,-0.12195183560113,-0.166808601896916
"927",-0.16862243754902,1.00800523503037,-0.0058479360345565,-0.126650525039413
"928",-0.16862243754902,1.00575043824891,-0.00960642316948429,-0.106965698575609
"929",-0.16862243754902,1.0244095446752,0.0333970190741508,-0.21977159584125
"930",-0.16862243754902,1.03523371071157,-0.14095066338155,-0.227687826389447
"931",-0.16862243754902,1.01002199614453,-0.0672810273091707,-0.124970780825013
"932",-0.16862243754902,1.01349670553687,-0.164694965102641,-0.00715126589627247
"933",-0.16862243754902,1.03462116810624,-0.15477059453104,-0.215608498352998
"934",-0.16862243754902,1.0074476540557,-0.0992324770130912,-0.071440122957456
"935",-0.16862243754902,1.02085086002889,-0.119223519245727,-0.167099464033821
"936",-0.16862243754902,1.01073817049634,-0.0835330395209868,-0.120887884449508
"937",-0.16862243754902,1.02866886440478,-0.212140569157263,-0.114699657861111
"938",-0.16862243754902,1.01418312436545,-0.128233394625392,-0.110107248855472
"939",-0.16862243754902,1.0141746398258,-0.110353689943124,-0.127954144839935
"940",-0.16862243754902,1.02273851502338,-0.0249467746923413,-0.213006404938141
"941",-0.16862243754902,1.04065987749558,-0.246683495663529,-0.14872872485282
"942",-0.16862243754902,1.00554609664487,-0.0793050038685443,-0.069524591614306
"943",-0.16862243754902,1.02500857248039,-0.214104464622646,-0.0692953958567298
"944",-0.16862243754902,1.02489518204965,-0.0625560501310483,-0.215631339977737
"945",-0.16862243754902,1.01222053351191,-0.0834775495027573,-0.132747531774211
"946",-0.16862243754902,1.01564659501707,-0.115184513196355,-0.135168538830179
"947",-0.16862243754902,1.01764474459395,-0.133045227036673,-0.133790110854415
"948",-0.16862243754902,1.00648475480796,-0.059795073755058,-0.0971396459508744
"949",-0.16862243754902,1.03988787503275,-0.259427322758289,-0.11859281954064
"950",-0.16862243754902,1.01255578477937,-0.110333107054938,-0.114436981687633
"951",-0.16862243754902,1.00194971725822,0.0348674682526139,-0.0518410606708785
"952",-0.16862243754902,1.02052181414116,-0.148766293200958,-0.139044464633491
"953",-0.16862243754902,1.01953132308591,0.0428911274773703,-0.19391871992414
"954",-0.16862243754902,1.00383729813296,-0.0205047038731957,-0.0852577166123217
"955",-0.16862243754902,1.02307744614918,-0.136423659762097,-0.167559081748008
"956",-0.16862243754902,1.00449758072501,-0.0591748290116486,-0.0742544900584254
"957",-0.16862243754902,1.02150786554623,-0.129763508794524,-0.16321688380235
"958",-0.16862243754902,1.03637012970799,-0.262142387694231,-0.0731055013314855
"959",-0.16862243754902,1.00609838092626,-0.108980858167254,-0.018897742076184
"960",-0.16862243754902,1.04497258700654,-0.241749766763026,-0.183097673019503
"961",-0.16862243754902,1.00638813800941,-0.101730509032728,-0.0496788471886501
"962",-0.16862243754902,1.02554262185977,-0.0843735827172485,-0.211231550177667
"963",-0.16862243754902,1.02367682654719,-0.152920397374016,-0.156619274920771
"964",-0.16862243754902,1.01946610626866,-0.178106535057072,-0.0871160375622939
"965",-0.16862243754902,1.0071778335658,-0.0767913365537501,-0.0922511737410229
"966",-0.16862243754902,1.0132819018268,-0.0930721441355884,-0.134453666947911
"967",-0.16862243754902,1.03515305259844,-0.235331610356584,-0.127125432037955
"968",-0.16862243754902,1.02368633964654,-0.112316280417397,-0.18793290061119
"969",-0.16862243754902,1.00734733111813,-0.060613709533094,-0.105236038159244
"970",-0.16862243754902,1.0331522777901,-0.119519161354719,-0.230475159555088
"971",-0.16862243754902,1.00376635963977,0.00842362504970652,-0.0864635604489058
"972",-0.16862243754902,1.03534456597474,-0.0938053126317758,-0.251274617929213
"973",-0.16862243754902,1.01362294138304,0.043931711636314,-0.159691803204519
"974",-0.16862243754902,1.0040963712079,-0.0617145500240325,-0.0663388045431442
"975",-0.16862243754902,1.00254267787971,-0.0631356690494676,0.0332521918658936
"976",-0.16862243754902,1.01415072755408,-0.104859415297908,-0.132311001892719
"977",-0.16862243754902,1.00785722138159,-0.121467063175468,-0.031967659509953
"978",-0.16862243754902,1.03457300068325,-0.26511934599348,-0.00728190378437149
"979",-0.16862243754902,1.02388682716019,-0.160081614350685,-0.15072528513505
"980",-0.16862243754902,1.00640685584485,-0.110330778474322,0.0261128093620029
"981",-0.16862243754902,1.02736247843328,-0.093929754269626,-0.215988109291761
"982",-0.16862243754902,1.01037753786117,-0.134691631491395,-0.0521625672353286
"983",-0.16862243754902,1.0458740188823,-0.244699139825944,-0.184322528035656
"984",-0.16862243754902,1.02717862551865,-0.132534983797944,-0.193727661401406
"985",-0.16862243754902,1.01561683109381,-0.139515848981996,-0.109603264020082
"986",-0.16862243754902,1.01277927837574,-0.119079425259758,-0.107433501232553
"987",-0.16862243754902,1.00672988859712,-0.0966660374314055,-0.0645038433124496
"988",-0.16862243754902,1.03397714179344,0.0878696774946391,-0.247765311390276
"989",-0.16862243754902,1.01484027507941,-0.0339854248515427,-0.169545789746957
"990",-0.16862243754902,1.01374884608934,-0.105507816654059,-0.128665549283282
"991",-0.16862243754902,1.01580660531229,-0.127381127168382,-0.125048421970798
"992",-0.16862243754902,1.00458618567727,-0.0736041798874683,-0.0614477758483298
"993",-0.16862243754902,1.02772012735948,-0.0612810966248516,-0.229026826761058
"994",-0.16862243754902,1.01279904931411,-0.125862350260427,-0.0996021238653067
"995",-0.16862243754902,1.01144205322357,-0.0358137857688674,-0.147419129620316
"996",-0.16862243754902,1.01584519986133,-0.174936091546486,-0.0365900800183158
"997",-0.16862243754902,1.00768729410205,-0.0970511869132306,-0.0775548181187708
"998",-0.16862243754902,1.04553564715331,-0.239528992780455,-0.189131306466907
"999",-0.16862243754902,1.02460614921056,-0.150017997406996,-0.165264519646792
"1000",-0.16862243754902,1.02204019936921,-0.209429966852086,0.0265566961611939
