"","t","","",""
"1",-0.16862243754902,1.02288274306954,-0.0812892112604355,-0.199201330824194
"2",-0.16862243754902,1.11882301784325,-0.385296343833162,-0.321421332031156
"3",-0.16862243754902,1.05701906765483,-0.285427020904213,-0.189263639201049
"4",-0.16862243754902,1.0954435195452,-0.20008782067001,-0.399951707751187
"5",-0.16862243754902,1.03866798107,-0.202875715553672,-0.194094355761844
"6",-0.16862243754902,1.08391990744729,-0.418136491662012,0.00665132326093391
"7",-0.16862243754902,1.10340086756154,-0.305292985787259,-0.352547397330715
"8",-0.16862243754902,1.00313614238094,0.0781973721291352,-0.0129341077393231
"9",-0.16862243754902,1.01755528601557,-0.188198639153724,0.000179774612840785
"10",-0.16862243754902,1.03460293169296,0.0579243654811281,-0.258936274305608
"11",-0.16862243754902,1.03008025414978,-0.236210624235537,-0.0725938770664
"12",-0.16862243754902,1.02503020254601,0.100628154489442,-0.20139734520486
"13",-0.16862243754902,1.0836747199086,-0.417544236426537,-0.00277654388921974
"14",-0.16862243754902,1.00138054761704,-0.0519307377977896,0.00813631474148874
"15",-0.16862243754902,1.00747679015219,0.12155709313311,-0.0152759878364324
"16",-0.16862243754902,1.06443266161048,-0.322139332413992,-0.171006261917637
"17",-0.16862243754902,1.02228170033368,-0.208475921486759,0.0399708018104736
"18",-0.16862243754902,1.08944158534796,-0.17093137901756,-0.397071066123716
"19",-0.16862243754902,1.00083122875002,0.0154903002077456,-0.0377253103467369
"20",-0.16862243754902,1.00559311752795,-0.0739843129188243,-0.075788122166411
"21",-0.16862243754902,1.01236772635136,0.0939301239193648,-0.126749931669877
"22",-0.16862243754902,1.02406108863365,-0.206453342495446,-0.0779623667290111
"23",-0.16862243754902,1.02440535535136,-0.165827782518283,-0.148011751619954
"24",-0.16862243754902,1.03037576721299,-0.116742469215866,-0.219192649377527
"25",-0.16862243754902,1.05601428441479,-0.0308370444208765,-0.337957461198088
"26",-0.16862243754902,1.00002044930625,0.00637853471847627,-0.000461871761857275
"27",-0.16862243754902,1.01213481444935,-0.130702958110672,-0.085636553886375
"28",-0.16862243754902,1.0759435610439,-0.23182352399919,-0.322354463707912
"29",-0.16862243754902,1.04438730345156,-0.0847151212089059,-0.289081628349802
"30",-0.16862243754902,1.07042984157337,-0.379832240786958,-0.0393384619620595
"31",-0.16862243754902,1.05263527060018,-0.274990544569849,-0.180058916215451
"32",-0.16862243754902,1.00355128558477,-0.0768415745587864,-0.0347930340466094
"33",-0.16862243754902,1.10793253346354,-0.0657428164749057,-0.472432408698737
"34",-0.16862243754902,1.03652097932425,-0.0529719693250458,-0.267525159648831
"35",-0.16862243754902,1.01873613031013,-0.193780798239451,-0.0165016797008077
"36",-0.16862243754902,1.09777041306952,-0.0540233182188583,-0.449645817171081
"37",-0.16862243754902,1.03333186897743,-0.260185694989828,0.00884056372867897
"38",-0.16862243754902,1.03312155677927,-0.114427257818588,-0.232908895815802
"39",-0.16862243754902,1.00516670555899,0.101613023778973,0.00590756826453752
"40",-0.16862243754902,1.01954491967892,-0.141160936309213,-0.139804983113629
"41",-0.16862243754902,1.05931503378694,-0.110327671974194,0.331626515230292
"42",-0.16862243754902,1.02266983163422,0.135419008179506,-0.165877294282396
"43",-0.16862243754902,1.02568331306442,-0.216068082700263,0.0730810668849566
"44",-0.16862243754902,1.02006943038098,-0.0493027083612334,-0.195220095651115
"45",-0.16862243754902,1.00014123733587,0.0129050846689853,0.0107681664836832
"46",-0.16862243754902,1.01593715531135,-0.0978983621970611,-0.150147308404952
"47",-0.16862243754902,1.11277981254656,-0.486423326942601,-0.0408810251491849
"48",-0.16862243754902,1.03851567391609,-0.104921166360637,-0.259819848777804
"49",-0.16862243754902,1.04456683079987,-0.0880791733427869,-0.288724649502819
"50",-0.16862243754902,1.02769454868341,-0.187530835629726,0.144873293196551
"51",-0.16862243754902,1.09586734786845,-0.403534362553188,-0.195154457707265
"52",-0.16862243754902,1.03822426775466,-0.250079479093909,-0.123975337429763
"53",-0.16862243754902,1.03366714686566,0.227006315166088,-0.130138016675045
"54",-0.16862243754902,1.04760530771673,-0.0876852849135325,-0.299646744627572
"55",-0.16862243754902,1.05890371844735,0.0997964105506855,-0.333643164747651
"56",-0.16862243754902,1.02790485507135,-0.17485780502156,-0.161285892446623
"57",-0.16862243754902,1.05536721442403,-0.0322250947925412,-0.335799792356609
"58",-0.16862243754902,1.0198635011396,-0.196479612858523,0.038952826440208
"59",-0.16862243754902,1.04941097091344,-0.311462869924995,-0.065224738647115
"60",-0.16862243754902,1.00283054757379,-0.0568790206257477,-0.0493344115178184
"61",-0.16862243754902,1.01830755541275,-0.151602831370644,-0.118181466106558
"62",-0.16862243754902,1.11764810060285,-0.222285425167669,-0.446907671157227
"63",-0.16862243754902,1.04143999909076,-0.153100105772813,-0.247300686045369
"64",-0.16862243754902,1.03562050403591,-0.0976640180933727,-0.250941363568169
"65",-0.16862243754902,1.00053768503508,-0.0251352096070173,-0.0210684696496476
"66",-0.16862243754902,1.0038569492128,-0.0877151104141726,0.00590202404700195
"67",-0.16862243754902,1.000620714345,0.0279277243108775,0.0214908397022114
"68",-0.16862243754902,1.06092386275932,-0.228277277953993,-0.271014624959765
"69",-0.16862243754902,1.03451097743169,0.215884728382377,-0.153644871303697
"70",-0.16862243754902,1.02230403508586,-0.158898883241597,-0.140913750419931
"71",-0.16862243754902,1.00049687529093,-0.0264999189961986,-0.0170807423761216
"72",-0.16862243754902,1.03828772254019,-0.145478284062838,-0.238489965499236
"73",-0.16862243754902,1.01557353438723,-0.0443284535653297,-0.17153597859423
"74",-0.16862243754902,1.00601602105849,-0.0963788349806922,-0.0527195864373135
"75",-0.16862243754902,1.08489274382503,-0.274030133967807,-0.319217404415521
"76",-0.16862243754902,1.02393446707223,0.026901286742778,-0.218444761049747
"77",-0.16862243754902,1.05131394187819,-0.265778765381526,-0.186071632066078
"78",-0.16862243754902,1.07622278863188,-0.0922905560761958,-0.386959873927166
"79",-0.16862243754902,1.05015219744561,-0.00198428833639658,-0.320648874003404
"80",-0.16862243754902,1.0265526864035,-0.0113572793959629,-0.23169253368842
"81",-0.16862243754902,1.0546713726033,-0.205346789681351,-0.264885635995037
"82",-0.16862243754902,1.00604230955819,-0.0780911244266876,0.0776073766272128
"83",-0.16862243754902,1.00303977072902,-0.0731346779590471,-0.027204788989162
"84",-0.16862243754902,1.07031769917699,-0.227199899335879,-0.306529252948694
"85",-0.16862243754902,1.06456068556276,-0.298429216041084,-0.210308003316474
"86",-0.16862243754902,1.06359245663037,-0.0493012164747757,-0.358884805829288
"87",-0.16862243754902,1.0450093428408,-0.238948026099868,-0.186944824607504
"88",-0.16862243754902,1.06466014888965,-0.310097666804746,-0.193237340273494
"89",-0.16862243754902,1.04220066259769,-0.0431107031594344,-0.290385413532031
"90",-0.16862243754902,1.08267282467791,-0.158983454161071,-0.383281497856404
"91",-0.16862243754902,1.05213149260503,-0.153187785601691,-0.288988200578753
"92",-0.16862243754902,1.00820733165237,-0.126331769284932,-0.0228540514336612
"93",-0.16862243754902,1.03059954433119,-0.233652695716568,0.0868437594766485
"94",-0.16862243754902,1.00437450592836,-0.0296036457293873,-0.0888356477904915
"95",-0.16862243754902,1.02899749281605,0.0490589291926833,-0.237548019752204
"96",-0.16862243754902,1.01611483446459,-0.145826604708533,-0.105943183726883
"97",-0.16862243754902,1.03216154817419,0.12200367668108,0.224660998853045
"98",-0.16862243754902,1.00225964460314,-0.06722904306512,-0.00215661043482571
"99",-0.16862243754902,1.00637213785303,0.0430001822211142,-0.104574682288877
"100",-0.16862243754902,1.01501440289898,-0.168492056759983,-0.043181765841153
"101",-0.16862243754902,1.03021302921602,-0.0473606028955679,-0.24309639828639
"102",-0.16862243754902,1.00757548705774,0.043359545844567,-0.115448308362599
"103",-0.16862243754902,1.03754464751527,-0.0221120258835649,-0.27569902774386
"104",-0.16862243754902,1.01752633198061,-0.0463528602222917,-0.182239536388601
"105",-0.16862243754902,1.07531716617134,-0.110889099363013,-0.379487306118685
"106",-0.16862243754902,1.01605270652653,-0.132615038445558,-0.121558027369532
"107",-0.16862243754902,1.01374692019445,-0.163485911832589,-0.0309059029312829
"108",-0.16862243754902,1.03198296721403,-0.227508383948353,-0.115016432969703
"109",-0.16862243754902,1.0085493663435,0.0614327422367652,0.115749049815339
"110",-0.16862243754902,1.00785621555127,0.0547713395550402,0.113023234729265
"111",-0.16862243754902,1.01106372727065,-0.141159946249953,0.0482050845568055
"112",-0.16862243754902,1.02766949540423,-0.208288573177389,-0.112785025903765
"113",-0.16862243754902,1.01277267720035,0.0866363321621662,-0.134917165820573
"114",-0.16862243754902,1.02484738662212,-0.0497954597332268,-0.218706602680727
"115",-0.16862243754902,1.03025974095745,-0.132952465437307,-0.209185983688801
"116",-0.16862243754902,1.05099199682644,-0.177985263750643,-0.270010042925889
"117",-0.16862243754902,1.03058016094255,0.2347716137916,-0.0835329724483997
"118",-0.16862243754902,1.00405995940369,0.0446229143786306,-0.0783913106798589
"119",-0.16862243754902,1.11452292210623,-0.400701865197153,-0.285656015388674
"120",-0.16862243754902,1.10437700005128,-0.31910774209614,-0.343247443073607
"121",-0.16862243754902,1.02322880792254,-0.161571173425282,-0.144540476270723
"122",-0.16862243754902,1.07743120326617,-0.357012571965099,-0.182756726908917
"123",-0.16862243754902,1.00168416325978,-0.0561392824741262,-0.0148170134889223
"124",-0.16862243754902,1.00064267610296,-0.0191077529378896,0.0303423633912562
"125",-0.16862243754902,1.0656089380765,0.267929999854927,-0.252459747457405
"126",-0.16862243754902,1.08097778633649,-0.358638736059735,-0.199727893771555
"127",-0.16862243754902,1.07790574599484,-0.181159587575228,-0.359252002191033
"128",-0.16862243754902,1.00802880171482,-0.0435826114136263,-0.119258631004149
"129",-0.16862243754902,1.03249547373876,-0.17242847333767,-0.190565801951648
"130",-0.16862243754902,1.06114257491512,-0.313647141469774,-0.166279989611864
"131",-0.16862243754902,1.00780314271547,0.118972047317328,0.0388950694085179
"132",-0.16862243754902,1.01800373552362,-0.157048397690262,0.108015768862545
"133",-0.16862243754902,1.05891872047102,-0.278386823229517,-0.20930750874288
"134",-0.16862243754902,1.07752655209272,-0.257902763269481,-0.307489243979023
"135",-0.16862243754902,1.02371021548052,-0.2052758507879,-0.0764488741740732
"136",-0.16862243754902,1.01283498020066,0.0189546158335406,-0.159610211630299
"137",-0.16862243754902,1.01455114294989,0.0972066253865976,0.140942873682467
"138",-0.16862243754902,1.00633698837116,-0.104888314412421,0.0413832775847381
"139",-0.16862243754902,1.02681370984936,-0.00760796310621719,-0.232998956289468
"140",-0.16862243754902,1.06151741446143,-0.345399510902053,0.0867087024093105
"141",-0.16862243754902,1.1074947950804,-0.449138199893749,-0.157542370574947
"142",-0.16862243754902,1.02444959421435,-0.0699364317128262,-0.211201009953145
"143",-0.16862243754902,1.05470161777924,-0.0910116593029109,-0.322664501327728
"144",-0.16862243754902,1.02763709497641,-0.211324488088217,-0.106676893963985
"145",-0.16862243754902,1.0010831107605,0.0444561175743363,-0.0138220208412122
"146",-0.16862243754902,1.01445872462516,0.0285809903055526,-0.168254661038721
"147",-0.16862243754902,1.0102918974813,0.00880137773087238,-0.143569682964043
"148",-0.16862243754902,1.03108074654219,-0.241257701757041,0.0701585863092682
"149",-0.16862243754902,1.00783141349087,0.0275787273404423,-0.122325679304383
"150",-0.16862243754902,1.08009146651937,0.00643973413495575,-0.408112859234109
"151",-0.16862243754902,1.03688256578858,-0.106847648974115,-0.252406487921778
"152",-0.16862243754902,1.04492195539369,-0.258228748100343,-0.158681462428011
"153",-0.16862243754902,1.02101214594751,-0.185631000592337,-0.0894814717772704
"154",-0.16862243754902,1.00123376991525,-0.0047657298333744,0.0494605887333986
"155",-0.16862243754902,1.02066998903976,-0.0777796646326485,-0.188990873578739
"156",-0.16862243754902,1.04015131579091,-0.184625662495613,-0.218696420843158
"157",-0.16862243754902,1.01157865526796,-0.00681010294299301,-0.152463104689732
"158",-0.16862243754902,1.02214023147332,-0.143426946556029,-0.155561447016783
"159",-0.16862243754902,1.03656292415419,-0.272072557078687,-0.020957562257023
"160",-0.16862243754902,1.00254947521801,-0.0563402475725402,-0.0439457252002178
"161",-0.16862243754902,1.09903727142312,-0.29641775202076,-0.34643821998178
"162",-0.16862243754902,1.00554089126508,-0.0653101448078107,-0.082747018020867
"163",-0.16862243754902,1.01320916300572,0.0744783187812783,-0.145071665153028
"164",-0.16862243754902,1.11330969336969,-0.360229653705336,-0.331199441337458
"165",-0.16862243754902,1.07143886741173,-0.344270521277878,-0.171636402839214
"166",-0.16862243754902,1.03869566197666,-0.203188171931619,-0.193915561511242
"167",-0.16862243754902,1.01485595122214,-0.16518002728347,-0.0514602790278841
"168",-0.16862243754902,1.00677740721458,-0.082845485993693,-0.0820815029599974
"169",-0.16862243754902,1.06899821942994,-0.307863268483523,-0.219037442148664
"170",-0.16862243754902,1.05466074804384,-0.164960691384719,-0.291714353027513
"171",-0.16862243754902,1.01556432868088,0.0697021328656563,-0.162826651267632
"172",-0.16862243754902,1.05947972933204,-0.270986931431846,-0.221502550456311
"173",-0.16862243754902,1.01556283810485,-0.0539585427198195,-0.168690111764508
"174",-0.16862243754902,1.08770648012749,-0.2607220868092,-0.339307206468121
"175",-0.16862243754902,1.03612886211621,0.0896838182665958,-0.255968419246104
"176",-0.16862243754902,1.02153236802493,-0.200609111069738,0.0573093664109704
"177",-0.16862243754902,1.05000302305006,-0.0410415308823682,-0.317524709522118
"178",-0.16862243754902,1.06456214462036,-0.336921680248549,-0.140628379558273
"179",-0.16862243754902,1.06600945231968,-0.0939586745487878,-0.357138516421758
"180",-0.16862243754902,1.0473955332137,-0.253476715272411,-0.181071692461054
"181",-0.16862243754902,1.00405991560789,-0.0890899067249536,0.0141174590581996
"182",-0.16862243754902,1.06428366406866,-0.362541937907809,-0.0355395675475054
"183",-0.16862243754902,1.10290440410911,-0.1712129606896,-0.432532364910611
"184",-0.16862243754902,1.01642403385979,-0.140024177531688,-0.116237026434695
"185",-0.16862243754902,1.03405875372593,0.138674417323332,-0.223711671884289
"186",-0.16862243754902,1.007857527513,-0.053809438370751,-0.113495991589359
"187",-0.16862243754902,1.02038164891341,-0.199410508967122,-0.0376052968705962
"188",-0.16862243754902,1.07133450606061,-0.348405700776887,-0.1623917840973
"189",-0.16862243754902,1.02615734625837,-0.191232877997417,-0.128175214658886
"190",-0.16862243754902,1.0760405323446,-0.391238714783466,0.069249514821615
"191",-0.16862243754902,1.03808495897263,-0.11733540464621,-0.252691085837467
"192",-0.16862243754902,1.03108219218141,-0.251193837338708,-0.00566948998348167
"193",-0.16862243754902,1.02823098686531,-0.216693564471086,-0.10150301210712
"194",-0.16862243754902,1.05655050495746,0.0200460650453566,-0.340436667828336
"195",-0.16862243754902,1.04992346270988,-0.259073982234885,-0.187669787866
"196",-0.16862243754902,1.00781132793418,-0.040376714364166,-0.118547010293827
"197",-0.16862243754902,1.04096823135499,-0.104888436775695,0.269468503764529
"198",-0.16862243754902,1.12129344848246,-0.352729303870148,-0.364528511643409
"199",-0.16862243754902,1.01957668542608,-0.178265876252082,-0.0880789125075094
"200",-0.16862243754902,1.05717185792905,-0.112192091757695,-0.324076027722192
"201",-0.16862243754902,1.03343120301708,-0.198596069088481,-0.168936830537158
"202",-0.16862243754902,1.01884547049045,-0.190523445912905,-0.0417960440278109
"203",-0.16862243754902,1.04864984848362,-0.158821623313524,-0.272840973266083
"204",-0.16862243754902,1.03276679280796,-0.150209055810774,-0.209867786664064
"205",-0.16862243754902,1.0106930095023,0.0803055934538716,-0.122684029591626
"206",-0.16862243754902,1.06114948433694,-0.301523785349242,-0.187407670539971
"207",-0.16862243754902,1.09589450229181,-0.119902325714154,-0.431981703827549
"208",-0.16862243754902,1.0807195892293,-0.333925868820133,-0.237588603844283
"209",-0.16862243754902,1.01040338560408,-0.144495796043571,-0.00599721317972339
"210",-0.16862243754902,1.018944053242,-0.193782617549502,0.0263681772767801
"211",-0.16862243754902,1.00762079426151,-0.0830957106548538,-0.0916229660017596
"212",-0.16862243754902,1.00752145256469,-0.00877481625689138,-0.122566226904983
"213",-0.16862243754902,1.00266820495025,-0.0130686286792604,-0.0719217641788071
"214",-0.16862243754902,1.00674960854353,-0.11634327102773,0.0030029300878458
"215",-0.16862243754902,1.01579905964162,-0.165949692442946,-0.0656386254190245
"216",-0.16862243754902,1.01416854819259,-0.0194993568281894,-0.167802321874169
"217",-0.16862243754902,1.02209728130417,0.0255279047722358,-0.209836075371484
"218",-0.16862243754902,1.02700697232746,-0.178293875788201,-0.151507805296096
"219",-0.16862243754902,1.02762635170263,-0.21477929630999,-0.0994272225813899
"220",-0.16862243754902,1.06853067083989,-0.0123503181118621,-0.376304749063959
"221",-0.16862243754902,1.05822461578146,0.0886111572294645,-0.334645185622432
"222",-0.16862243754902,1.02033220492871,-0.198355654120346,-0.0416274295768288
"223",-0.16862243754902,1.01245133621518,0.139350179089582,-0.0750948453065364
"224",-0.16862243754902,1.03160023377586,0.0513233398129439,-0.248122866976955
"225",-0.16862243754902,1.0110394527155,-0.147853246931708,-0.0184443031588163
"226",-0.16862243754902,1.03955323226953,-0.245165214934692,-0.143404812011485
"227",-0.16862243754902,1.0187752288644,-0.194549960776943,-0.00729929513081318
"228",-0.16862243754902,1.0457322977404,0.14978617896502,-0.266683593662006
"229",-0.16862243754902,1.01701378663195,0.0770532829198297,0.168463152620179
"230",-0.16862243754902,1.00518222538464,-0.0986738217381754,0.02558873058187
"231",-0.16862243754902,1.05131530644893,-0.323021338497872,-0.0303494390203253
"232",-0.16862243754902,1.05010509318632,-0.0408440739216933,-0.317887508973418
"233",-0.16862243754902,1.02035374279319,-0.202484085667853,0.0110433456582702
"234",-0.16862243754902,1.03975141220946,-0.102779198130229,-0.265554957820929
"235",-0.16862243754902,1.07556353250374,-0.384457920700948,0.0950211537617914
"236",-0.16862243754902,1.01742488159967,-0.15702333111017,-0.102455176468352
"237",-0.16862243754902,1.00670606659638,-0.0612241775432616,-0.09853275905048
"238",-0.16862243754902,1.00353117511158,0.07981301049308,0.0265462384691717
"239",-0.16862243754902,1.01175897842659,-0.143100560701319,-0.0563778321132386
"240",-0.16862243754902,1.00745165997441,-0.0179523167801556,-0.120981657731339
"241",-0.16862243754902,1.01609158582032,0.16689793479502,-0.0677287984243702
"242",-0.16862243754902,1.04069937065806,-0.269308832973995,-0.102605714120972
"243",-0.16862243754902,1.01053247816797,-0.14435445140398,-0.0183761201605068
"244",-0.16862243754902,1.05955225441421,-0.253514669667587,-0.241622209445989
"245",-0.16862243754902,1.01272295815884,-0.095168861658437,-0.128649437436153
"246",-0.16862243754902,1.03580785444717,-0.245125498215237,-0.113187461581103
"247",-0.16862243754902,1.13646782163588,-0.494197868283941,-0.217549021136397
"248",-0.16862243754902,1.01057798200547,-0.0347682657214688,-0.141629888840462
"249",-0.16862243754902,1.0173385895565,-0.0603074464266037,-0.177033380203624
"250",-0.16862243754902,1.03352644256678,0.00431134019303739,-0.261071484138885
"251",-0.16862243754902,1.02897936208364,-0.231750948096112,0.0713444156931694
"252",-0.16862243754902,1.02290561044907,-0.191329205475277,0.098635810030516
"253",-0.16862243754902,1.0625595051002,-0.0298026620314137,-0.357972768817153
"254",-0.16862243754902,1.00574092144436,-0.105960712701347,0.0169448644600219
"255",-0.16862243754902,1.03085974344403,-0.191180132473295,-0.161622917932415
"256",-0.16862243754902,1.0437983444546,-0.0980218992116474,-0.282677716067438
"257",-0.16862243754902,1.00215618447453,0.0501733024620305,-0.0424223738209455
"258",-0.16862243754902,1.02174302955052,-0.0824916494205016,-0.19275358935945
"259",-0.16862243754902,1.00046774003587,-0.0258214977100035,0.0163996679384535
"260",-0.16862243754902,1.03165706285848,0.0766120645776655,-0.241757909709154
"261",-0.16862243754902,1.00765965870374,0.0322846370003941,-0.119731741792628
"262",-0.16862243754902,1.01766524934165,-0.159130570915622,0.101587504731987
"263",-0.16862243754902,1.00433898250664,0.0205557457185504,-0.0909629215693611
"264",-0.16862243754902,1.01526863642958,0.175179706429976,0.00908155122678652
"265",-0.16862243754902,1.01643205294581,-0.180580932866526,0.0229051291351766
"266",-0.16862243754902,1.01366030625077,-0.163596259943957,-0.0272668333465767
"267",-0.16862243754902,1.04608454010248,-0.067515643140042,-0.299557178136015
"268",-0.16862243754902,1.06204640691284,0.0449209230325244,-0.354858677659699
"269",-0.16862243754902,1.0025209576937,-0.0630972213081612,-0.0326651385775043
"270",-0.16862243754902,1.00435133996511,-0.0839168826450005,0.0409825682072673
"271",-0.16862243754902,1.02730139940392,-0.159797715673451,-0.172663995328511
"272",-0.16862243754902,1.00566157752183,0.0612569432473292,-0.0871940101595043
"273",-0.16862243754902,1.03498015435236,-0.0722658362406405,-0.256829844090727
"274",-0.16862243754902,1.00302187492548,-0.0613358401707741,-0.0478622637322914
"275",-0.16862243754902,1.03973753115845,-0.283864586222807,-0.0217951918555408
"276",-0.16862243754902,1.00000010482624,-0.000138809707592271,-0.000436330555549564
"277",-0.16862243754902,1.1045763482722,-0.312277560141941,-0.350102320178191
"278",-0.16862243754902,1.06534849711261,-0.26128775198925,-0.258255940803878
"279",-0.16862243754902,1.0692197089645,-0.289497465324425,-0.243766288909829
"280",-0.16862243754902,1.02299694910955,-0.212010116889894,-0.0396795693498483
"281",-0.16862243754902,1.08018724648634,-0.282961062986099,-0.294512350005092
"282",-0.16862243754902,1.03904484525887,-0.222155966137213,-0.173956653131356
"283",-0.16862243754902,1.00538499393326,-0.0944356040998142,-0.0433693751912743
"284",-0.16862243754902,1.01172214326047,-0.109356559607354,-0.107809266922709
"285",-0.16862243754902,1.10400109046072,-0.180139489790845,-0.431703801183587
"286",-0.16862243754902,1.0957133413928,-0.396713668137381,-0.207860510966281
"287",-0.16862243754902,1.00746260376725,-0.114964761421266,-0.0420000192956759
"288",-0.16862243754902,1.01187174330627,0.0928522754778846,-0.123543028294772
"289",-0.16862243754902,1.04367944928559,-0.0140663590081955,-0.298444183064997
"290",-0.16862243754902,1.03701631776478,-0.0712531748232724,-0.265190174003533
"291",-0.16862243754902,1.01814597878366,-0.168167511030738,-0.0913286501984623
"292",-0.16862243754902,1.02998193543382,-0.0958828258207336,-0.227308757052243
"293",-0.16862243754902,1.00922905025123,-0.0522031534971718,0.125770054607373
"294",-0.16862243754902,1.02192275579616,-0.175145647842099,-0.116833731670243
"295",-0.16862243754902,1.05290410848245,-0.288769181933536,-0.158806237990365
"296",-0.16862243754902,1.02057197153981,0.15279696223543,-0.134982359678113
"297",-0.16862243754902,1.06933020635785,-0.264239619301195,-0.271375226984497
"298",-0.16862243754902,1.05668035942332,-0.318434335577117,-0.123178552989387
"299",-0.16862243754902,1.08673916374637,-0.310517270403313,-0.290828187769743
"300",-0.16862243754902,1.05273615299182,0.100532928559712,-0.313283478803492
"301",-0.16862243754902,1.0304707366719,-0.20741818847471,-0.137286686270013
"302",-0.16862243754902,1.0172579350715,0.0939072140517688,-0.161230089049692
"303",-0.16862243754902,1.0666882831005,-0.295839455727416,-0.224283101768255
"304",-0.16862243754902,1.00801776793435,-0.0679095670197362,-0.107182606697837
"305",-0.16862243754902,1.11747455420803,-0.208264221300075,-0.453183619991608
"306",-0.16862243754902,1.02637721146884,-0.231191442766477,-0.000834873708415382
"307",-0.16862243754902,1.03113853517093,-0.235922960852291,-0.0871035892322146
"308",-0.16862243754902,1.05720640216447,-0.281549087484363,-0.195998694164705
"309",-0.16862243754902,1.06372638138631,-0.361636707009304,0.0270685537233796
"310",-0.16862243754902,1.00716775829163,-0.0619288067410678,-0.102721547096051
"311",-0.16862243754902,1.04838549849829,-0.295145056294507,0.109551582400372
"312",-0.16862243754902,1.0424069180271,-0.245056142596843,-0.162971377015427
"313",-0.16862243754902,1.02913895138004,-0.243128369132239,-0.00394681779465609
"314",-0.16862243754902,1.01968173575924,-0.194590692595879,0.0434200943808363
"315",-0.16862243754902,1.00186160664608,-0.0288540228242454,0.0537970653319724
"316",-0.16862243754902,1.00553359596396,-0.0390008946209889,0.0978608339989238
"317",-0.16862243754902,1.01127743907205,0.126194770130068,0.0822006007760956
"318",-0.16862243754902,1.00532332672682,-0.0498245803109175,-0.0905124436633545
"319",-0.16862243754902,1.00834523217403,-0.0785471441579912,-0.102909928542941
"320",-0.16862243754902,1.02341669790584,-0.153915708272191,-0.153921058661776
"321",-0.16862243754902,1.02950892001963,-0.211358092651693,0.123354663757057
"322",-0.16862243754902,1.05623113951406,-0.33857415520392,-0.0314922451901002
"323",-0.16862243754902,1.00209110845446,-0.055789188404953,-0.032774320749569
"324",-0.16862243754902,1.0467796252018,-0.260269406124188,-0.167354175249345
"325",-0.16862243754902,1.05716737674441,-0.235889708419207,-0.248915463389792
"326",-0.16862243754902,1.00225140320858,-0.0511214281956785,-0.0435255650486655
"327",-0.16862243754902,1.05986152854544,-0.31145081766676,-0.162187693322829
"328",-0.16862243754902,1.04692407482486,0.207215118625793,-0.230460220126578
"329",-0.16862243754902,1.01377878969683,0.130530612050408,-0.103485234487441
"330",-0.16862243754902,1.06296440700861,-0.127287651692364,-0.33718123360265
"331",-0.16862243754902,1.06725918813995,0.0738356864176965,-0.365500295595472
"332",-0.16862243754902,1.04021907682934,-0.180189143569457,-0.222682734713291
"333",-0.16862243754902,1.03831825975357,0.0793891898894933,-0.267959260087009
"334",-0.16862243754902,1.00862021269822,-0.129357389070476,0.0241122242082764
"335",-0.16862243754902,1.09650829069418,-0.313530379105664,-0.32253547547352
"336",-0.16862243754902,1.02478373507899,-0.224012719904314,-7.07355340766219e-05
"337",-0.16862243754902,1.04944429451537,-0.228398604909198,-0.221737242172801
"338",-0.16862243754902,1.02816375254726,-0.165041870463963,0.172863770194397
"339",-0.16862243754902,1.01262486524281,-0.139230447541116,0.0776144328429182
"340",-0.16862243754902,1.07112275642588,-0.277083877133239,-0.265571994694816
"341",-0.16862243754902,1.01039697292535,-0.142336251180343,0.025346291575725
"342",-0.16862243754902,1.02824455951713,-0.195317885053927,-0.138339430223739
"343",-0.16862243754902,1.00170934114476,-0.0379893665724455,-0.0444793453649451
"344",-0.16862243754902,1.03765070863012,-0.276284009828179,-0.019650420704345
"345",-0.16862243754902,1.01937500140737,-0.0398028977579642,-0.193755316893105
"346",-0.16862243754902,1.00469106636037,-0.0606032989224365,-0.0757058715295788
"347",-0.16862243754902,1.0715895647902,-0.196033600972722,-0.331474015055366
"348",-0.16862243754902,1.09894285183752,-0.0445548462204829,-0.453530877981908
"349",-0.16862243754902,1.02433072971352,0.200253154937408,0.0956667014850948
"350",-0.16862243754902,1.10284518595832,-0.112999968408768,-0.451108092735061
"351",-0.16862243754902,1.02993179116613,-0.0829739266545688,-0.232109504222029
"352",-0.16862243754902,1.07663609326783,-0.23387106751156,-0.323186635101172
"353",-0.16862243754902,1.04638105112587,0.00571842069256854,-0.308026953074019
"354",-0.16862243754902,1.00045289277923,-0.0287576643977513,0.00888748607356894
"355",-0.16862243754902,1.0049506401383,0.0969076816749688,-0.0231233723050382
"356",-0.16862243754902,1.01258054734857,-0.158786862978974,-0.0103003404807729
"357",-0.16862243754902,1.01617701456965,-0.175438186575009,-0.0428621934921045
"358",-0.16862243754902,1.14169894965237,-0.44808311051795,-0.320465314356927
"359",-0.16862243754902,1.01038688407826,0.0915534800476762,-0.111801680705347
"360",-0.16862243754902,1.00632443170326,-0.0633401807878272,0.0931497898046762
"361",-0.16862243754902,1.01442601277694,-0.0566790983470631,-0.160771935390107
"362",-0.16862243754902,1.08322336045975,-0.413959495655284,-0.0448373126150537
"363",-0.16862243754902,1.01454041141194,-0.118810997579885,-0.123191693072139
"364",-0.16862243754902,1.01505981210707,-0.144094506957915,-0.0978937956123686
"365",-0.16862243754902,1.0060833534551,0.00203693204666712,-0.110451641034865
"366",-0.16862243754902,1.02529531804705,-0.162383603504643,-0.157677057690886
"367",-0.16862243754902,1.03399358535324,-0.256162578310334,0.059358807476706
"368",-0.16862243754902,1.07522520022923,-0.367651826266617,0.144711319014142
"369",-0.16862243754902,1.00234710064463,0.0447685082341817,-0.0519181166953093
"370",-0.16862243754902,1.0660852084486,-0.139160877850047,-0.342303844192399
"371",-0.16862243754902,1.09899650103872,-0.124446594230084,-0.438527484292476
"372",-0.16862243754902,1.10548956730385,-0.0636016253369066,-0.466971109033686
"373",-0.16862243754902,1.03810721291072,-0.277262287991433,0.0281462103136117
"374",-0.16862243754902,1.08244162898842,-0.0941837161698976,-0.403496354104379
"375",-0.16862243754902,1.00677982455743,-0.0573999026414702,-0.101542436018841
"376",-0.16862243754902,1.02415329956859,-0.174077011718276,-0.136334790161842
"377",-0.16862243754902,1.00071106676033,0.0209352072342131,0.0313744519418034
"378",-0.16862243754902,1.01568060866976,-0.177074039184449,-0.0158708372392491
"379",-0.16862243754902,1.08881920234912,-0.298061094757061,-0.310945074243662
"380",-0.16862243754902,1.00536939456099,0.0080517185021432,-0.103454286277042
"381",-0.16862243754902,1.05080788588611,-0.239246902764665,-0.216698252318625
"382",-0.16862243754902,1.02280356989002,-0.203264981879497,-0.0693576940310045
"383",-0.16862243754902,1.00830084336863,0.0359747457257315,-0.124001646794917
"384",-0.16862243754902,1.04736665660381,-0.283540163939212,0.128770682994124
"385",-0.16862243754902,1.01292470413946,-0.134981102824957,-0.0882981207964161
"386",-0.16862243754902,1.06808223209527,-0.357356092229767,-0.114438970040287
"387",-0.16862243754902,1.01331605895698,0.0829748655845541,-0.141154550126231
"388",-0.16862243754902,1.01994115173751,-0.198815329997748,0.0274302308690501
"389",-0.16862243754902,1.00284103959753,-0.02245561822493,-0.0720131648464122
"390",-0.16862243754902,1.05225304615332,-0.19366117798729,-0.264067834617406
"391",-0.16862243754902,1.00465693081464,0.0397703374320757,-0.0880560554103998
"392",-0.16862243754902,1.105724485475,-0.134670411783067,-0.452206278117784
"393",-0.16862243754902,1.11893445360428,-0.0494667314815018,-0.499567166594492
"394",-0.16862243754902,1.06375466941236,-0.337285716129868,-0.133462887693006
"395",-0.16862243754902,1.04331010585351,-0.278787665685564,0.10379505979412
"396",-0.16862243754902,1.00333749099205,-0.0513323039179588,0.0636483731504682
"397",-0.16862243754902,1.00910414582659,-0.119358325763995,-0.0635984842211405
"398",-0.16862243754902,1.05374450505994,-0.317497944566313,-0.0978393435188129
"399",-0.16862243754902,1.03863274234527,-0.094051121026446,-0.264409455400748
"400",-0.16862243754902,1.01897607333241,-0.0444940110741363,-0.190610915223846
"401",-0.16862243754902,1.02820772274017,-0.152152531804389,-0.184555488046389
"402",-0.16862243754902,1.0280800610313,-0.110892949984755,-0.21130869725073
"403",-0.16862243754902,1.03756236780406,-0.27664866280458,-0.00108832513762854
"404",-0.16862243754902,1.06004197747243,-0.257149419520111,0.239923258656047
"405",-0.16862243754902,1.05171057291505,-0.10943850773411,-0.306787128488508
"406",-0.16862243754902,1.00396707277432,0.0284863985247977,-0.0844891017476773
"407",-0.16862243754902,1.00310112957073,-0.0213737716021878,-0.075861966976623
"408",-0.16862243754902,1.06744390124666,-0.274096328867304,-0.253589599175818
"409",-0.16862243754902,1.00884320070259,0.127099830195622,0.0401277555824182
"410",-0.16862243754902,1.0199377569064,0.160892606959586,-0.119944141119961
"411",-0.16862243754902,1.06713676465966,-0.236746822822004,-0.287631389754265
"412",-0.16862243754902,1.00144697960428,0.0501031017954376,-0.019640064893308
"413",-0.16862243754902,1.02112454860461,-0.138045221843964,-0.153749343052296
"414",-0.16862243754902,1.01088990995406,-0.11088768951828,0.0979914810594312
"415",-0.16862243754902,1.08241770110609,-0.0229189590205348,-0.41364574334231
"416",-0.16862243754902,1.06905886830316,-0.199726694614818,-0.320930072376933
"417",-0.16862243754902,1.05945478980537,-0.218487917680278,0.273326693663986
"418",-0.16862243754902,1.06256218940757,-0.164480543216367,-0.31935021099392
"419",-0.16862243754902,1.01919697481091,-0.0257985107631869,-0.195184298308308
"420",-0.16862243754902,1.00937157119729,-0.0220650997558225,-0.135440393214334
"421",-0.16862243754902,1.05834810489631,-0.0926269972865992,-0.333947526583564
"422",-0.16862243754902,1.03557149401076,-0.0101226201237709,-0.268897474457281
"423",-0.16862243754902,1.01641756442191,-0.174485679607507,-0.0515694956081388
"424",-0.16862243754902,1.00209539963328,-0.0268594127730154,-0.0589386283491037
"425",-0.16862243754902,1.00585614540323,0.093705514819464,0.0544597258335552
"426",-0.16862243754902,1.05635204836698,-0.16695936126261,-0.296655055200308
"427",-0.16862243754902,1.00983291494019,-0.13195145001609,-0.0484905241801072
"428",-0.16862243754902,1.07403506015722,-0.349549505894848,-0.177105768894183
"429",-0.16862243754902,1.02759432455658,0.0279424855742517,-0.23488148790578
"430",-0.16862243754902,1.01741217254652,-0.182833980553321,0.0412221348409845
"431",-0.16862243754902,1.02031842609667,0.0882107030455203,-0.182396717351488
"432",-0.16862243754902,1.02100401336362,-0.163796626236704,-0.124979440461556
"433",-0.16862243754902,1.06234084090638,-0.160122799959376,-0.320825109975588
"434",-0.16862243754902,1.0326765566233,0.0197219399602308,-0.256966759880668
"435",-0.16862243754902,1.07935393819125,-0.241425925771064,-0.326677893734098
"436",-0.16862243754902,1.02237705911987,-0.211247594928922,0.025085945295045
"437",-0.16862243754902,1.05555721617524,-0.230628142530796,-0.247005458426362
"438",-0.16862243754902,1.04012536495872,-0.0419103199462442,-0.28302703035668
"439",-0.16862243754902,1.01915351559335,-0.0340922737316058,-0.1936791295367
"440",-0.16862243754902,1.00685161673059,0.0417967149008659,0.10955917458844
"441",-0.16862243754902,1.06397212028164,-0.361176583822664,-0.0398515750603883
"442",-0.16862243754902,1.00000858590989,0.00307449455831232,-0.00277837663311133
"443",-0.16862243754902,1.02935176276033,-0.236846583839795,-0.0588960713564137
"444",-0.16862243754902,1.02373682653724,-0.175052642245894,-0.131885034978441
"445",-0.16862243754902,1.12158896456601,-0.444096408418352,-0.246455240289549
"446",-0.16862243754902,1.01510224621837,0.0551730743974121,-0.165494719369309
"447",-0.16862243754902,1.01111194362126,0.0903962786100634,0.119062485053038
"448",-0.16862243754902,1.11195166206747,-0.474684935558649,-0.105407356139344
"449",-0.16862243754902,1.02650617051553,0.00711842114462661,-0.231655447134035
"450",-0.16862243754902,1.01953124806883,-0.19498284426753,-0.0377578631562868
"451",-0.16862243754902,1.01236254786828,-0.14069739259041,-0.0712893543569093
"452",-0.16862243754902,1.02144316635197,-0.205967492471625,-0.0303897043766001
"453",-0.16862243754902,1.0045727506946,-0.0678471109438851,-0.0675513210431853
"454",-0.16862243754902,1.00892713571866,-0.133713397412318,-0.00739544061653246
"455",-0.16862243754902,1.02849192814422,-0.240384098843063,0.00333635747897986
"456",-0.16862243754902,1.06591512576547,-0.327656623549018,-0.169753328038261
"457",-0.16862243754902,1.0043652112733,-0.0410565725696501,0.0840466267311904
"458",-0.16862243754902,1.00756412056815,-0.0730586147217605,-0.0992365651925505
"459",-0.16862243754902,1.01079879581212,-0.133474630752384,-0.0624397994932385
"460",-0.16862243754902,1.09532347521861,-0.402866769144601,0.193473206630672
"461",-0.16862243754902,1.12250749665728,0.018600163661073,-0.509585237191562
"462",-0.16862243754902,1.02013329186869,-0.122519557477865,-0.160190172027735
"463",-0.16862243754902,1.0447658934047,-0.179386939649905,-0.243631069251764
"464",-0.16862243754902,1.01709353646566,-0.149141284784396,0.110617083188308
"465",-0.16862243754902,1.00369127766394,0.0592198908506911,-0.0623633336690177
"466",-0.16862243754902,1.11119083585202,-0.411522363049208,-0.255723323910621
"467",-0.16862243754902,1.05616674213234,-0.127370528111594,-0.315063383710336
"468",-0.16862243754902,1.001376111355,0.0499162106736703,0.0162014908092755
"469",-0.16862243754902,1.13453509580579,-0.277072330990946,-0.458694677333737
"470",-0.16862243754902,1.04831678894342,-0.245919348070263,0.196193180883871
"471",-0.16862243754902,1.0509907710806,-0.0247288786144949,-0.322443922968095
"472",-0.16862243754902,1.05127154912128,-0.10991686441031,-0.305106789354254
"473",-0.16862243754902,1.03951830902176,0.0457302025575491,-0.280191119355171
"474",-0.16862243754902,1.06519920273898,-0.352945304090522,0.100393993028505
"475",-0.16862243754902,1.0366784105305,-0.229052246975804,0.149121410318501
"476",-0.16862243754902,1.05604047244949,-0.292610581610075,0.172048036841936
"477",-0.16862243754902,1.05151718864861,-0.239319676858529,-0.220032930016852
"478",-0.16862243754902,1.00981020358699,-0.10602305423425,-0.0920638867267703
"479",-0.16862243754902,1.03922768714338,-0.0777602278575854,-0.271932956239065
"480",-0.16862243754902,1.02239553621375,0.0532342373497665,-0.206055207271251
"481",-0.16862243754902,1.06181514918244,-0.300383043319389,-0.192928583469387
"482",-0.16862243754902,1.00938536760778,0.110045023781081,-0.0821517685853953
"483",-0.16862243754902,1.01365464904693,0.0639392691629692,-0.152995154803539
"484",-0.16862243754902,1.00687555401673,-0.0023102774770175,-0.117443790361526
"485",-0.16862243754902,1.01452972611166,0.0636558086762767,-0.158803347527613
"486",-0.16862243754902,1.02594536987657,-0.172338992541178,-0.151205732765206
"487",-0.16862243754902,1.04178472755883,-0.229431152585118,-0.180767156304168
"488",-0.16862243754902,1.0156682883524,-0.139289037834233,-0.110365918217093
"489",-0.16862243754902,1.0147195600695,-0.163987963097965,-0.0525712235602567
"490",-0.16862243754902,1.02754558395883,0.116041353711478,-0.205874552439329
"491",-0.16862243754902,1.00698398869197,0.10927760193521,-0.0455539152794687
"492",-0.16862243754902,1.03475840407087,0.26252799024011,0.0424736287099689
"493",-0.16862243754902,1.00168730484812,0.0487496762268447,-0.0316374107926414
"494",-0.16862243754902,1.04728398296051,-0.168271075774955,-0.261703240375738
"495",-0.16862243754902,1.00592465585514,-0.0262773584356394,-0.105801293427464
"496",-0.16862243754902,1.065345566467,-0.132890742547975,-0.342492666397321
"497",-0.16862243754902,1.00624471482392,0.0248842201002249,-0.109129288924127
"498",-0.16862243754902,1.02164054131722,0.0566011598169856,-0.201359639377668
"499",-0.16862243754902,1.04325768553585,-0.281414841979236,-0.0958764055616656
"500",-0.16862243754902,1.02809045244938,-0.237781430885202,-0.0207357069750032
"501",-0.16862243754902,1.01063372274329,-0.136454447384798,-0.0525424146273475
"502",-0.16862243754902,1.02541148696341,0.14988784654248,-0.170300766455624
"503",-0.16862243754902,1.02088250027558,-0.197639419558785,-0.0560333758165061
"504",-0.16862243754902,1.04596945627187,-0.162911596395807,-0.259830550962432
"505",-0.16862243754902,1.0388823506745,0.220460022237512,-0.17513970748522
"506",-0.16862243754902,1.00559482282504,-0.098066895303639,0.0400478680833981
"507",-0.16862243754902,1.01172824945539,-0.103362216210457,-0.113623514318714
"508",-0.16862243754902,1.00144554501494,0.0532488550783672,-0.00759862244843268
"509",-0.16862243754902,1.01008696009621,0.058113726981756,-0.129994083298818
"510",-0.16862243754902,1.02001729019761,-0.17631833266652,-0.096680493729472
"511",-0.16862243754902,1.02700630500266,-0.233880940365946,0.00645416522518967
"512",-0.16862243754902,1.1028316763088,-0.165009332777103,-0.434752373618051
"513",-0.16862243754902,1.04430739797512,-0.242156358826156,-0.178712728549566
"514",-0.16862243754902,1.00524256608854,0.00489113609742017,-0.102414322552806
"515",-0.16862243754902,1.07216379811525,-0.156484458468136,-0.353621017823959
"516",-0.16862243754902,1.04284716967958,-0.295092053481138,-0.0212343891130534
"517",-0.16862243754902,1.01273965875902,-0.0390546416572966,-0.155294402308478
"518",-0.16862243754902,1.07368800427832,-0.390312177623643,-0.0215019657204808
"519",-0.16862243754902,1.04724961532454,-0.308302630992251,-0.0410029818507444
"520",-0.16862243754902,1.00936412793166,-0.137058006536324,0.00557185781717595
"521",-0.16862243754902,1.00747986503768,0.0455250304803783,-0.113767965860813
"522",-0.16862243754902,1.05156667838746,-0.233886897513454,-0.226029640238529
"523",-0.16862243754902,1.00195744284486,-0.0539343942424634,-0.0317773250906701
"524",-0.16862243754902,1.04111915750349,-0.156556409923649,-0.243760519019362
"525",-0.16862243754902,1.02425733078647,-0.08010428052514,-0.206606834135229
"526",-0.16862243754902,1.0845868724122,-0.419125477383521,-0.0257394253414318
"527",-0.16862243754902,1.01055996465902,-0.0601493569272021,0.132715850722074
"528",-0.16862243754902,1.05276290755824,-0.130077878615951,-0.302306938433875
"529",-0.16862243754902,1.02145436705965,-0.00621854981755231,0.208159442791817
"530",-0.16862243754902,1.01093120069036,0.00496492876649243,-0.148179762489991
"531",-0.16862243754902,1.01507932730217,-0.151168597140999,-0.0867991702417454
"532",-0.16862243754902,1.0011077133134,-0.0252558521803631,-0.039734060781934
"533",-0.16862243754902,1.01816502401813,-0.183487715038918,-0.0547016870273794
"534",-0.16862243754902,1.03647448425658,-0.241540497404836,-0.126243988484081
"535",-0.16862243754902,1.01069512392267,-0.146233287548392,-0.0109753876398753
"536",-0.16862243754902,1.03767772831867,-0.114515275712768,-0.252311948740093
"537",-0.16862243754902,1.00808407942505,-0.0664816440239362,-0.108690856092494
"538",-0.16862243754902,1.00206362131828,-0.061946655933217,0.0171497226855419
"539",-0.16862243754902,1.04967784314875,0.0767336826945639,-0.309734590153475
"540",-0.16862243754902,1.00070999379721,-0.033094325831986,-0.0180348907217292
"541",-0.16862243754902,1.01154195935053,-0.14540662460178,-0.0455417286522097
"542",-0.16862243754902,1.06826623635042,-0.361231293803919,-0.103463539969583
"543",-0.16862243754902,1.008181422866,-0.087013146992345,-0.0941195710923522
"544",-0.16862243754902,1.02439671336496,-0.127015965199316,-0.182361100395403
"545",-0.16862243754902,1.04269942529694,-0.222699548113625,-0.193976809914397
"546",-0.16862243754902,1.01769093468282,-0.126892905030452,0.139975102030765
"547",-0.16862243754902,1.04531812959709,-0.282843769717046,-0.112647210336521
"548",-0.16862243754902,1.06028094553881,-0.10834771183312,-0.335345279992415
"549",-0.16862243754902,1.06001998600774,-0.338777470391254,-0.0941923366901501
"550",-0.16862243754902,1.0211212166703,0.00854426816191783,-0.206435303705108
"551",-0.16862243754902,1.04006008167613,-0.136138324018752,-0.251378857960506
"552",-0.16862243754902,1.02477385880026,-0.164661120138339,-0.151816261300162
"553",-0.16862243754902,1.01182862542743,0.0441528111079612,-0.14780966309966
"554",-0.16862243754902,1.01226760188638,-0.141119571674543,0.0690721674713578
"555",-0.16862243754902,1.00738940779077,-0.0255536128826634,0.119081618219131
"556",-0.16862243754902,1.0899793092586,-0.249130193994022,-0.354949349981584
"557",-0.16862243754902,1.0535317791485,-0.137124161180566,-0.30187112166674
"558",-0.16862243754902,1.06129942855244,0.000422371881727236,-0.355466311551082
"559",-0.16862243754902,1.10451283480133,-0.277180030475955,-0.378311819728409
"560",-0.16862243754902,1.023100697907,-0.0974975197688341,-0.192948883636875
"561",-0.16862243754902,1.00282521322609,0.072894638912913,0.0185682497752029
"562",-0.16862243754902,1.01903983430892,-0.162730082797806,-0.109366832545162
"563",-0.16862243754902,1.01762885678266,0.142581636846613,-0.123446210921702
"564",-0.16862243754902,1.05137802604788,-0.0898726532551942,-0.311959388147264
"565",-0.16862243754902,1.03922091192993,-0.253385579990731,-0.125601957171202
"566",-0.16862243754902,1.00662204548188,-0.013121973049741,0.114524042337867
"567",-0.16862243754902,1.04937662143587,-0.27368664464868,0.162132397000417
"568",-0.16862243754902,1.03220595744464,-0.251918964217849,0.0445642687768129
"569",-0.16862243754902,1.0150099971711,-0.172267673746216,-0.0238567168602373
"570",-0.16862243754902,1.06258892602822,-0.250055564797969,-0.258006667028937
"571",-0.16862243754902,1.04239721551787,-0.290238464748445,0.0485137970053622
"572",-0.16862243754902,1.01696327916953,0.0924671977977813,-0.160200276250275
"573",-0.16862243754902,1.03144780349806,-0.24275194642566,-0.0703993170956159
"574",-0.16862243754902,1.0104628233177,-0.130945264346929,-0.0623574779180475
"575",-0.16862243754902,1.04611248789365,-0.0243747106502273,-0.30619799282123
"576",-0.16862243754902,1.00407402275621,-0.0677423690404473,0.0597964431269239
"577",-0.16862243754902,1.00000225242986,-0.00104651861195777,-0.00184652744176132
"578",-0.16862243754902,1.05367370782482,-0.215478321378327,-0.252581423658341
"579",-0.16862243754902,1.01522884513382,0.0484544066850402,-0.16835016621482
"580",-0.16862243754902,1.03575012074472,-0.152652986414335,-0.222430614712752
"581",-0.16862243754902,1.01507900860958,-0.0223551240302637,-0.172874642875712
"582",-0.16862243754902,1.00129652288743,-0.0460301913020405,-0.0218162378779139
"583",-0.16862243754902,1.01160462964501,0.144460153639067,0.0497512887249444
"584",-0.16862243754902,1.01837437116416,-0.138957816141321,-0.133330736055958
"585",-0.16862243754902,1.10200534187536,-0.392663204840651,-0.245420824475219
"586",-0.16862243754902,1.02352811992267,-0.194222140803196,0.0994362725279415
"587",-0.16862243754902,1.04409473616356,-0.295648177429979,-0.0522108539173559
"588",-0.16862243754902,1.04345957697742,-0.296250700047737,0.0323018808605555
"589",-0.16862243754902,1.01067936136049,-0.0418672564085597,-0.140427576781982
"590",-0.16862243754902,1.00185521514024,-0.0356453343811079,0.0494295684843712
"591",-0.16862243754902,1.0004253679991,-0.00272678519017025,0.0290427543227887
"592",-0.16862243754902,1.00592551189033,-0.027517496431661,-0.10549371005869
"593",-0.16862243754902,1.01584683545469,-0.151488136728318,-0.0948479706366081
"594",-0.16862243754902,1.10739520523551,-0.466247976133646,-0.0945355241688953
"595",-0.16862243754902,1.0871783435128,-0.356110705074243,-0.234823159706982
"596",-0.16862243754902,1.00579363262367,0.0322079613634298,0.102876035358727
"597",-0.16862243754902,1.0122957052635,-0.0449056102728558,-0.150751719927033
"598",-0.16862243754902,1.02730550430955,-0.230035210300298,-0.0494004170711181
"599",-0.16862243754902,1.01702503426146,-0.0467501320566761,-0.179316327943692
"600",-0.16862243754902,1.02046047196388,-0.0231677242126495,-0.201997107394045
"601",-0.16862243754902,1.12025227090603,-0.494013601687216,-0.104478283954847
"602",-0.16862243754902,1.0176224710485,-0.141398722003383,-0.124747324615265
"603",-0.16862243754902,1.03089054367019,-0.250386990168749,0.00645508968648946
"604",-0.16862243754902,1.00924923109976,-0.0509236111151669,-0.12645472038027
"605",-0.16862243754902,1.02265096846809,-0.15804810337698,-0.144346112963458
"606",-0.16862243754902,1.0534441326185,0.252503245120855,0.214444985373349
"607",-0.16862243754902,1.01314483708535,-0.0602804744593835,-0.151091777776441
"608",-0.16862243754902,1.05990847199697,-0.309804678454567,-0.165611081207164
"609",-0.16862243754902,1.03523587207516,0.215300392797501,-0.159245256420563
"610",-0.16862243754902,1.06644642045921,-0.282369517317435,-0.239948793287613
"611",-0.16862243754902,1.01473017093755,-0.166928140465126,-0.0425713017396542
"612",-0.16862243754902,1.01355554279089,-0.0659580873302399,-0.151473987990894
"613",-0.16862243754902,1.01806159694508,0.11179848226587,-0.154759537791418
"614",-0.16862243754902,1.00000314599189,-0.00246653999270211,0.000456261053675238
"615",-0.16862243754902,1.0433555429972,-0.169671629877156,-0.244545143312671
"616",-0.16862243754902,1.03691621022191,-0.209028899220831,-0.177488439937646
"617",-0.16862243754902,1.0141756924193,-0.164913722926766,0.0368211771213569
"618",-0.16862243754902,1.00806241327494,-0.126119208126342,0.0168456047465616
"619",-0.16862243754902,1.01897836427731,-0.011255212763476,-0.195423199878908
"620",-0.16862243754902,1.00466095370257,0.093132298834185,-0.0258844897266752
"621",-0.16862243754902,1.05803692939846,-0.165547559164526,-0.303374602802518
"622",-0.16862243754902,1.0088906763165,-0.0397180404147413,-0.127604365223028
"623",-0.16862243754902,1.02525021537545,-0.22613245891559,0.00145435628443475
"624",-0.16862243754902,1.05349163687365,-0.185034080910885,-0.274967303263829
"625",-0.16862243754902,1.00567698909079,-0.0695324704746366,-0.0809409781039188
"626",-0.16862243754902,1.00897401400205,-0.0747499581941297,-0.111539251751981
"627",-0.16862243754902,1.0041975460579,0.0473419702756102,0.0785585727920804
"628",-0.16862243754902,1.02593982851383,-0.112193851497688,-0.199912659471812
"629",-0.16862243754902,1.02626182886049,-0.0845623021701436,0.214621896431308
"630",-0.16862243754902,1.006645395803,-0.0803366683940925,0.0829516280895821
"631",-0.16862243754902,1.03417464665805,-0.0475812850624923,-0.259332260048962
"632",-0.16862243754902,1.02320589299336,-0.0443337258993948,-0.212096252216323
"633",-0.16862243754902,1.02783440612498,0.16031816990508,-0.175332971264884
"634",-0.16862243754902,1.03877996369908,-0.22600516475504,-0.167288608359073
"635",-0.16862243754902,1.01913100227889,-0.187084883895708,-0.0602266222172498
"636",-0.16862243754902,1.0307557244292,-0.0432632878760125,-0.246141527105294
"637",-0.16862243754902,1.01550739760015,-0.0553602169108539,-0.167900330447004
"638",-0.16862243754902,1.08275132123414,-0.267521123623141,-0.317463182195501
"639",-0.16862243754902,1.04336702797787,-0.0551844679566745,-0.292522528308026
"640",-0.16862243754902,1.00418685383434,0.0189408660491306,0.0896241095187354
"641",-0.16862243754902,1.00733721934084,-0.110579191972529,-0.0500051574543341
"642",-0.16862243754902,1.00997679789098,-0.122786881190522,-0.0705444121502833
"643",-0.16862243754902,1.00308113902017,-0.0564068948168312,0.0546812003812167
"644",-0.16862243754902,1.04198311030255,-0.276893012987021,-0.0951791023005913
"645",-0.16862243754902,1.01066640610412,-0.0730989170355576,-0.126898119590674
"646",-0.16862243754902,1.00141289919942,-0.0352408105963938,0.0398231082601954
"647",-0.16862243754902,1.05828154244973,-0.274219725350196,-0.211573545885688
"648",-0.16862243754902,1.05986874511072,0.251159297439351,-0.245439940051204
"649",-0.16862243754902,1.02647253336582,-0.187064454726994,-0.136575076540807
"650",-0.16862243754902,1.04114324392173,0.0950875055303873,-0.273747366482081
"651",-0.16862243754902,1.0875355805087,-0.238246505451979,-0.35492568449228
"652",-0.16862243754902,1.01445088310949,-0.106201846574108,-0.133535620812873
"653",-0.16862243754902,1.04925272480299,-0.27650895592123,-0.156441931085813
"654",-0.16862243754902,1.01524368881352,-0.175266752211057,-0.00114596905565693
"655",-0.16862243754902,1.01513041556321,-0.173496656150977,-0.0197147382931963
"656",-0.16862243754902,1.0802817010747,0.12142261061161,-0.390211613498502
"657",-0.16862243754902,1.00597409419457,0.00263938273979476,0.109439078255116
"658",-0.16862243754902,1.02507929190973,-0.225189632625805,0.00878544591958558
"659",-0.16862243754902,1.056164823114,-0.0132136472208122,-0.339572574143648
"660",-0.16862243754902,1.01709351722917,-0.149285518787368,-0.110422174720411
"661",-0.16862243754902,1.02128617801749,0.0609827040429399,-0.198258838938341
"662",-0.16862243754902,1.00268644139495,0.0675370565306417,0.0286154809926796
"663",-0.16862243754902,1.02768311346328,-0.192273616216701,-0.138432070722542
"664",-0.16862243754902,1.00918151297167,0.130739493318744,-0.0368036820243886
"665",-0.16862243754902,1.06208279134343,-0.348461908186146,0.0812043977325883
"666",-0.16862243754902,1.00371033941661,0.0510598639194815,-0.0694790309973625
"667",-0.16862243754902,1.02477108321904,-0.204359016833979,0.0916142196417444
"668",-0.16862243754902,1.06061222278841,-0.32902028490485,-0.129011391936134
"669",-0.16862243754902,1.05875620686836,-0.20935036085131,-0.277735723294112
"670",-0.16862243754902,1.0046836430682,-0.0861490313016836,-0.0443572660854624
"671",-0.16862243754902,1.05808173004707,-0.32884009284008,-0.106776124673685
"672",-0.16862243754902,1.02077270508418,0.0506061551501937,-0.198534461758628
"673",-0.16862243754902,1.00056104670986,0.0192971711349558,-0.0273866277462808
"674",-0.16862243754902,1.00783269620421,-0.113402408579477,0.0535409867916616
"675",-0.16862243754902,1.03527912623523,-0.200723143561602,-0.177519263341016
"676",-0.16862243754902,1.02906136358508,-0.136444941165664,-0.200873263661159
"677",-0.16862243754902,1.02019630297578,-0.118760756275396,-0.1633902670735
"678",-0.16862243754902,1.06284356623919,-0.297568370652827,-0.202705478670584
"679",-0.16862243754902,1.04988264166484,-0.281143856597425,-0.152353841981943
"680",-0.16862243754902,1.00624511615721,-0.0810463252964242,0.0772057442564254
"681",-0.16862243754902,1.08463063397427,-0.31827688658892,-0.274086547679181
"682",-0.16862243754902,1.08843087903745,-0.175844669545039,-0.392122978968119
"683",-0.16862243754902,1.01013660701082,-0.127641267337036,-0.0639036125420539
"684",-0.16862243754902,1.01188959827498,-0.0757535793146683,0.134840477298635
"685",-0.16862243754902,1.06792852789627,-0.33012229276254,-0.177455945281914
"686",-0.16862243754902,1.08980862360194,-0.0842793660554152,-0.424946849069919
"687",-0.16862243754902,1.03731691254158,-0.0118046455189995,-0.275476001475577
"688",-0.16862243754902,1.00145342451526,-0.0412606592851848,-0.0347349891133291
"689",-0.16862243754902,1.00658685791401,-0.103406442872517,-0.0502415176685824
"690",-0.16862243754902,1.03000725971021,-0.097393526893734,-0.226780634038578
"691",-0.16862243754902,1.01521246428785,-0.14045352756614,-0.104542595336252
"692",-0.16862243754902,1.00321135533059,0.0762580884288638,0.0248541226643909
"693",-0.16862243754902,1.02391605447255,-0.219183775398654,-0.0190409875960219
"694",-0.16862243754902,1.07783373772641,-0.163345500296592,-0.367483079493642
"695",-0.16862243754902,1.02728288224327,-0.180053795262778,-0.15129689673455
"696",-0.16862243754902,1.0218652283907,-0.0587507789237577,-0.201883359814115
"697",-0.16862243754902,1.00931389054037,0.0120607699022415,-0.136268365613949
"698",-0.16862243754902,1.03223675755532,-0.234226759661423,-0.103201495661746
"699",-0.16862243754902,1.0257841661825,-0.223172760195983,-0.0492653498640291
"700",-0.16862243754902,1.00044546732922,-0.0195628744402617,-0.0225483268385903
"701",-0.16862243754902,1.06028836121931,-0.133684723510109,-0.326097843656082
"702",-0.16862243754902,1.09899571284309,-0.452052636580428,0.0586514331297871
"703",-0.16862243754902,1.02868413549194,-0.0297849173483438,-0.239382349623671
"704",-0.16862243754902,1.03107354678744,-0.185160970447599,-0.169788320881431
"705",-0.16862243754902,1.01426588874234,-0.125199261253726,0.114282273550245
"706",-0.16862243754902,1.00096819347033,-0.0173843185337833,-0.0404364910491647
"707",-0.16862243754902,1.04290940627067,-0.149153201100201,-0.255760341510161
"708",-0.16862243754902,1.09301931997526,-0.387416184637554,-0.211186963897058
"709",-0.16862243754902,1.02900071395415,-0.110346560041275,-0.216023392263901
"710",-0.16862243754902,1.0080730632256,-0.113521012718698,-0.0576565735399464
"711",-0.16862243754902,1.0420970382628,-0.216090084936921,-0.198169907776247
"712",-0.16862243754902,1.04536581959296,-0.109265684938858,-0.284342587151672
"713",-0.16862243754902,1.02884703703416,-0.178456768812887,0.163338321525712
"714",-0.16862243754902,1.00319993570869,-0.0600406721778633,-0.0529644096573516
"715",-0.16862243754902,1.10839186732618,0.0703982065009667,-0.472838898649708
"716",-0.16862243754902,1.03762002238101,-0.0660370521628345,-0.268876214246652
"717",-0.16862243754902,1.00738862147598,-0.0677754084977088,-0.101184626709038
"718",-0.16862243754902,1.02192719255425,-0.158642640347477,-0.138447461317993
"719",-0.16862243754902,1.01502098745441,-0.11567428071103,-0.129950243381496
"720",-0.16862243754902,1.03261046236041,-0.232466888315134,-0.110650408102497
"721",-0.16862243754902,1.00419911577687,-0.0917249449663764,-0.0015487407663196
"722",-0.16862243754902,1.06241197990069,-0.354584510086867,-0.0546721157718409
"723",-0.16862243754902,1.05754315125494,-0.0521709177693469,-0.340111323106624
"724",-0.16862243754902,1.0409473561952,-0.0329277260776262,-0.287205785500812
"725",-0.16862243754902,1.03223258660042,-0.252279019435316,0.0431208672517866
"726",-0.16862243754902,1.07502800586668,-0.357892732601546,-0.166126473954924
"727",-0.16862243754902,1.12309720030683,-0.151543762124943,-0.488243596474189
"728",-0.16862243754902,1.01214998399888,-0.15442923678448,0.0244785811496359
"729",-0.16862243754902,1.00529810765629,-0.0617533190212875,-0.0825276489861196
"730",-0.16862243754902,1.06270767603599,-0.341898463106315,-0.111593214987949
"731",-0.16862243754902,1.12963092957261,-0.48111684633416,-0.211169640859074
"732",-0.16862243754902,1.04408217681233,-0.125140987385711,-0.272850371473658
"733",-0.16862243754902,1.01513643839607,-0.162058038047685,0.0651089921868774
"734",-0.16862243754902,1.03742455556385,-0.26483429622613,-0.0781825046239162
"735",-0.16862243754902,1.01026775706883,0.117873058307883,-0.0821394125741972
"736",-0.16862243754902,1.01188361965816,-0.0461850239144757,-0.147564912152328
"737",-0.16862243754902,1.00306644925219,-0.0345275793051562,-0.0703572873463142
"738",-0.16862243754902,1.00968801802228,-0.0263359086034614,-0.137026689574653
"739",-0.16862243754902,1.00067167066352,-0.0365907954962205,0.0022149838524616
"740",-0.16862243754902,1.06159653422801,-0.355899085595201,-0.017973379131738
"741",-0.16862243754902,1.06426009599625,-0.222738307326568,-0.288161757315642
"742",-0.16862243754902,1.00613153481204,0.00923342301152041,0.110523342524176
"743",-0.16862243754902,1.05662682846548,-0.099506915402999,-0.326433191357746
"744",-0.16862243754902,1.03724756541858,-0.269177792935269,0.0585305711339248
"745",-0.16862243754902,1.04918698715008,-0.261060435340624,-0.180667603916205
"746",-0.16862243754902,1.06789399744785,-0.155859276004117,-0.340742536042407
"747",-0.16862243754902,1.1382128910127,-0.319175719239691,-0.440063001756915
"748",-0.16862243754902,1.01013513410675,-0.0450679123851672,-0.135432169110999
"749",-0.16862243754902,1.0466826460802,0.237101194259171,-0.198311838492602
"750",-0.16862243754902,1.00213352370886,0.0180290122153536,-0.0628216050390206
"751",-0.16862243754902,1.01390007778181,-0.167128940335541,-0.00782847547664967
"752",-0.16862243754902,1.00891350147725,0.128290061126582,-0.0380540888633135
"753",-0.16862243754902,1.04082053648289,-0.257380268616836,-0.130624601401362
"754",-0.16862243754902,1.02638759138098,-0.179153148393027,-0.146204094202999
"755",-0.16862243754902,1.05955283002195,-0.2775711301446,-0.213556707498911
"756",-0.16862243754902,1.02837494637425,-0.217241194013961,-0.101790441366759
"757",-0.16862243754902,1.03578325434677,-0.139769353678558,-0.230892784117363
"758",-0.16862243754902,1.00766706132812,0.122481506405512,-0.0197784497443115
"759",-0.16862243754902,1.0101517745686,-0.101933375947561,0.100080939903734
"760",-0.16862243754902,1.00619423597939,-0.0508685532855379,0.0991928969471991
"761",-0.16862243754902,1.00127285087903,-0.0498410712874284,-0.00794918362682596
"762",-0.16862243754902,1.02479034273547,0.220043558974847,-0.0421435489436287
"763",-0.16862243754902,1.00678849950973,-0.0730731851997753,-0.0910131438299872
"764",-0.16862243754902,1.01168332585452,0.152741347133252,-0.0131617889352852
"765",-0.16862243754902,1.06804336338762,-0.347151349447824,-0.142135733202051
"766",-0.16862243754902,1.00740578309868,-0.102200781403053,-0.0664936997111689
"767",-0.16862243754902,1.04223498301597,-0.225640018448641,-0.187990270750347
"768",-0.16862243754902,1.00909158390415,-0.104018321064968,-0.086290286759311
"769",-0.16862243754902,1.05096474180167,-0.304322448277136,-0.109154642525422
"770",-0.16862243754902,1.01143920315344,0.0372967582373937,-0.147031335097821
"771",-0.16862243754902,1.00124536557292,-0.0494907350067186,-0.00655356618479804
"772",-0.16862243754902,1.05245886720159,-0.297682427101465,-0.138039268855795
"773",-0.16862243754902,1.00466118439064,0.0611263333061929,-0.0748843561616991
"774",-0.16862243754902,1.03003516173138,0.105464975545497,-0.223270180132025
"775",-0.16862243754902,1.02352633470934,-0.21544355684314,0.0344997341774838
"776",-0.16862243754902,1.0439361843774,-0.203313060351771,-0.220151212903402
"777",-0.16862243754902,1.03813361413382,-0.161734774693957,-0.227075457611014
"778",-0.16862243754902,1.06658508332558,-0.286564506099901,-0.235551531127165
"779",-0.16862243754902,1.02929496433296,-0.17602690396757,-0.168708780686658
"780",-0.16862243754902,1.1428210890048,-0.337040920060504,-0.438683780961731
"781",-0.16862243754902,1.01089107281823,-0.0391537535758739,-0.142715607711702
"782",-0.16862243754902,1.07852581740116,-0.229807736045075,-0.332274499856192
"783",-0.16862243754902,1.01562529242219,0.166420509249882,-0.061635612341185
"784",-0.16862243754902,1.07624381132975,-0.253520086768566,-0.306640354536796
"785",-0.16862243754902,1.01105783631156,0.038781671942607,-0.143992813321866
"786",-0.16862243754902,1.02660354596403,-0.155033198443913,-0.172857015958761
"787",-0.16862243754902,1.03340479647968,-0.0498406536329938,-0.255815133705256
"788",-0.16862243754902,1.05330825082922,0.105365667799725,-0.313618155268511
"789",-0.16862243754902,1.01947245542317,-0.18625112959728,0.0680779266009973
"790",-0.16862243754902,1.04490048067542,-0.204444845603421,-0.223649993565665
"791",-0.16862243754902,1.04065008595831,-0.133577896795151,-0.255165724369141
"792",-0.16862243754902,1.05556782036914,-0.178599640157949,-0.286924366226207
"793",-0.16862243754902,1.02647866175295,-0.23063752003655,-0.0215586962852697
"794",-0.16862243754902,1.09673025099435,-0.449143837536931,-0.0329705421356973
"795",-0.16862243754902,1.06497717684361,-0.310535938250283,-0.194277683362778
"796",-0.16862243754902,1.03604222097831,-0.270556162291824,0.0135220817773991
"797",-0.16862243754902,1.08418120895742,-0.203862379368998,-0.365908491476208
"798",-0.16862243754902,1.04792367320203,-0.216601709084269,-0.226335424710759
"799",-0.16862243754902,1.0263440493582,-0.133817679879872,-0.188347912663143
"800",-0.16862243754902,1.08042725705003,-0.251996614946002,-0.322212296215401
"801",-0.16862243754902,1.04967392781793,-0.318526481974443,-0.0188741892993765
"802",-0.16862243754902,1.03411897037303,-0.0381070463953265,-0.260672012115608
"803",-0.16862243754902,1.00995859891793,-0.0925163023413585,0.107037868669657
"804",-0.16862243754902,1.05471476486314,-0.32777280460798,-0.0706273585781154
"805",-0.16862243754902,1.05081281055027,-0.321659822126715,-0.0272492503742563
"806",-0.16862243754902,1.00270331524498,-0.0700491964303204,0.0225177370697173
"807",-0.16862243754902,1.00087231015663,-0.0103497059337717,0.0404754842510049
"808",-0.16862243754902,1.04613576175523,-0.182957128352431,-0.246833387547619
"809",-0.16862243754902,1.01247460399155,-0.0761009077329462,-0.138972931069577
"810",-0.16862243754902,1.00729868509024,-0.0160213548204629,-0.119974818917343
"811",-0.16862243754902,1.0250457714062,-0.224779789142702,-0.0138881197682761
"812",-0.16862243754902,1.04139632466106,-0.271426114338436,-0.104087316579412
"813",-0.16862243754902,1.01175939208628,-0.116359788121624,-0.100585621154751
"814",-0.16862243754902,1.01829132072498,-0.0461312333405196,-0.18651842583055
"815",-0.16862243754902,1.04457764775398,-0.203405405100911,-0.223089003231818
"816",-0.16862243754902,1.04934250765487,-0.298613681803172,-0.109314076913104
"817",-0.16862243754902,1.00562780897792,-0.0627310139611546,0.0857444463341103
"818",-0.16862243754902,1.01103024365851,-0.0394701814641452,0.143611484106842
"819",-0.16862243754902,1.00882244355306,-0.0643541956244068,0.116538663635337
"820",-0.16862243754902,1.03320565701286,0.00437284804154064,-0.259797628710073
"821",-0.16862243754902,1.02455518823082,-0.202595445166944,-0.0931043464522137
"822",-0.16862243754902,1.00474219995354,-0.0974662969098322,0.00268502032650207
"823",-0.16862243754902,1.05884389278575,-0.169622406279643,-0.303938527629494
"824",-0.16862243754902,1.01413524329997,-0.071853742265405,-0.152667388218769
"825",-0.16862243754902,1.01568593266563,-0.147212386848788,-0.0997317751427692
"826",-0.16862243754902,1.00506663987755,-0.0999772452897935,0.0127867516994221
"827",-0.16862243754902,1.04561815972083,-0.304756748073703,-0.020991913717393
"828",-0.16862243754902,1.02215310301376,-0.206516113683353,0.0463471767184972
"829",-0.16862243754902,1.02424219333169,0.207760300639132,0.0768617465274214
"830",-0.16862243754902,1.01115754038271,-0.140513687578213,-0.0519179648674695
"831",-0.16862243754902,1.0282266677891,-0.226407791426547,-0.0773924565705617
"832",-0.16862243754902,1.01654363446527,-0.101386284471845,-0.151926897200107
"833",-0.16862243754902,1.01189050861386,0.00961227085768103,0.154369704514092
"834",-0.16862243754902,1.07450870007776,-0.236796166197724,-0.313841555911338
"835",-0.16862243754902,1.00820897987287,-0.111515202679908,-0.0636373056276126
"836",-0.16862243754902,1.03031464155348,-0.15867767915364,0.190708297506671
"837",-0.16862243754902,1.02574306432632,0.228026906241342,-0.0123516818105524
"838",-0.16862243754902,1.04118048384099,-0.223823528140148,-0.184281925815484
"839",-0.16862243754902,1.06513560914789,-0.050330998837006,-0.363291420805553
"840",-0.16862243754902,1.01232450668031,-0.101369614018795,0.120520156734067
"841",-0.16862243754902,1.03062953234954,-0.144272424165643,-0.20342738403764
"842",-0.16862243754902,1.00905460527797,-0.0442305491918471,-0.127416070222234
"843",-0.16862243754902,1.04276490744117,-0.0190551864602466,-0.294950084013819
"844",-0.16862243754902,1.01278182569873,0.066691664051279,-0.14587408409904
"845",-0.16862243754902,1.0484605563591,-0.231447162047526,-0.213779674948253
"846",-0.16862243754902,1.03474239187537,-0.130675625809045,-0.231550638874903
"847",-0.16862243754902,1.13018709317029,-0.104104703491857,-0.516221925415409
"848",-0.16862243754902,1.02414393370849,-0.208558504825388,-0.0733085739658236
"849",-0.16862243754902,1.13376633385629,-0.324455523756692,-0.424446360438742
"850",-0.16862243754902,1.00003680952586,-0.0054518146632538,-0.00662556590275102
"851",-0.16862243754902,1.00050504058391,-0.0133682051101566,0.0288379494058569
"852",-0.16862243754902,1.03794483439543,-0.265065366799735,-0.0840822845281595
"853",-0.16862243754902,1.00627275169993,0.0970365912325915,-0.0562916581360006
"854",-0.16862243754902,1.09675074270678,-0.379077976275898,-0.243232562644136
"855",-0.16862243754902,1.0561360324543,-0.327890876326748,0.0889431968730298
"856",-0.16862243754902,1.00277139995289,-0.0303307585999356,-0.0680479657758497
"857",-0.16862243754902,1.05128461193113,-0.209631291799993,-0.247495569215821
"858",-0.16862243754902,1.02501388183297,-0.170130546479331,-0.147339930449758
"859",-0.16862243754902,1.004468795892,0.005067407357811,-0.0945086414218214
"860",-0.16862243754902,1.03544712619391,-0.0153270391062464,-0.268171275522678
"861",-0.16862243754902,1.00047995154192,-0.0307555824090812,-0.003771947507751
"862",-0.16862243754902,1.00103874054246,0.0170973619716949,0.0422639359316998
"863",-0.16862243754902,1.04343181526469,-0.117358990148756,-0.273818955767896
"864",-0.16862243754902,1.05238430732412,-0.134246159403238,-0.299149960701247
"865",-0.16862243754902,1.06314349296632,-0.100786422242422,-0.346577817709399
"866",-0.16862243754902,1.05359950646658,-0.149207112397217,-0.296326100161129
"867",-0.16862243754902,1.00121909344854,0.0448098627367106,-0.0207785776087268
"868",-0.16862243754902,1.00036858568976,-0.0259558069615259,0.00797516895735199
"869",-0.16862243754902,1.07316808453047,-0.244998392520111,-0.302763150527552
"870",-0.16862243754902,1.03042772909547,0.2051707991451,0.140307690690865
"871",-0.16862243754902,1.02597469219269,-0.154610913631701,-0.169468387629856
"872",-0.16862243754902,1.00120306095774,0.00874050348710613,0.048282221054268
"873",-0.16862243754902,1.00112172982994,-0.039123543820399,-0.0267220181987933
"874",-0.16862243754902,1.04873363941476,-0.0851608999557239,-0.304285832004824
"875",-0.16862243754902,1.01751950026417,0.151033897162287,-0.111958453570104
"876",-0.16862243754902,1.02043497247885,-0.202750765026958,-0.0134037434654627
"877",-0.16862243754902,1.03828790217882,-0.278691041363775,-0.019315053054007
"878",-0.16862243754902,1.00425892482243,-8.59254338454514e-05,0.0923903712641152
"879",-0.16862243754902,1.00118434488067,-0.0151817237613621,-0.0462558936544307
"880",-0.16862243754902,1.00045293903173,0.0289088603136395,0.00838814714841574
"881",-0.16862243754902,1.01889546010998,0.135177069364185,-0.140979142254549
"882",-0.16862243754902,1.02845190066569,-0.225374149194003,-0.0831853644456574
"883",-0.16862243754902,1.00109745060269,-0.0428700443324575,-0.0189278868906845
"884",-0.16862243754902,1.03437180294618,0.0373257392162615,-0.261785820704823
"885",-0.16862243754902,1.01061849218479,-0.0904691302926534,0.114739152907601
"886",-0.16862243754902,1.00586172002443,-0.0889285647035331,-0.0620444211051774
"887",-0.16862243754902,1.04487622172773,-0.220299816267839,-0.207928616800037
"888",-0.16862243754902,1.01750173526559,-0.00592727519384899,0.18781546442524
"889",-0.16862243754902,1.07012273044845,-0.378203163194726,0.0460979996523956
"890",-0.16862243754902,1.09046137767681,-0.199509295577834,-0.38639624374835
"891",-0.16862243754902,1.011564144093,-0.152212135802597,0.00966867772794887
"892",-0.16862243754902,1.03016709623736,-0.247377168186458,-0.00698447064246525
"893",-0.16862243754902,1.02908253201863,-0.233725817264461,-0.0662049850836834
"894",-0.16862243754902,1.00302015119864,-0.0774606650743845,-0.00701919345567861
"895",-0.16862243754902,1.00709955307662,-0.118070643950316,0.0175736406097227
"896",-0.16862243754902,1.01001485816259,0.141473672274713,-0.0107337673863136
"897",-0.16862243754902,1.03098543588997,-0.162269011262485,-0.191310577337304
"898",-0.16862243754902,1.05741298810874,-0.267343869410078,-0.215984913616455
"899",-0.16862243754902,1.09052518051054,-0.321175370978925,-0.293413616596246
"900",-0.16862243754902,1.07074292490253,-0.356918365710069,-0.138201633303209
"901",-0.16862243754902,1.05516995961005,-0.245978804773159,-0.22995232389744
"902",-0.16862243754902,1.06604658757563,-0.271771931414654,-0.25019061568492
"903",-0.16862243754902,1.05468093770348,-0.245720782239238,-0.227976265279572
"904",-0.16862243754902,1.05933450754623,-0.347166573521308,-0.040804032983142
"905",-0.16862243754902,1.04613875031786,0.0781300502545518,-0.297156491034315
"906",-0.16862243754902,1.00070528695204,0.0335494168161574,0.0168969809453224
"907",-0.16862243754902,1.00601257862682,-0.0485763222114453,-0.0984969505913895
"908",-0.16862243754902,1.02532193679037,-0.142893621026184,-0.175688608434277
"909",-0.16862243754902,1.02557006854827,-0.199626702387508,-0.109284697904071
"910",-0.16862243754902,1.0407026107907,-0.288179511436779,-0.00380700599340138
"911",-0.16862243754902,1.00910638476502,0.0211907316642777,-0.13359134951433
"912",-0.16862243754902,1.01926354072516,-0.0474292906781928,-0.191438313399799
"913",-0.16862243754902,1.07946681884253,-0.336775114419386,-0.227664523564447
"914",-0.16862243754902,1.01684551932031,-0.178853362670342,-0.044567755421432
"915",-0.16862243754902,1.13945245671777,-0.17247623171606,-0.518270055678692
"916",-0.16862243754902,1.00285275854487,0.0603994254556271,-0.0454484843056172
"917",-0.16862243754902,1.00243939218131,-0.0426656645999137,0.0553568068180292
"918",-0.16862243754902,1.01940509079605,-0.0538423597410515,-0.190493410485537
"919",-0.16862243754902,1.01978049213859,-0.126312079909456,-0.154911299185618
"920",-0.16862243754902,1.01367135428326,0.048393477185166,-0.1587062880304
"921",-0.16862243754902,1.01564901541755,-0.176705349459736,-0.0178365352840991
"922",-0.16862243754902,1.03560777871353,-0.267438988630887,-0.0309815863388047
"923",-0.16862243754902,1.00419440589647,0.07424219580765,-0.0538005687276601
"924",-0.16862243754902,1.00339287413371,-0.0103264658333491,-0.0817962344225496
"925",-0.16862243754902,1.00635204190869,0.0419731363548868,-0.104798320970956
"926",-0.16862243754902,1.01703939872155,-0.179100501332758,0.0478763926611557
"927",-0.16862243754902,1.00897475628696,-0.108554406575089,0.0790316369402376
"928",-0.16862243754902,1.05226190987,0.0881651658818484,-0.315407721034668
"929",-0.16862243754902,1.01810531163248,-0.148896894407583,-0.11986717820172
"930",-0.16862243754902,1.02154717155014,-0.156385674043867,-0.138210508485906
"931",-0.16862243754902,1.06588943876452,-0.227012762397212,-0.290835866733345
"932",-0.16862243754902,1.11397307628518,-0.255868927547182,-0.418887940389941
"933",-0.16862243754902,1.00812197768193,-0.0449335162099923,-0.119544556573413
"934",-0.16862243754902,1.0115769113975,-0.129092938765034,0.0813809611242255
"935",-0.16862243754902,1.00938353506738,-0.0349355960552435,-0.132795425348084
"936",-0.16862243754902,1.01470535089009,-0.167463397843923,-0.0397864236586122
"937",-0.16862243754902,1.00938058516654,-0.119090233966259,-0.0683131164931498
"938",-0.16862243754902,1.02862214778055,0.0463417489674728,-0.236465568756431
"939",-0.16862243754902,1.02920239803059,-0.228225862099474,-0.084678993740285
"940",-0.16862243754902,1.00604617910151,-0.108411371916381,0.0193878550631879
"941",-0.16862243754902,1.00294040320224,-0.0449186405053546,-0.0622235334148249
"942",-0.16862243754902,1.00051007326223,-0.0287777441942667,0.0138653574884836
"943",-0.16862243754902,1.01649014399778,-0.121071505454859,-0.136359463960261
"944",-0.16862243754902,1.02228587307806,0.020655690069908,-0.211285940759691
"945",-0.16862243754902,1.01395869181516,-0.14330748933035,-0.0870355801344535
"946",-0.16862243754902,1.00611267366931,-0.0150326150435345,-0.109712044019648
"947",-0.16862243754902,1.00843534704438,-0.114656627004678,-0.0616093097869745
"948",-0.16862243754902,1.00483696312098,-0.0974088576582187,-0.0144511903980351
"949",-0.16862243754902,1.05571159640305,-0.329524480293598,0.0770752338115686
"950",-0.16862243754902,1.00202606851324,0.0305315365992667,0.0558933560719424
"951",-0.16862243754902,1.01422782490808,0.00914179527418039,-0.169039960946936
"952",-0.16862243754902,1.1210463062206,-0.397409070628043,-0.31434193368594
"953",-0.16862243754902,1.00414894551514,0.090431171394548,-0.0117178504590356
"954",-0.16862243754902,1.03150620377603,-0.200730118321725,-0.15398853212815
"955",-0.16862243754902,1.0107418402988,-0.1411840101447,-0.0408184150853043
"956",-0.16862243754902,1.01845083510638,-0.0453946759399495,-0.187567126451299
"957",-0.16862243754902,1.0359651031506,-0.191158079513294,-0.191526195552014
"958",-0.16862243754902,1.01938405141068,0.102881091188535,0.16899504533065
"959",-0.16862243754902,1.02005999076246,-0.124527210115898,0.158162444009481
"960",-0.16862243754902,1.03646977472989,-0.25431763897793,0.0979394324739639
"961",-0.16862243754902,1.02792354725579,-0.134669676665609,0.196190971223731
"962",-0.16862243754902,1.01606335542282,-0.154039111647171,-0.0930413580943065
"963",-0.16862243754902,1.03646549266882,-0.266713264719422,-0.0558994804620804
"964",-0.16862243754902,1.04507821126933,-0.0201003969065548,-0.302959472065331
"965",-0.16862243754902,1.00214752136291,-0.00860594774364661,-0.0650045555115916
"966",-0.16862243754902,1.0209552535098,-0.135421522217596,-0.154953673688379
"967",-0.16862243754902,1.05122237135345,-0.324039650301147,0.00817184597737326
"968",-0.16862243754902,1.0383946028424,-0.134870656156327,-0.245098464540645
"969",-0.16862243754902,1.0128799187024,-0.160720453409632,0.00972962313675811
"970",-0.16862243754902,1.09290927009999,0.11441496451586,-0.42586369716768
"971",-0.16862243754902,1.04477898648034,-0.163394987359967,-0.254686490997311
"972",-0.16862243754902,1.07156434706964,0.0950128026848858,-0.37312560517439
"973",-0.16862243754902,1.00697712055721,0.0230994178593963,0.116057478088455
"974",-0.16862243754902,1.00146223179064,0.0527594387392994,-0.0119600721988319
"975",-0.16862243754902,1.02422626143441,0.0960881245998028,-0.199515680894508
"976",-0.16862243754902,1.06050871840041,-0.33194894950147,-0.120368753121994
"977",-0.16862243754902,1.10015902757119,-0.107709500957398,-0.445812235531847
"978",-0.16862243754902,1.03317903713907,-0.0870959707463806,-0.244690037932409
"979",-0.16862243754902,1.00067976299401,0.0142286114933071,-0.0340225613487028
"980",-0.16862243754902,1.00766484992894,0.124020764688895,0.0027017972356899
"981",-0.16862243754902,1.01826313415842,-0.18002272327913,-0.066720532741415
"982",-0.16862243754902,1.00056055545093,0.0325179939080776,0.0080003247720501
"983",-0.16862243754902,1.03641992758374,-0.264948820085596,-0.0629951508286652
"984",-0.16862243754902,1.01502488245998,0.0197312650568339,-0.17287622506334
"985",-0.16862243754902,1.01981668927788,-0.145832543901197,0.136963312127708
"986",-0.16862243754902,1.02898661944845,-0.126385150723248,-0.206978879793608
"987",-0.16862243754902,1.03914441334049,0.00881966291658896,-0.282388606928091
"988",-0.16862243754902,1.02729902726383,-0.235111266597702,0.00812303736499471
"989",-0.16862243754902,1.00180839769826,-0.0540517912676084,-0.0264285746779468
"990",-0.16862243754902,1.03086197922478,-0.233272831607952,-0.0908856767859777
"991",-0.16862243754902,1.01142859953912,0.0887169363776405,0.12295168630573
"992",-0.16862243754902,1.05085440968201,0.00916170081234937,-0.322817368780479
"993",-0.16862243754902,1.02659126714993,-0.0492462255261371,-0.226857750716007
"994",-0.16862243754902,1.03038722875463,-0.0737908410445103,-0.237176628187897
"995",-0.16862243754902,1.00119698262441,0.0342161782809508,-0.0349950162174677
"996",-0.16862243754902,1.0023705800463,0.0145283055342303,0.0673476657402688
"997",-0.16862243754902,1.11123910973021,-0.32829759661109,-0.356473066378613
"998",-0.16862243754902,1.00683423342689,-0.0801919147362982,-0.0853488746923044
"999",-0.16862243754902,1.0390659268442,-0.122808904961997,-0.254118030038453
"1000",-0.16862243754902,1.01275145882505,-0.0897665584936802,-0.132693188704097
