"","t","","",""
"1",-0.16862243754902,1.01883441290718,-0.149399407828564,-0.125313119282839
"2",-0.16862243754902,1.01473798825183,-0.0815072271060674,-0.151821463340495
"3",-0.16862243754902,1.09682049148896,-0.103281567633265,-0.438575088596352
"4",-0.16862243754902,1.02895683303832,-0.0928830842605749,-0.223885901553644
"5",-0.16862243754902,1.02657850163144,-0.192604639681392,-0.129486959903543
"6",-0.16862243754902,1.07612404940208,-0.378076720860338,0.12288597497287
"7",-0.16862243754902,1.01746470326658,0.0316944910777614,-0.185013193120564
"8",-0.16862243754902,1.00698700888956,0.105967783229811,-0.0528551321037678
"9",-0.16862243754902,1.00793174840006,-0.0493396254467114,-0.11615511522782
"10",-0.16862243754902,1.01394426683884,-0.119427828253513,-0.117558368881187
"11",-0.16862243754902,1.06346883866353,-0.340119655407656,-0.123630865133836
"12",-0.16862243754902,1.01790118134561,-0.16530680685357,-0.0937895228299157
"13",-0.16862243754902,1.01115201282447,-0.0267093440314455,-0.14736011665435
"14",-0.16862243754902,1.07584995043608,-0.207270482773798,-0.338366757859027
"15",-0.16862243754902,1.04069617304512,-0.286529506243405,0.0308117938892207
"16",-0.16862243754902,1.01438160779436,-0.149284805090154,-0.0817563037365817
"17",-0.16862243754902,1.01575411998126,0.140459049064727,-0.109670815601698
"18",-0.16862243754902,1.05665255620467,-0.186293110440036,-0.28602360311071
"19",-0.16862243754902,1.0111443216721,0.0519564459582728,-0.140404298271498
"20",-0.16862243754902,1.02067928005148,-0.110986917786961,-0.171662741462904
"21",-0.16862243754902,1.02641949013351,-0.218943422526648,-0.0748381417343749
"22",-0.16862243754902,1.00157183613114,-0.0552458067749252,0.00969761645428473
"23",-0.16862243754902,1.00411569849201,0.0899408141484004,-0.0126089614334335
"24",-0.16862243754902,1.00154130576985,0.0144883251305471,-0.0536197314250118
"25",-0.16862243754902,1.03037647136981,-0.247279709906945,-0.0229873404472941
"26",-0.16862243754902,1.07565390106658,-0.396220720388588,0.00636047282084131
"27",-0.16862243754902,1.02637003405659,-0.126209058857529,-0.19366651819978
"28",-0.16862243754902,1.02854314648079,-0.0344000412121637,-0.238154658441103
"29",-0.16862243754902,1.00440254768301,-0.0920991138333627,-0.0184994871071738
"30",-0.16862243754902,1.04145893722164,-0.270560000692605,-0.106929902010837
"31",-0.16862243754902,1.07048546187827,-0.330977014617294,-0.190770385248242
"32",-0.16862243754902,1.0692873045425,-0.235933962649161,-0.296159593672772
"33",-0.16862243754902,1.00246272375673,0.0699213205299189,0.0065208478828236
"34",-0.16862243754902,1.01169126313074,-0.144132882645321,0.0523920226314917
"35",-0.16862243754902,1.00585158961945,-0.0077352522509383,-0.108062880826825
"36",-0.16862243754902,1.01252563160739,-0.152598191057766,-0.0438400130913141
"37",-0.16862243754902,1.04024499757234,-0.26098676255554,-0.118302851804412
"38",-0.16862243754902,1.0232069902764,-0.0820424577744647,-0.200553185147529
"39",-0.16862243754902,1.04177753291591,-0.24671975974502,-0.156300314266216
"40",-0.16862243754902,1.01718142268206,-0.169825692960163,-0.076271099769854
"41",-0.16862243754902,1.06099170566216,-0.278750619628572,-0.219092426935722
"42",-0.16862243754902,1.00113952161648,-0.0411454250239372,0.0242362485146944
"43",-0.16862243754902,1.04322780159044,-0.292093330704582,-0.0548245580841686
"44",-0.16862243754902,1.09325621796191,-0.410678762244632,-0.162948189169448
"45",-0.16862243754902,1.00475659173409,-0.0624114883760496,-0.0751040262023196
"46",-0.16862243754902,1.03398838590874,-0.199136036501597,-0.1716881509033
"47",-0.16862243754902,1.00327018591574,-0.0747491646648164,-0.0310423634620742
"48",-0.16862243754902,1.04856586355859,-0.208106796705852,0.237027279833357
"49",-0.16862243754902,1.0265589514647,0.00243842054096435,-0.23198563519659
"50",-0.16862243754902,1.0107073635907,-0.118210760701738,-0.0869229018773336
"51",-0.16862243754902,1.12789243522,-0.51718251039603,0.0682905291161178
"52",-0.16862243754902,1.00159097642088,0.040126839516325,-0.0396777116045266
"53",-0.16862243754902,1.02646052632563,-0.1388665290636,-0.185303262816691
"54",-0.16862243754902,1.02942726462575,-0.241354421731069,0.0383214856929936
"55",-0.16862243754902,1.0372089742805,-0.163072582459026,-0.221832795542366
"56",-0.16862243754902,1.04739185702807,-0.151974786501084,-0.271906907666319
"57",-0.16862243754902,1.01898645661357,-0.0904338975970785,-0.173652264388581
"58",-0.16862243754902,1.03078850933473,-0.197638215357853,-0.153179916459964
"59",-0.16862243754902,1.01572988253518,-0.0425750612877836,-0.172900429239675
"60",-0.16862243754902,1.04144050547237,-0.0509035897392528,-0.286368907163841
"61",-0.16862243754902,1.02900340382466,-0.222005723323037,-0.0977827382238562
"62",-0.16862243754902,1.05955119983983,-0.241388924591176,-0.253732402674036
"63",-0.16862243754902,1.02622961484607,-0.0117892155646804,-0.230235177120023
"64",-0.16862243754902,1.02697450628143,-0.187964424505274,-0.139089940946101
"65",-0.16862243754902,1.00767228593691,-0.123698870622313,0.0101007550255602
"66",-0.16862243754902,1.00917178110944,-0.0358490152193883,-0.130929492076449
"67",-0.16862243754902,1.02794214470851,-0.199299564190656,0.130171950055857
"68",-0.16862243754902,1.04403398328157,-0.2515834708618,-0.163440250354415
"69",-0.16862243754902,1.00007245853279,0.00595473038229906,0.0104624806761691
"70",-0.16862243754902,1.02590798034902,-0.0123833619598652,-0.228765898879994
"71",-0.16862243754902,1.00482071363655,0.0466266574794375,0.0865483758678397
"72",-0.16862243754902,1.04358173093007,-0.114274784084424,-0.275688416248237
"73",-0.16862243754902,1.02398332464607,-0.210976752053127,0.0634874731448986
"74",-0.16862243754902,1.03999033655501,-0.0284888841958729,-0.284197613651267
"75",-0.16862243754902,1.09769200883368,-0.382872263749681,-0.241529658444902
"76",-0.16862243754902,1.12365196247801,-0.282197827932304,-0.427736038569308
"77",-0.16862243754902,1.00293112158439,-0.0561987170978656,0.0520820395058097
"78",-0.16862243754902,1.02713013542989,0.0523521203947292,-0.228594773777528
"79",-0.16862243754902,1.04673650881501,-0.293411043964518,0.097812464266514
"80",-0.16862243754902,1.03701747814801,-0.131051471461783,0.241310509120843
"81",-0.16862243754902,1.02073710155184,-0.12897926826739,-0.15896093495465
"82",-0.16862243754902,1.02005287851958,-0.190452950608228,-0.0650810923441637
"83",-0.16862243754902,1.00981182763787,-0.139050168512488,0.0196208530392698
"84",-0.16862243754902,1.00214042770289,-0.0654517942441144,-0.00122452715575379
"85",-0.16862243754902,1.0464305120665,-0.289291236831782,-0.106430244179396
"86",-0.16862243754902,1.02596650253744,-0.228854149666457,-0.0152657298991004
"87",-0.16862243754902,1.05284377466791,-0.14710039616384,-0.294688797387025
"88",-0.16862243754902,1.06396544191575,0.0188883991624557,-0.362857671777881
"89",-0.16862243754902,1.02773897230719,0.214184172147729,0.101845645957115
"90",-0.16862243754902,1.01184985307262,-0.150846051726821,0.0329483511196841
"91",-0.16862243754902,1.00863701499395,-0.117081868607328,-0.0603362582475982
"92",-0.16862243754902,1.00190084930766,-4.56803422207764e-05,-0.0616871928094372
"93",-0.16862243754902,1.03541404716045,-0.257211415442739,-0.0769710128757318
"94",-0.16862243754902,1.01117995760302,0.0657205147868273,-0.134780267822092
"95",-0.16862243754902,1.08848155369028,-0.339657913195454,0.263485473466219
"96",-0.16862243754902,1.05037987623116,-0.310051902314826,-0.0846504711288591
"97",-0.16862243754902,1.00631571960731,-0.0418694589569989,-0.104490554288083
"98",-0.16862243754902,1.04265286630296,0.002784528439965,-0.295156307761075
"99",-0.16862243754902,1.03570097691921,-0.0326135916045957,-0.267605805680769
"100",-0.16862243754902,1.0174167223245,-0.129030106504176,-0.135970653014009
"101",-0.16862243754902,1.01262686263624,0.159288528615556,0.00635040030217987
"102",-0.16862243754902,1.00965872760304,-0.138936782968258,-0.0103593708026726
"103",-0.16862243754902,1.05848104269614,0.224428696552042,-0.264601356593397
"104",-0.16862243754902,1.02731632309916,-0.142345382479179,-0.187394289648429
"105",-0.16862243754902,1.04623419503713,-0.303787359104863,0.0481583981574105
"106",-0.16862243754902,1.05488224048695,-0.332334131549695,-0.0482759391609246
"107",-0.16862243754902,1.00424664253274,-0.0380751833474227,-0.0840333234576322
"108",-0.16862243754902,1.06517526384333,-0.150593041250292,-0.33454458392072
"109",-0.16862243754902,1.04113954676774,-0.267060638210599,-0.112472980587704
"110",-0.16862243754902,1.05442414434205,-0.315489372446846,-0.110800415362799
"111",-0.16862243754902,1.03223284583805,-0.0015901298169905,-0.255933818621318
"112",-0.16862243754902,1.00744892008239,-0.106633944372577,-0.0598542269411095
"113",-0.16862243754902,1.03859482952089,-0.104328216972701,-0.260374428565543
"114",-0.16862243754902,1.00586617883977,-0.0624684909429277,-0.0886817758788677
"115",-0.16862243754902,1.02674691801179,-0.186217015792785,-0.139758565662121
"116",-0.16862243754902,1.01656276181621,-0.112900343440883,-0.143712773135645
"117",-0.16862243754902,1.1380040105044,-0.248218886733135,-0.483156819462447
"118",-0.16862243754902,1.00713264562138,0.0856218596074487,-0.0835766895353108
"119",-0.16862243754902,1.0296203047068,0.147874624895544,-0.195578800427161
"120",-0.16862243754902,1.10831851949918,-0.432500606454919,-0.203256404772345
"121",-0.16862243754902,1.02807510655626,-0.106810747669309,-0.213377339244309
"122",-0.16862243754902,1.02177182939284,-0.0546094440011816,-0.202572159900317
"123",-0.16862243754902,1.04127913663274,-0.0104227256509982,-0.29009241144268
"124",-0.16862243754902,1.00570567712088,-0.0700921461278542,-0.0808146029153611
"125",-0.16862243754902,1.05219705501599,-0.0715249306241231,-0.319378814080604
"126",-0.16862243754902,1.05522790383379,-0.251613373218214,-0.224046065457973
"127",-0.16862243754902,1.03837024068568,-0.0308201908242216,-0.277961998444376
"128",-0.16862243754902,1.0148877831168,-0.137633924691374,-0.105138551891208
"129",-0.16862243754902,1.04754767511302,-0.311646796964422,0.0152448540996614
"130",-0.16862243754902,1.00138882937606,-0.0506955696962437,0.0144757318406877
"131",-0.16862243754902,1.03095768763227,-0.0885884846127407,-0.234575859973029
"132",-0.16862243754902,1.00367179019773,0.0292493764910128,-0.0806321053526767
"133",-0.16862243754902,1.01015346590005,-0.0344567698484289,-0.138646152782908
"134",-0.16862243754902,1.05507436499958,-0.146311009059318,-0.302943896303103
"135",-0.16862243754902,1.01883759457302,-0.183552235947192,-0.0658682077646113
"136",-0.16862243754902,1.00984940315123,-0.099313704012124,-0.099662456523427
"137",-0.16862243754902,1.09514669714476,-0.233805416177394,-0.380369972044572
"138",-0.16862243754902,1.04034951238023,0.0745428139130428,-0.277074857761763
"139",-0.16862243754902,1.05135181811188,-0.281242022145991,-0.161998674150117
"140",-0.16862243754902,1.01645028558615,-0.100431827665781,-0.151936273022227
"141",-0.16862243754902,1.04514313263088,-0.0713101387881341,-0.295362542973061
"142",-0.16862243754902,1.01350936109703,-0.163464530824374,-0.0219219568851293
"143",-0.16862243754902,1.02868928184408,-0.151945304673469,-0.187388001132902
"144",-0.16862243754902,1.04222759928545,-0.268657977582193,-0.118580182972374
"145",-0.16862243754902,1.03420887789703,-0.252371919008861,-0.0767881346095482
"146",-0.16862243754902,1.01508880919545,-0.0382766281751709,-0.170118165665446
"147",-0.16862243754902,1.00067565169548,-0.022405108450082,0.0291508320896643
"148",-0.16862243754902,1.09612644456593,-0.339689315883257,-0.293435429271092
"149",-0.16862243754902,1.02012926433534,0.0281314778094227,-0.199680584708724
"150",-0.16862243754902,1.04479614289576,-0.254214245265901,-0.164237930191998
"151",-0.16862243754902,1.06004199530223,-0.131265983702915,-0.326279440551851
"152",-0.16862243754902,1.01977012147562,-0.195862312415479,-0.0396113017920395
"153",-0.16862243754902,1.02771674151536,-0.164956893148524,-0.170267214089338
"154",-0.16862243754902,1.02945504908246,-0.224802521146555,0.0961328485353432
"155",-0.16862243754902,1.05498636174832,-0.336144575821146,-0.00174574367672108
"156",-0.16862243754902,1.08215664629146,-0.28050605639533,-0.30393972994382
"157",-0.16862243754902,1.01809454417827,-0.107943148916086,0.157685692082801
"158",-0.16862243754902,1.03175729536672,0.0310549093791313,-0.252108526523605
"159",-0.16862243754902,1.02125799107775,-0.205960624476774,0.0234116531944291
"160",-0.16862243754902,1.04666641662192,-0.109826282270033,-0.288875016931056
"161",-0.16862243754902,1.03964989364897,-0.283955606360935,0.0155278775273787
"162",-0.16862243754902,1.03763023447965,-0.169203628188918,-0.219195428132057
"163",-0.16862243754902,1.01873159406789,-0.136482013250961,0.138516139171828
"164",-0.16862243754902,1.01481471674162,0.117383804546705,0.126767313395525
"165",-0.16862243754902,1.00104718023291,-0.0266554521395264,-0.0372148347235353
"166",-0.16862243754902,1.03456971391611,-0.257444210079429,0.0636943612029356
"167",-0.16862243754902,1.05273448576326,-0.299247720975464,-0.136750499107803
"168",-0.16862243754902,1.02719528916849,-0.213994097808263,-0.0966265397971034
"169",-0.16862243754902,1.02575539292303,0.0508130189170246,-0.222692979725918
"170",-0.16862243754902,1.01192389705949,-0.143105093045417,-0.0592528968450396
"171",-0.16862243754902,1.02584708466031,-0.156650151178818,-0.166802191957165
"172",-0.16862243754902,1.00830284542864,-0.123910289282788,0.0363437519987202
"173",-0.16862243754902,1.00873932642759,0.0451049625737031,0.124581583842895
"174",-0.16862243754902,1.09240742347847,-0.233090487248559,-0.372857618435098
"175",-0.16862243754902,1.03265547279262,-0.256995469477934,-0.0181838982719736
"176",-0.16862243754902,1.00518774902512,0.0191478252728723,0.10017869822229
"177",-0.16862243754902,1.08048546716918,-0.29243401831826,-0.28623624804352
"178",-0.16862243754902,1.02247954353292,-0.0600521126606978,0.204592670221271
"179",-0.16862243754902,1.12431932943875,-0.133209878359833,-0.496335655435881
"180",-0.16862243754902,1.03150650839042,-0.0250422089008013,-0.251750997267457
"181",-0.16862243754902,1.00513526506229,-0.101460134712228,-0.00165593961480295
"182",-0.16862243754902,1.00635501215318,-0.0921594317837669,-0.0652460697599672
"183",-0.16862243754902,1.02453355889307,-0.152991230761317,-0.162057695307065
"184",-0.16862243754902,1.10214616445944,-0.280373800063329,-0.3689399681123
"185",-0.16862243754902,1.04726313479527,-0.0913598713198377,-0.297343988359688
"186",-0.16862243754902,1.08056527034671,-0.181443142330805,-0.367014563172329
"187",-0.16862243754902,1.02606304485011,-0.0864579882706814,-0.212909342846372
"188",-0.16862243754902,1.01348515616762,-0.105330118896522,-0.126719090216691
"189",-0.16862243754902,1.02237227601928,0.0972493887568713,-0.189176180211097
"190",-0.16862243754902,1.00330450992881,-0.00117045882624876,-0.081354592185191
"191",-0.16862243754902,1.11663795427158,-0.320903328189405,-0.379343346952041
"192",-0.16862243754902,1.03360969019603,-0.11242795502837,-0.236027427633488
"193",-0.16862243754902,1.07025602338071,-0.252818346785551,-0.28553605571154
"194",-0.16862243754902,1.06676827161394,0.0280060363295254,-0.370418961786925
"195",-0.16862243754902,1.00211877795282,0.0334470246003648,-0.0558868649240738
"196",-0.16862243754902,1.04502963884188,-0.108076973840894,-0.28356007085515
"197",-0.16862243754902,1.02576505063863,-0.196562684956558,-0.116434745648977
"198",-0.16862243754902,1.0687411689366,-0.325444410675031,-0.190508849506659
"199",-0.16862243754902,1.03194673417541,-0.089296574150501,-0.238621424059697
"200",-0.16862243754902,1.0163915270594,-0.156433586903404,0.09262974234383
"201",-0.16862243754902,1.02685103674534,-0.212229103287255,-0.096859998879163
"202",-0.16862243754902,1.07618970146985,-0.322980859195976,-0.232094028666842
"203",-0.16862243754902,1.05013388936114,-0.131926204945574,-0.292192850756838
"204",-0.16862243754902,1.04114045092446,-0.182976982322329,-0.224706169233077
"205",-0.16862243754902,1.03502392114219,-0.0927174258824783,-0.250355739447439
"206",-0.16862243754902,1.06472920093789,-0.336114085483422,-0.143790100039867
"207",-0.16862243754902,1.07325425971841,-0.345979633002385,-0.179367777349334
"208",-0.16862243754902,1.00118720919762,-0.0113439238315487,-0.0474040425809887
"209",-0.16862243754902,1.0139415176397,0.0173744351696943,-0.166659923785044
"210",-0.16862243754902,1.05396181829427,-0.134839062541387,-0.30439109979616
"211",-0.16862243754902,1.02209270551611,-0.203072620390131,0.0586089542401482
"212",-0.16862243754902,1.0149329973339,-0.161136116962357,0.0642194743631332
"213",-0.16862243754902,1.05251722707591,-0.284828383864422,-0.163295147009161
"214",-0.16862243754902,1.01849200040348,-0.0127577018472786,-0.192777581501211
"215",-0.16862243754902,1.10527864890721,-0.102450182473222,-0.459505007417052
"216",-0.16862243754902,1.05982679343678,-0.348275244633368,-0.0440134759141683
"217",-0.16862243754902,1.03590114931361,-0.257748521989621,0.0815897699557425
"218",-0.16862243754902,1.04242058102126,-0.218428713350644,-0.197305765046739
"219",-0.16862243754902,1.00049881942786,-0.0231081706850595,0.0215383407933029
"220",-0.16862243754902,1.0201906918634,-0.0200780384486416,-0.200962484401388
"221",-0.16862243754902,1.01066176813495,0.0588555828207351,-0.134064275407332
"222",-0.16862243754902,1.09808807670711,-0.10377082742147,-0.44162092294477
"223",-0.16862243754902,1.0421779078079,-0.273113043284193,0.107443273921135
"224",-0.16862243754902,1.06698068954569,-0.148555999382793,-0.341143528314358
"225",-0.16862243754902,1.0637155017348,-0.210595274336876,-0.295195357446385
"226",-0.16862243754902,1.00065509747419,0.0344802963067604,-0.0110332800057238
"227",-0.16862243754902,1.02168685193765,-0.136696083594722,-0.158613379486478
"228",-0.16862243754902,1.0276693440026,0.066395496991445,-0.227367364812978
"229",-0.16862243754902,1.00486965789674,-0.0845140567779116,-0.0511898775975196
"230",-0.16862243754902,1.02230411698884,-0.0776210552033559,-0.19768833906291
"231",-0.16862243754902,1.05825242273415,-0.322325405614509,-0.126508984337648
"232",-0.16862243754902,1.02610563648448,-0.0670679440657178,-0.219987881720818
"233",-0.16862243754902,1.07376010248415,-0.357452689360919,-0.158708325413066
"234",-0.16862243754902,1.10364780334791,-0.05278623074301,-0.463952678275077
"235",-0.16862243754902,1.01957653850257,-0.169437934542514,-0.104053371895584
"236",-0.16862243754902,1.00225287304167,-0.060774963229388,-0.0285871538411695
"237",-0.16862243754902,1.08234743141921,-0.336392834434744,-0.241486693713591
"238",-0.16862243754902,1.01999291334711,-0.0982390675504654,-0.175312945572029
"239",-0.16862243754902,1.02033578831179,0.195708439813982,-0.05275725064316
"240",-0.16862243754902,1.01360153593774,0.119987163314164,0.113978744927122
"241",-0.16862243754902,1.01378276228808,0.0129748312756068,-0.166093777324181
"242",-0.16862243754902,1.01064258697924,-0.00774461562525743,0.146076895999705
"243",-0.16862243754902,1.00132336383046,-0.0408641042625074,0.0312826459170801
"244",-0.16862243754902,1.13478360818766,0.000730989930511198,-0.536407776849967
"245",-0.16862243754902,1.12618241061494,-0.490084514177122,-0.167642449702472
"246",-0.16862243754902,1.00551850910734,-0.0346384700876826,-0.0993360385128933
"247",-0.16862243754902,1.04998126531682,-0.105600207295669,-0.30217421090395
"248",-0.16862243754902,1.02433319276092,-0.131874159706208,-0.178515253671959
"249",-0.16862243754902,1.02811881808958,-0.124618018722284,-0.203712183041759
"250",-0.16862243754902,1.01156640929513,0.149371079164301,-0.0309011508447754
"251",-0.16862243754902,1.00168109331735,0.0353675548122816,0.0459798735974257
"252",-0.16862243754902,1.06963093034719,-0.264196753855466,-0.272599344107101
"253",-0.16862243754902,1.00636981477745,0.0555097441934256,-0.0984828533034463
"254",-0.16862243754902,1.01966686799763,0.15136799357834,0.129646643659487
"255",-0.16862243754902,1.0699237982006,-0.165138751786851,-0.34273331704734
"256",-0.16862243754902,1.07083421181616,-0.00640005366129887,-0.382942487208014
"257",-0.16862243754902,1.00564570616578,-0.0435056187864445,-0.0971110058833913
"258",-0.16862243754902,1.01984943327292,-0.194395128686627,0.0479937546980359
"259",-0.16862243754902,1.07879773986722,0.0910414305448821,-0.394355197083742
"260",-0.16862243754902,1.01782624549111,-0.112975687717196,-0.152337651272969
"261",-0.16862243754902,1.02084545661572,-0.189128205617384,-0.0797243258541489
"262",-0.16862243754902,1.03497359258245,-0.101813955915653,0.246585189587365
"263",-0.16862243754902,1.01143283388503,-0.00292167088875397,-0.151617417534826
"264",-0.16862243754902,1.00772025668369,0.120953958374542,0.0295000963416225
"265",-0.16862243754902,1.04401668226592,0.0961105304657528,-0.284136584731922
"266",-0.16862243754902,1.01173031880848,-0.0877189125354647,-0.126109596700269
"267",-0.16862243754902,1.03498400009206,-0.265533494729017,-0.026150403888942
"268",-0.16862243754902,1.00687700437903,0.00734781935450167,0.117248929624175
"269",-0.16862243754902,1.00023257570486,-0.00628215433478638,-0.0206334688817789
"270",-0.16862243754902,1.01231721580797,-0.157189099369584,0.0088166014187052
"271",-0.16862243754902,1.05126251745317,-0.318748036739522,-0.0596034367857143
"272",-0.16862243754902,1.03131450472036,0.0751205138808508,-0.240762364253387
"273",-0.16862243754902,1.05026218341754,-0.268606166881934,-0.175787886471119
"274",-0.16862243754902,1.01026157644476,-0.14040389777099,-0.0302522450633491
"275",-0.16862243754902,1.04033725889293,-0.283633619847325,-0.0430532453265513
"276",-0.16862243754902,1.04362184350047,-0.261606864519407,-0.143904137076191
"277",-0.16862243754902,1.00345387479919,-0.0814759921686546,-0.0167732390923647
"278",-0.16862243754902,1.00945783958532,-0.0796257554917816,0.112538299981033
"279",-0.16862243754902,1.0175844072014,0.0410859035408944,-0.183820494803101
"280",-0.16862243754902,1.00002805085357,0.00445439979142354,0.00602169548233753
"281",-0.16862243754902,1.05813191115668,-0.291658966914791,-0.185952113261149
"282",-0.16862243754902,1.0647441841695,-0.289485146716555,-0.223335011928871
"283",-0.16862243754902,1.00016767116459,-0.015799938426872,0.00925917860834623
"284",-0.16862243754902,1.01814244840051,-0.120843052250773,-0.148361052698152
"285",-0.16862243754902,1.01048626201321,-0.0912265318700949,-0.112961080024907
"286",-0.16862243754902,1.00772716333636,0.0356561798278835,-0.119342668673156
"287",-0.16862243754902,1.01293613883429,-0.0930525588983431,-0.131836423794727
"288",-0.16862243754902,1.00694878422866,-0.0797642937805072,-0.087083359474004
"289",-0.16862243754902,1.00199797870444,0.0236368708244949,-0.0586621484894794
"290",-0.16862243754902,1.00060371096881,0.00417947631596162,0.0345009910331663
"291",-0.16862243754902,1.1129565132939,-0.487216689514236,0.0359457638966487
"292",-0.16862243754902,1.00658638130328,-0.00670171330468628,-0.114765979558468
"293",-0.16862243754902,1.00715602935383,0.00540076736864947,-0.119725098352874
"294",-0.16862243754902,1.03156799347645,-0.115832468013425,-0.225200720511598
"295",-0.16862243754902,1.03421885202254,-0.256152650834989,-0.063201687865395
"296",-0.16862243754902,1.03733654768903,-0.26362764513946,-0.0810405940847485
"297",-0.16862243754902,1.03882395130011,-0.133848757441944,-0.247466587494194
"298",-0.16862243754902,1.00393726606537,-0.0526885258310923,-0.0715119111795552
"299",-0.16862243754902,1.03278522784377,-0.119402885438504,-0.228884857081624
"300",-0.16862243754902,1.0114073656551,-0.0913141382561869,-0.120857715748365
"301",-0.16862243754902,1.05396222827349,0.103812187377015,-0.316321684965181
"302",-0.16862243754902,1.02940159669954,-0.206699154670365,0.130165689588742
"303",-0.16862243754902,1.01931177551826,-0.141137212657569,-0.138118727598531
"304",-0.16862243754902,1.00585157562223,-0.0592300255181959,-0.090714917509943
"305",-0.16862243754902,1.00674635167488,-0.0113272773170579,-0.115801163203405
"306",-0.16862243754902,1.0219723947385,-0.206708195875007,-0.0412225346824737
"307",-0.16862243754902,1.0099489951141,-0.13909428261727,-0.025490258436701
"308",-0.16862243754902,1.03064290862838,-0.0118010524162869,0.249169701745305
"309",-0.16862243754902,1.04095422702925,-0.0137466204784371,-0.28878492549904
"310",-0.16862243754902,1.04788464156718,-0.217304994021116,-0.225478960450552
"311",-0.16862243754902,1.0883679369946,-0.258102562748797,-0.343406222104943
"312",-0.16862243754902,1.10462632686135,-0.36928653328798,-0.289528544926643
"313",-0.16862243754902,1.01284033063695,-0.152439396735034,-0.0510662871944381
"314",-0.16862243754902,1.02993732397289,-0.176702712238667,-0.171892532705573
"315",-0.16862243754902,1.06844366956352,0.0715900666808004,-0.369386975112825
"316",-0.16862243754902,1.0078254966922,0.0105565435017853,-0.124903127151307
"317",-0.16862243754902,1.00156291695292,-0.0555090443452734,-0.00685730348659711
"318",-0.16862243754902,1.0343660115877,-0.248972115380741,-0.089027701816236
"319",-0.16862243754902,1.06203149202939,0.0208664781622029,-0.357037085120415
"320",-0.16862243754902,1.02380038768882,-0.191045916854029,-0.108021717655218
"321",-0.16862243754902,1.04250563151755,-0.137662871696767,-0.260512812548658
"322",-0.16862243754902,1.01729724383413,-0.133816396719758,-0.130333626825404
"323",-0.16862243754902,1.04297738245872,-0.282344197081691,-0.0899087019967819
"324",-0.16862243754902,1.00002277151401,-0.00672914838432175,0.000511965410040646
"325",-0.16862243754902,1.13649505607575,-0.27971213440063,-0.461933040985007
"326",-0.16862243754902,1.08767838599019,0.118215270593153,-0.411180521363568
"327",-0.16862243754902,1.08045298416463,-0.40610775496756,-0.0495493929879104
"328",-0.16862243754902,1.03863628062419,-0.135007649521795,-0.246045235677215
"329",-0.16862243754902,1.05352358923231,-0.324829346834623,0.0663162763123084
"330",-0.16862243754902,1.06324865194441,0.0582764183701145,-0.356513050144821
"331",-0.16862243754902,1.0316648967584,0.160011252897439,-0.196796489170176
"332",-0.16862243754902,1.01574418763825,-0.173334086452,-0.0411284475120182
"333",-0.16862243754902,1.02330908437165,-0.058495959158397,-0.20914039523652
"334",-0.16862243754902,1.00545429804524,0.0901785932039532,-0.0529732648173483
"335",-0.16862243754902,1.06060866550658,-0.234275151044164,-0.264586271281941
"336",-0.16862243754902,1.01470344958207,-0.172099402440877,0.0022104916305588
"337",-0.16862243754902,1.00857507480298,0.0272373020945838,-0.128381505242937
"338",-0.16862243754902,1.0381570192846,-0.111358987236452,-0.255673957710917
"339",-0.16862243754902,1.0206529844314,-0.102573850824421,0.176666691132689
"340",-0.16862243754902,1.00242609411447,0.0696864568489876,-0.00136817156506701
"341",-0.16862243754902,1.02276834420624,-0.0883102967250829,-0.195592375625188
"342",-0.16862243754902,1.00351380994506,-0.0126351769079108,-0.0829476886655776
"343",-0.16862243754902,1.02125414534641,-0.00669655187810698,-0.207159806864603
"344",-0.16862243754902,1.00798705156516,-0.0490026825434905,-0.116775995934851
"345",-0.16862243754902,1.00784298936268,0.118169619241182,-0.04223070323717
"346",-0.16862243754902,1.02666672403556,-0.165875785335337,-0.162879667488918
"347",-0.16862243754902,1.0078568554073,-0.0795486405067251,0.0971980184212741
"348",-0.16862243754902,1.01827041089774,-0.191825631931889,0.00880662499438641
"349",-0.16862243754902,1.04216080281091,-0.251211840773173,-0.151630306900811
"350",-0.16862243754902,1.09150391758211,-0.308962352279152,-0.309714492672262
"351",-0.16862243754902,1.00369880340418,-0.0351778826139935,-0.0785735612643927
"352",-0.16862243754902,1.005818154769,-0.108027615873349,-0.00044121608554382
"353",-0.16862243754902,1.07643327708595,0.0510551158951961,-0.395097424895334
"354",-0.16862243754902,1.00457024157458,-0.0920998089117906,-0.0260575412426897
"355",-0.16862243754902,1.02972298970804,-0.170825788643698,-0.176487918757993
"356",-0.16862243754902,1.04627577664357,-0.259875576225288,-0.164795890945997
"357",-0.16862243754902,1.02452476058541,0.18842230651851,-0.118945447406937
"358",-0.16862243754902,1.05123964276835,-0.239172944060424,-0.218863174968286
"359",-0.16862243754902,1.01517240198971,-0.0902402515866195,-0.149772169494696
"360",-0.16862243754902,1.0059569383791,0.0785855608374431,-0.0759846793829033
"361",-0.16862243754902,1.10049277302834,-0.281920604002179,-0.362774194956938
"362",-0.16862243754902,1.01026515537189,0.127697024711582,-0.0657963071790296
"363",-0.16862243754902,1.03292949719293,-0.257044058404805,-0.0295245357292903
"364",-0.16862243754902,1.01534313498214,-0.166506602954057,-0.0565440795137925
"365",-0.16862243754902,1.00797603809507,-0.118870955035557,0.043421071184106
"366",-0.16862243754902,1.04505968082761,-0.21028342741533,-0.218930620622095
"367",-0.16862243754902,1.04058830783346,-0.0752857210690944,-0.277769844660671
"368",-0.16862243754902,1.00142800638153,-0.0004694908735446,-0.0534586900663944
"369",-0.16862243754902,1.00294665325455,-0.0271661759818864,-0.0718608944908129
"370",-0.16862243754902,1.0160706936143,-0.169759290770052,0.0598451135773535
"371",-0.16862243754902,1.03564079928208,-0.179767425317303,-0.200587980528268
"372",-0.16862243754902,1.03365136801261,-0.0123305544361818,-0.261310367229547
"373",-0.16862243754902,1.00970220869127,-0.100816172439483,0.0966159904502114
"374",-0.16862243754902,1.03832923192188,0.100427036465801,-0.260848623170961
"375",-0.16862243754902,1.0709470871713,-0.355677443907079,-0.142902832079801
"376",-0.16862243754902,1.02742683513679,-0.0657436349756434,-0.226458994123403
"377",-0.16862243754902,1.04938268169596,-0.212664764065486,-0.236596092039544
"378",-0.16862243754902,1.03070326829735,-0.074208789943976,-0.238416196542696
"379",-0.16862243754902,1.01168332711673,0.0966708444316111,-0.118986983333717
"380",-0.16862243754902,1.05625425830392,-0.300546288937765,-0.159201087907401
"381",-0.16862243754902,1.08284701475515,-0.381414411832603,-0.164562157893395
"382",-0.16862243754902,1.02129026969785,-0.0806676712564838,0.191119182170595
"383",-0.16862243754902,1.02954392180924,-0.155312206712536,-0.189311397914724
"384",-0.16862243754902,1.01302571924742,0.0495505553327912,-0.154161766735373
"385",-0.16862243754902,1.03732241823839,-0.271594824056809,0.0476870100288413
"386",-0.16862243754902,1.02875768939549,-0.027309818020061,-0.239992827663779
"387",-0.16862243754902,1.00530363083466,-0.0662817119544013,-0.0790071188548215
"388",-0.16862243754902,1.00087598488276,-0.0384381565725132,-0.0165905163979344
"389",-0.16862243754902,1.01294657808084,-0.146937633144219,0.0668588214947117
"390",-0.16862243754902,1.01314046927137,-0.050893675795355,-0.154477973314781
"391",-0.16862243754902,1.00505112723477,-0.0986733526005005,0.019782260802576
"392",-0.16862243754902,1.01830813124309,-0.16240990809939,-0.102832251297619
"393",-0.16862243754902,1.02812730037972,-0.234706434947658,-0.0442564704902797
"394",-0.16862243754902,1.00253192400762,-0.0699786293421888,0.0131624499924279
"395",-0.16862243754902,1.00424763329381,-0.0813022462954599,-0.0436262962389186
"396",-0.16862243754902,1.02278680456601,-0.15703252385215,-0.146402302054906
"397",-0.16862243754902,1.04559789139009,0.232564649497609,-0.197961193882666
"398",-0.16862243754902,1.01359910436082,-0.0770235100030865,-0.146459971554883
"399",-0.16862243754902,1.11106087364474,-0.482438243521376,0.0413473836200421
"400",-0.16862243754902,1.01826520255498,0.010296740877576,-0.191723759251771
"401",-0.16862243754902,1.04455871814952,-0.0385375816600615,-0.299362272943606
"402",-0.16862243754902,1.09060865368011,-0.434080723948969,-0.0316411216279441
"403",-0.16862243754902,1.00429209077038,-0.0550912226841507,0.074616089197358
"404",-0.16862243754902,1.0013151663623,-0.0465099201978043,0.021653861326521
"405",-0.16862243754902,1.00653280021625,-0.0287283588480262,-0.110828513068914
"406",-0.16862243754902,1.04005311152149,-0.258268641978297,-0.122506258436978
"407",-0.16862243754902,1.00322957944545,0.00569560757536582,-0.0802318461001151
"408",-0.16862243754902,1.04771985715123,-0.264561709143179,-0.166505258548284
"409",-0.16862243754902,1.03287164180695,-0.233119394072444,-0.111710234787477
"410",-0.16862243754902,1.02764266280749,-0.16457161421532,0.17019290883182
"411",-0.16862243754902,1.01621396775149,-0.166696462596673,0.0700222651088483
"412",-0.16862243754902,1.0043838480624,-0.0742310095872554,0.0572422174997566
"413",-0.16862243754902,1.02564034312925,0.11005017507736,-0.199567212787391
"414",-0.16862243754902,1.0846585033008,-0.235027215127984,-0.348204360874336
"415",-0.16862243754902,1.06753180425397,-0.0282155286639637,-0.37259634597772
"416",-0.16862243754902,1.01740339525519,-0.18633614813766,-0.0197106208428297
"417",-0.16862243754902,1.03761101541772,0.103241666523037,-0.256861397663665
"418",-0.16862243754902,1.07948352574596,-0.381519501293427,-0.140454805862072
"419",-0.16862243754902,1.06870223228085,-0.305632888344852,-0.220710214634614
"420",-0.16862243754902,1.05221515143594,-0.0573365228911774,-0.322287523888395
"421",-0.16862243754902,1.01513657698555,-0.114531905075395,-0.131851100312999
"422",-0.16862243754902,1.00962758208944,-0.125638038756634,-0.0596903487437698
"423",-0.16862243754902,1.0089719769034,-0.122358380549723,0.0552528450453807
"424",-0.16862243754902,1.03603791708857,0.0861921514146667,-0.256798517674347
"425",-0.16862243754902,1.01490467937943,0.0220196632721199,-0.171891368764244
"426",-0.16862243754902,1.02363037725755,-0.176917946634184,-0.128526998732452
"427",-0.16862243754902,1.01348383859371,-0.163600825758619,-0.0196025738548009
"428",-0.16862243754902,1.0611011036559,-0.0731332982245185,-0.34725649435333
"429",-0.16862243754902,1.01830130992482,-0.162055012556098,0.103323427643763
"430",-0.16862243754902,1.00923698349812,0.0650791603154594,-0.119682879949575
"431",-0.16862243754902,1.00902311209286,-0.0655547694866367,0.117601925728801
"432",-0.16862243754902,1.01917209253888,-0.121200442309286,0.15499099004169
"433",-0.16862243754902,1.06827108843428,-0.333787646688561,0.172594685036014
"434",-0.16862243754902,1.0246597116081,-0.107853381945073,-0.195691524077562
"435",-0.16862243754902,1.09547176703497,-0.29462733211638,-0.336531020176002
"436",-0.16862243754902,1.00390483562187,0.0720978443310811,0.0512525104535453
"437",-0.16862243754902,1.00294002421621,0.0752855948175031,0.0148583776967003
"438",-0.16862243754902,1.00262284188172,-0.0465611332346034,0.0555393908401023
"439",-0.16862243754902,1.05867276795022,0.183341954849804,-0.295252023178914
"440",-0.16862243754902,1.01935629297523,-0.138721308281638,-0.140867493258136
"441",-0.16862243754902,1.0549555481652,-0.252078855985258,-0.222232893536733
"442",-0.16862243754902,1.01730155126315,0.0121657531310096,-0.186425429202059
"443",-0.16862243754902,1.01204611466686,-0.0789347901853577,-0.134188811421339
"444",-0.16862243754902,1.02903845339645,-0.199099016324195,-0.138851432355905
"445",-0.16862243754902,1.02205152591572,-0.121760227014278,-0.17252179208462
"446",-0.16862243754902,1.11168593365245,-0.395476580595299,-0.281857923928664
"447",-0.16862243754902,1.01876244391992,-0.105585876369284,-0.163488653591032
"448",-0.16862243754902,1.00432685631439,-0.0656197899632229,0.0660793271721597
"449",-0.16862243754902,1.04470308966039,-0.24175061639672,-0.181552155089858
"450",-0.16862243754902,1.02922623410208,-0.151435281367645,-0.190719680476456
"451",-0.16862243754902,1.00276721399236,-0.000522603646440023,0.074443349893962
"452",-0.16862243754902,1.02222202259416,-0.200334421529112,-0.0693107713640682
"453",-0.16862243754902,1.0582486112243,-0.10385182883381,-0.330310340143968
"454",-0.16862243754902,1.11062657112305,-0.474521087662646,-0.0912201614118601
"455",-0.16862243754902,1.01657276547903,-0.105488777808361,-0.149306079146795
"456",-0.16862243754902,1.07503776030238,-0.255817229459179,-0.30043923044069
"457",-0.16862243754902,1.02441153286356,-0.0606541096333563,-0.213869277009232
"458",-0.16862243754902,1.02894107186684,-0.152639513767354,0.188204431965221
"459",-0.16862243754902,1.04532861051986,-0.0324140731195119,-0.302756059947926
"460",-0.16862243754902,1.02875920750994,-0.0684261681300583,-0.231653548540754
"461",-0.16862243754902,1.02137962221287,0.00627220455615356,-0.207790741183789
"462",-0.16862243754902,1.10246065037842,-0.0868846159083996,-0.455928228070237
"463",-0.16862243754902,1.02908366013956,-0.238628486340252,-0.0454931321541341
"464",-0.16862243754902,1.00202516403148,-0.00195286852399621,-0.0636444471799302
"465",-0.16862243754902,1.01755912648825,-0.158824680514446,-0.10100146909335
"466",-0.16862243754902,1.04034857733076,-0.117479368109228,-0.261770434584953
"467",-0.16862243754902,1.04362403392393,-0.269092696595293,-0.12938409802878
"468",-0.16862243754902,1.09623796485767,-0.448451640710885,0.0250759155169303
"469",-0.16862243754902,1.06666579751263,-0.312197376521252,-0.200770320706257
"470",-0.16862243754902,1.00979763738671,-0.0495739941152625,-0.131277140352887
"471",-0.16862243754902,1.0674957522889,-0.277355785141202,-0.250241782289755
"472",-0.16862243754902,1.04710326052718,-0.270262887980475,-0.152915694377965
"473",-0.16862243754902,1.03381802582132,0.083237208082652,-0.248699171095698
"474",-0.16862243754902,1.00004069527716,0.00252861267071802,0.0086601575263302
"475",-0.16862243754902,1.0081833127867,-0.122226691124662,-0.0386552474870959
"476",-0.16862243754902,1.02110045053143,-0.160953431881974,-0.12938362663377
"477",-0.16862243754902,1.00183097842803,-0.0422152581475959,0.0433956370802335
"478",-0.16862243754902,1.007905179617,0.0180884612983541,-0.124682230757382
"479",-0.16862243754902,1.04486393140033,-0.203676428409172,-0.224179721767672
"480",-0.16862243754902,1.01715896355599,-0.112650469704311,-0.148061571036146
"481",-0.16862243754902,1.01031570014327,0.00136621546858336,-0.143999817400134
"482",-0.16862243754902,1.00418357018156,-0.0749903461311292,-0.0525460808216114
"483",-0.16862243754902,1.09136487922391,-0.338579187023339,-0.276480440027939
"484",-0.16862243754902,1.03005261610855,0.163131656095416,-0.185462812260669
"485",-0.16862243754902,1.00409097063025,0.00246505312792394,0.0905129869923663
"486",-0.16862243754902,1.00261099995633,-0.0564863166212893,-0.0451454678565111
"487",-0.16862243754902,1.00091758826282,-0.0287364536995026,0.0317841898220519
"488",-0.16862243754902,1.00463157354203,-0.0840774551513355,-0.0470699489356532
"489",-0.16862243754902,1.01971071802054,-0.0318902230670916,-0.19695929051125
"490",-0.16862243754902,1.10633002197133,-0.437684309533094,-0.179996007465783
"491",-0.16862243754902,1.00484902314679,-0.016481221201583,-0.0972107435767994
"492",-0.16862243754902,1.09025299794621,-0.429933358366426,-0.0617163421993054
"493",-0.16862243754902,1.08056121348898,-0.256052875933505,-0.319451812990561
"494",-0.16862243754902,1.06597980312087,-0.0864068136471436,-0.358952369008688
"495",-0.16862243754902,1.07234866700301,0.0598527811069399,-0.382556281110252
"496",-0.16862243754902,1.03553953087902,-0.222583342705837,-0.150992634135014
"497",-0.16862243754902,1.03858551325013,-0.131697851027377,-0.247619757628132
"498",-0.16862243754902,1.04318500198847,-0.267448394456691,-0.129252871055989
"499",-0.16862243754902,1.03952629370252,0.104153203950013,-0.264134483560619
"500",-0.16862243754902,1.02737927574057,-0.212924506699284,-0.10085301516601
"501",-0.16862243754902,1.02185012502218,0.137860687539552,-0.158657205442944
"502",-0.16862243754902,1.01243884553213,0.0116646351003489,-0.157785779557005
"503",-0.16862243754902,1.03620668734691,-0.252539343308769,-0.0997405583683987
"504",-0.16862243754902,1.0077998972407,-0.122095878365771,-0.0274450244025552
"505",-0.16862243754902,1.00986437855182,-0.132024436308749,0.048944982227018
"506",-0.16862243754902,1.04529865076628,-0.122339501672329,-0.27871547431811
"507",-0.16862243754902,1.02119815442408,-0.206963234326056,0.00344822221574904
"508",-0.16862243754902,1.10748065396073,-0.198437069867819,-0.432592334883029
"509",-0.16862243754902,1.01082093490841,-0.110489210981824,0.0977297125020259
"510",-0.16862243754902,1.1011050415701,-0.20302214174717,-0.413780524591812
"511",-0.16862243754902,1.05283568520275,0.0912169536643513,-0.316452914981895
"512",-0.16862243754902,1.08712610782818,-0.293179211001358,-0.309659691529682
"513",-0.16862243754902,1.01178561543701,-0.122189107174684,-0.0937014071031505
"514",-0.16862243754902,1.04341696065063,-0.0988364199422125,-0.280980988443012
"515",-0.16862243754902,1.02155422852658,-0.100453362529191,-0.182981320842108
"516",-0.16862243754902,1.06600628980215,-0.218154580791916,-0.297956353812503
"517",-0.16862243754902,1.02086249295435,-0.0034810724475891,-0.205300052741301
"518",-0.16862243754902,1.06154352466654,-0.355551909195027,-0.0213891240876416
"519",-0.16862243754902,1.0016976081619,0.0523058139190213,-0.0257332475126873
"520",-0.16862243754902,1.00204862382644,-0.0226911900041688,-0.0598878485892852
"521",-0.16862243754902,1.05367835169912,-0.12586208750711,-0.307240628445734
"522",-0.16862243754902,1.06091756948384,-0.354307686629666,-0.00348603422751723
"523",-0.16862243754902,1.03572701036515,-0.255932558755804,-0.0850233224982128
"524",-0.16862243754902,1.01090262703715,-0.124864660456185,-0.0795797582289546
"525",-0.16862243754902,1.06255897753004,0.00867692144925145,-0.359104847870164
"526",-0.16862243754902,1.00634705071853,-0.0516999080495525,-0.100307058562997
"527",-0.16862243754902,1.00298786964376,-0.0216378008882884,0.0742729575635513
"528",-0.16862243754902,1.00344488127241,-0.0479189109463816,0.0678631544029656
"529",-0.16862243754902,1.10968167134787,-0.424029167916349,-0.227140213263901
"530",-0.16862243754902,1.01412946974995,-0.11732606720215,-0.121215408963484
"531",-0.16862243754902,1.02801160188299,-0.218482635155799,-0.0952533030472435
"532",-0.16862243754902,1.02666667924527,-0.194025327482798,0.128057184756265
"533",-0.16862243754902,1.01508240198855,-0.146061342304648,0.0951754543514575
"534",-0.16862243754902,1.0045674699773,0.0866837684643613,-0.0405182183889744
"535",-0.16862243754902,1.01063945198131,0.0942845210807671,-0.11181471721404
"536",-0.16862243754902,1.01311953907369,0.13049932187277,-0.0968562204694847
"537",-0.16862243754902,1.01901097489531,-0.188925904830239,0.0518687713482347
"538",-0.16862243754902,1.01327621169496,-0.163441072432957,-0.00396194760961819
"539",-0.16862243754902,1.06742598798493,-0.259534391016577,-0.268402942802894
"540",-0.16862243754902,1.10014257045966,-0.299993064863609,-0.346868615431453
"541",-0.16862243754902,1.01525683851948,-0.0182192612712147,0.174397553535878
"542",-0.16862243754902,1.04869872858736,-0.288286523285525,-0.129073249872695
"543",-0.16862243754902,1.02921222837767,-0.149108586890644,-0.192469323159828
"544",-0.16862243754902,1.01495247984153,-0.1596150043942,-0.0682025418052966
"545",-0.16862243754902,1.00008842523647,-0.00649590165812305,-0.0116043764851072
"546",-0.16862243754902,1.00701092160681,-0.0183892108471066,-0.117187171481392
"547",-0.16862243754902,1.01294540250015,-0.135418207189636,-0.0878652241091008
"548",-0.16862243754902,1.00675697187993,-0.108537889195541,0.0421796993566792
"549",-0.16862243754902,1.00761903178705,0.00755669253809135,-0.123446383573409
"550",-0.16862243754902,1.09033914675287,0.0882737912065625,-0.425496407420546
"551",-0.16862243754902,1.05107258695061,-0.244740343791941,-0.211791754229606
"552",-0.16862243754902,1.01479731198486,-0.170657218846537,0.0262621032526528
"553",-0.16862243754902,1.06074101621562,-0.021351845904113,-0.353150962279068
"554",-0.16862243754902,1.04333485395769,-0.113758073420749,-0.27496675838094
"555",-0.16862243754902,1.01318419689152,0.0916389729730685,-0.13470157928976
"556",-0.16862243754902,1.02208362873789,-0.0107472744706869,0.211043692692914
"557",-0.16862243754902,1.07971603186599,-0.314467455517175,-0.258644406258842
"558",-0.16862243754902,1.00510634156739,-0.0896508697064369,-0.046919925616528
"559",-0.16862243754902,1.0113341849462,-0.127042746793808,-0.0815902820676231
"560",-0.16862243754902,1.00573098594275,0.0869801935637247,-0.0626838257686728
"561",-0.16862243754902,1.01545600193648,0.0492676403258935,0.169480357226256
"562",-0.16862243754902,1.07291599562028,-0.184884628178028,-0.342003520334716
"563",-0.16862243754902,1.04018241149367,-0.193049981084257,-0.211450121740673
"564",-0.16862243754902,1.00962588014279,0.0650198171550374,-0.122950564176122
"565",-0.16862243754902,1.00285217823928,-0.0714372537944522,-0.0246821832415795
"566",-0.16862243754902,1.0996091109506,-0.260627731977419,-0.375783690718326
"567",-0.16862243754902,1.00522776163026,-0.0121836197714593,0.101658310833154
"568",-0.16862243754902,1.00395711503086,-0.0640043663951828,-0.0619138910378252
"569",-0.16862243754902,1.01121690068088,0.0945710930520739,-0.116687311142105
"570",-0.16862243754902,1.02392576277758,-0.133210725887491,-0.175153847197788
"571",-0.16862243754902,1.09239741380457,-0.00120304893462741,-0.439693827975981
"572",-0.16862243754902,1.00445329100995,0.0937907985680875,-0.0113885874749262
"573",-0.16862243754902,1.03596248263196,-0.115037268544568,-0.244917725505471
"574",-0.16862243754902,1.02574491007628,-0.224849865055864,-0.039939438300485
"575",-0.16862243754902,1.04004109536673,-0.193294169430531,-0.210529912638991
"576",-0.16862243754902,1.02384335571325,-0.107190539407538,-0.191743071060456
"577",-0.16862243754902,1.05731415211362,-0.153791639074472,-0.307020110107674
"578",-0.16862243754902,1.06605921486928,-0.359115821328318,-0.0867068421717318
"579",-0.16862243754902,1.01301550625242,-0.0534934378838472,-0.152770638576994
"580",-0.16862243754902,1.0449183861781,-0.302764793382595,-0.0137081603813947
"581",-0.16862243754902,1.03406946076873,-0.176411433520009,-0.195393592059595
"582",-0.16862243754902,1.00103371112036,-0.0180896544185893,-0.0417283501042423
"583",-0.16862243754902,1.00875001882767,-0.130345223219065,-0.0242223712465275
"584",-0.16862243754902,1.01834300591643,-0.130945724753043,-0.140981186219366
"585",-0.16862243754902,1.08633382930097,-0.39758571051143,0.148481620010116
"586",-0.16862243754902,1.03887064914211,-0.0253758310134237,-0.280371704794405
"587",-0.16862243754902,1.05088174659413,-0.139497350341441,-0.291363921192111
"588",-0.16862243754902,1.04207839048568,-0.240824201466742,-0.167125928285029
"589",-0.16862243754902,1.04183655014611,0.0670376379444212,-0.28448084701641
"590",-0.16862243754902,1.04492585208156,-0.17010370256091,-0.250868026506863
"591",-0.16862243754902,1.00440161451613,-0.0903061628595546,-0.025834089730476
"592",-0.16862243754902,1.00385644535177,-0.0530524193220008,-0.070094248539888
"593",-0.16862243754902,1.12402963184555,-0.263446235119752,-0.440498234352943
"594",-0.16862243754902,1.04712828509879,-0.0572006832650913,-0.30529613048307
"595",-0.16862243754902,1.04202607199396,0.141190823559299,-0.25667778645184
"596",-0.16862243754902,1.133193863008,-0.25085764462324,-0.47031773652828
"597",-0.16862243754902,1.00962655788816,0.0528632821570925,-0.12865169953275
"598",-0.16862243754902,1.00730783985485,0.0674439589537644,0.100600182075774
"599",-0.16862243754902,1.02117512676397,-0.150683408879808,-0.141750307970617
"600",-0.16862243754902,1.02142699427005,-0.201224487061298,0.0531207156433304
"601",-0.16862243754902,1.04581814888364,-0.239994988313178,-0.190099989792092
"602",-0.16862243754902,1.01160886375068,-0.130148592917465,0.0800864344352502
"603",-0.16862243754902,1.00211387293077,-0.0471062837230711,0.0448688349982454
"604",-0.16862243754902,1.00319765487775,0.0369964250666369,-0.0709704113310601
"605",-0.16862243754902,1.01222434578227,-0.153868995400066,0.0303720010686281
"606",-0.16862243754902,1.07339038569342,-0.364497480769008,-0.138955052488648
"607",-0.16862243754902,1.04076600181852,-0.0792375376729976,-0.277336047359224
"608",-0.16862243754902,1.04218711077586,-0.151152885516392,-0.251608384334463
"609",-0.16862243754902,1.00153990637283,-0.0483139295127345,-0.0273486429707725
"610",-0.16862243754902,1.01682914153678,-0.131000887126846,-0.129538683992116
"611",-0.16862243754902,1.10177285154011,-0.437187053049937,-0.150900288390504
"612",-0.16862243754902,1.00339571811943,0.0538162197333525,0.0625042529274253
"613",-0.16862243754902,1.03020644657474,-0.177392066936461,-0.172792873557225
"614",-0.16862243754902,1.0256260514428,-0.194950408876705,-0.117911557859909
"615",-0.16862243754902,1.04974377101317,-0.118330237590724,-0.29658041009593
"616",-0.16862243754902,1.01604920999307,-0.0367801714834455,-0.176077301527478
"617",-0.16862243754902,1.02563550313135,-0.188091319796264,-0.128646184167228
"618",-0.16862243754902,1.10307993958414,-0.443098066209108,-0.143001597315186
"619",-0.16862243754902,1.02673346951855,0.228543470193257,0.0441531387516154
"620",-0.16862243754902,1.00707327327261,-0.107612518752367,-0.0511480551710215
"621",-0.16862243754902,1.07130981659136,-0.37553321830248,0.0817283615178944
"622",-0.16862243754902,1.0088439176224,0.0689267191256284,-0.114083993243089
"623",-0.16862243754902,1.03439904487591,-0.0489047536854715,-0.259980209068244
"624",-0.16862243754902,1.00537968284367,-0.0940832551771841,0.044007360408231
"625",-0.16862243754902,1.01155976908768,-0.127356702477607,-0.0838655875240424
"626",-0.16862243754902,1.022140185961,-0.0462504364132194,0.206473864902965
"627",-0.16862243754902,1.05119928902508,-0.213110896311087,-0.244138671906605
"628",-0.16862243754902,1.00276877570221,0.0740448153014176,0.00791093232770281
"629",-0.16862243754902,1.00991717394064,-0.13067802010152,-0.0534411197729529
"630",-0.16862243754902,1.01591170906366,-0.0944178353825582,-0.15219025256016
"631",-0.16862243754902,1.00503387473996,-0.0292495790460629,0.096112181852519
"632",-0.16862243754902,1.09926509146644,-0.456316911104678,-0.0125943620963852
"633",-0.16862243754902,1.01381568864715,-0.150744141380147,0.0714034620075192
"634",-0.16862243754902,1.07254499289453,0.321479398440747,-0.21680350126624
"635",-0.16862243754902,1.02407151932599,0.135013532813915,-0.174624805373542
"636",-0.16862243754902,1.06582054177144,-0.16737047334828,0.328573510668661
"637",-0.16862243754902,1.04543886101447,-0.222941751327354,-0.207940827242574
"638",-0.16862243754902,1.05654912033669,-0.326891099045661,-0.0971506718913782
"639",-0.16862243754902,1.02049562848755,-0.201109446073212,-0.0310856632924042
"640",-0.16862243754902,1.04653407605792,-0.265471586259205,-0.157348051273018
"641",-0.16862243754902,1.00433706491737,0.0101217288723678,0.0926848993713529
"642",-0.16862243754902,1.01172841814206,-0.130086068599882,0.0816823532500312
"643",-0.16862243754902,1.03567622206326,-0.253598044662134,-0.0911771281120982
"644",-0.16862243754902,1.00679088635477,-0.0829075037055369,-0.0821841510045157
"645",-0.16862243754902,1.02890693776594,-0.237587245583763,0.0469232066125279
"646",-0.16862243754902,1.02491414760125,-0.156200408812197,-0.161401493921548
"647",-0.16862243754902,1.01520393593485,-0.155973793915862,-0.0794431063661702
"648",-0.16862243754902,1.00373319306512,-0.0705271793878054,-0.0500623593959871
"649",-0.16862243754902,1.01799745610688,-0.184161307201077,-0.0490248260584432
"650",-0.16862243754902,1.00344586212798,-0.0648732359035185,0.0519139815961133
"651",-0.16862243754902,1.00634980245204,0.0336306663864103,-0.107744620161095
"652",-0.16862243754902,1.0328773906502,-0.258455355290075,-0.00604428972204644
"653",-0.16862243754902,1.01512712256494,-0.159310767980303,0.0714363644966214
"654",-0.16862243754902,1.00613468541339,0.106451409340666,-0.0312266335247901
"655",-0.16862243754902,1.00027410766009,0.0156681617869678,0.0174011252913003
"656",-0.16862243754902,1.03759802431254,0.0287445990667767,-0.275287864029226
"657",-0.16862243754902,1.01523792902877,-0.0261736833996049,0.173271436872694
"658",-0.16862243754902,1.09072207109078,-0.372126500395011,-0.226266444857199
"659",-0.16862243754902,1.11691464048428,-0.424561753982419,-0.25931762605634
"660",-0.16862243754902,1.01381719036304,-0.109125052271039,-0.126162666595377
"661",-0.16862243754902,1.01027563052346,-0.110217036645525,0.092244536221172
"662",-0.16862243754902,1.00318688480481,-0.0732544625345043,-0.031901560513032
"663",-0.16862243754902,1.01818330533162,-0.178869337190038,0.0685784475562656
"664",-0.16862243754902,1.06648352119631,-0.147281793382714,-0.340139933441004
"665",-0.16862243754902,1.00875934138138,-0.127837441839314,-0.0353977017358659
"666",-0.16862243754902,1.02756984658129,0.235544731427367,-0.0204565172967067
"667",-0.16862243754902,1.03694761836908,-0.27271515195604,-0.0297793407397438
"668",-0.16862243754902,1.02232471426102,-0.0472634602353039,-0.207156913269765
"669",-0.16862243754902,1.04155840147333,0.00484001832071226,-0.291239554151439
"670",-0.16862243754902,1.00415735458169,-0.0865628629031959,0.0289631408257632
"671",-0.16862243754902,1.05486963288006,-0.310408061132192,-0.12804990416502
"672",-0.16862243754902,1.06796726060856,-0.181064796552723,-0.328282818894109
"673",-0.16862243754902,1.07127146077234,-0.119925351782408,-0.365021167420696
"674",-0.16862243754902,1.04626505648985,-0.275223064550854,-0.137560289222361
"675",-0.16862243754902,1.01993775901465,-0.129832367916619,-0.153024797026458
"676",-0.16862243754902,1.041582261169,-0.158786173905914,-0.244296045318475
"677",-0.16862243754902,1.04101573477917,-0.12951757785388,-0.258725640562875
"678",-0.16862243754902,1.02725993119031,-0.04105124899761,-0.231468704547408
"679",-0.16862243754902,1.07927694722142,-0.0788126762280513,-0.398280417381218
"680",-0.16862243754902,1.06290771393268,0.255163230089554,-0.254292222350296
"681",-0.16862243754902,1.10097125017201,-0.33644277965339,-0.314553572105658
"682",-0.16862243754902,1.00411817046064,0.0514544200857503,-0.0748715092867105
"683",-0.16862243754902,1.04155605435073,-0.195082633726326,-0.216290962300906
"684",-0.16862243754902,1.00273885974125,0.00751774922799266,0.0736797413250127
"685",-0.16862243754902,1.00346908876215,0.0556308599328703,-0.0620920246430416
"686",-0.16862243754902,1.00716084609615,-0.0310349060379876,-0.115800710344644
"687",-0.16862243754902,1.00788839870387,-0.124410750617664,-0.0189997203293462
"688",-0.16862243754902,1.00526250292509,0.0553284950821147,0.0865532057128632
"689",-0.16862243754902,1.02195009090123,-0.208026324387499,0.0332721603576555
"690",-0.16862243754902,1.0181390262667,-0.0859965058747652,-0.170914241023497
"691",-0.16862243754902,1.03787476342429,-0.0996751463962328,-0.259323908932293
"692",-0.16862243754902,1.03020438820017,-0.209801922440835,0.131545561715409
"693",-0.16862243754902,1.01221539520302,-0.156687061422711,0.00540102478503873
"694",-0.16862243754902,1.02299393212213,-0.214246793364741,0.0247971105497561
"695",-0.16862243754902,1.02492372566798,-0.179899534014459,-0.134554082429741
"696",-0.16862243754902,1.0370211091146,-0.238701921261657,-0.13577250655145
"697",-0.16862243754902,1.08518030846995,-0.0735438747828519,-0.414979036064306
"698",-0.16862243754902,1.03487589948038,-0.0241138760437117,-0.265304821493087
"699",-0.16862243754902,1.01913796496109,0.0567266178676921,-0.188213396043742
"700",-0.16862243754902,1.00759272275639,-0.118818514014225,0.0335448308847769
"701",-0.16862243754902,1.01530984940796,-0.100343226835408,0.144171173030775
"702",-0.16862243754902,1.01832096990791,-0.052261281321148,-0.185057710536063
"703",-0.16862243754902,1.07312375822818,-0.260100755937765,-0.289727798518498
"704",-0.16862243754902,1.01036449507179,-0.00485876379355142,-0.14426643863374
"705",-0.16862243754902,1.03320030892869,0.17852825893792,-0.188760533827765
"706",-0.16862243754902,1.0043033390949,0.074908108003031,-0.0548996563975072
"707",-0.16862243754902,1.01683135139481,-0.111125955383159,-0.146959243396145
"708",-0.16862243754902,1.0025015838415,0.0156761139157252,-0.06901945419386
"709",-0.16862243754902,1.04987910438444,-0.105250239471225,-0.301941254078199
"710",-0.16862243754902,1.04864093655206,-0.314476488782603,0.0274290323517774
"711",-0.16862243754902,1.02193942486888,-0.0287520923221503,-0.208646843466285
"712",-0.16862243754902,1.01045077334763,0.0356786645416847,0.140491274659114
"713",-0.16862243754902,1.00977602696357,0.0720152094866413,-0.120255703535938
"714",-0.16862243754902,1.08272731278123,-0.408394663266131,-0.0742444129764286
"715",-0.16862243754902,1.00945565468365,-0.0911878081065262,-0.103370703903639
"716",-0.16862243754902,1.02140733492186,-0.136916183654234,-0.15661067168536
"717",-0.16862243754902,1.02378238489249,-0.0326576502467257,-0.21694204179115
"718",-0.16862243754902,1.03950054645766,-0.232236599040087,0.16317949672694
"719",-0.16862243754902,1.06347554692685,-0.361688729919013,-0.0127083264410053
"720",-0.16862243754902,1.0506970155843,-0.321283141402423,0.0272279563747063
"721",-0.16862243754902,1.02674785626279,-0.204912070771146,-0.110554075422509
"722",-0.16862243754902,1.01231611266454,-0.157103791181299,-0.0101148779873482
"723",-0.16862243754902,1.03315734482776,0.00201287405645142,-0.259634449774255
"724",-0.16862243754902,1.03464861548814,-0.24458317882757,0.103328728658252
"725",-0.16862243754902,1.00900339734212,-0.126294663630079,0.0462332541197858
"726",-0.16862243754902,1.0395020442267,-0.141621431469514,-0.245983475258009
"727",-0.16862243754902,1.02564190561298,-0.227612223279439,-0.0115755934284346
"728",-0.16862243754902,1.03435470217955,-0.0759969259556851,-0.253207656215663
"729",-0.16862243754902,1.00671484728089,-0.11605327634592,-0.00253392682844468
"730",-0.16862243754902,1.00593961628579,-0.0798922231687253,-0.0743756969067903
"731",-0.16862243754902,1.04550814269945,-0.121065194815917,-0.280054450161102
"732",-0.16862243754902,1.03780909961224,-0.251234298223234,-0.118021415998292
"733",-0.16862243754902,1.0051637565377,0.032624439819333,-0.0963837298690126
"734",-0.16862243754902,1.08997099855003,-0.432910128341481,-0.0250119663264682
"735",-0.16862243754902,1.04128933973197,-0.0218702378968239,-0.289491246385416
"736",-0.16862243754902,1.03915246699694,-0.277733325040639,-0.0519812449609268
"737",-0.16862243754902,1.03018753391582,-0.120983326861205,-0.215984697738403
"738",-0.16862243754902,1.01237082371577,-0.135021890469473,0.0816319410831093
"739",-0.16862243754902,1.01317071095614,-0.161350608333124,-0.0219287648966782
"740",-0.16862243754902,1.0289584118933,-0.241696635906571,-0.0183888443747086
"741",-0.16862243754902,1.01072323475001,-0.131275230876676,-0.0657895966077196
"742",-0.16862243754902,1.01751238505614,-0.0426381373051349,-0.183066771943441
"743",-0.16862243754902,1.03576357858659,-0.119166937110402,0.242085587811872
"744",-0.16862243754902,1.01118044645136,-0.113655754211351,-0.0978175077387691
"745",-0.16862243754902,1.07739718458201,-0.0537219933116928,-0.397364619436437
"746",-0.16862243754902,1.06378244536512,0.123754075537399,-0.341054276992513
"747",-0.16862243754902,1.01861785264083,-0.183267056194304,-0.0632100928055013
"748",-0.16862243754902,1.00588107061352,-0.0841582653628808,0.0686594100594662
"749",-0.16862243754902,1.04350984684246,-0.0592314715174505,-0.292240368941467
"750",-0.16862243754902,1.06245493051649,-0.173708359541275,-0.314063505049996
"751",-0.16862243754902,1.00199486155653,-0.0492891268238702,0.0395510374407182
"752",-0.16862243754902,1.00026581318364,-0.0146111292248185,-0.0178384956403511
"753",-0.16862243754902,1.0187468763549,-0.115197294117426,-0.156763457192313
"754",-0.16862243754902,1.00270269477111,0.0469908663754679,0.0566087676824374
"755",-0.16862243754902,1.05799658447193,-0.327427777916909,-0.110217162922363
"756",-0.16862243754902,1.02421382865436,-0.215977029297547,-0.0486609661086677
"757",-0.16862243754902,1.01958643262755,-0.039972642838719,-0.194829878156991
"758",-0.16862243754902,1.0224908431572,-0.183678483698326,-0.108396212879404
"759",-0.16862243754902,1.06127635475389,-0.102829527602569,-0.340196398294789
"760",-0.16862243754902,1.05733693758628,-0.315735123479292,-0.135176667312995
"761",-0.16862243754902,1.00923302781091,-0.00536190536535218,0.136097591437995
"762",-0.16862243754902,1.03235408932948,-0.105343136097526,-0.233790054177777
"763",-0.16862243754902,1.004610112437,0.0840427749120296,0.0466721543938342
"764",-0.16862243754902,1.01025772660478,-0.00908106854225399,-0.143311577895096
"765",-0.16862243754902,1.04561373186682,0.00546783512181384,-0.305414765601685
"766",-0.16862243754902,1.0592288411379,-0.165576085833842,-0.307490321308295
"767",-0.16862243754902,1.05153264022749,-0.160167885348186,-0.282961378931631
"768",-0.16862243754902,1.02125770812706,-0.164085768550455,-0.126661623896701
"769",-0.16862243754902,1.00564877991056,-0.1045868554162,-0.0197751917750628
"770",-0.16862243754902,1.05645821613408,0.232696242848116,-0.248910467842518
"771",-0.16862243754902,1.06929544383265,-0.374386553160473,-0.0568106945379415
"772",-0.16862243754902,1.13165542638541,0.000553464685113438,-0.529758150238751
"773",-0.16862243754902,1.00942495962978,-0.136278750760459,-0.019153360403873
"774",-0.16862243754902,1.00693757551704,0.0184381460236045,-0.116547482852889
"775",-0.16862243754902,1.03421407953768,-0.25653696680816,-0.0615430497688172
"776",-0.16862243754902,1.03305515400571,0.0306262294601994,-0.257419861873201
"777",-0.16862243754902,1.00253392949132,-0.0033708163699188,-0.0711541803291646
"778",-0.16862243754902,1.04022449543454,0.0447620867751442,-0.28295468981724
"779",-0.16862243754902,1.04223292118373,-0.254143259920584,-0.147175627860412
"780",-0.16862243754902,1.02290536692222,-0.206247705188484,0.0616220235204897
"781",-0.16862243754902,1.03267304906508,-0.250122227899813,0.0620684893952769
"782",-0.16862243754902,1.0038271566962,0.022125628771692,-0.084731440871981
"783",-0.16862243754902,1.02986947574959,-0.24159974394109,-0.0475468275317698
"784",-0.16862243754902,1.07704927824022,-0.391218013395981,-0.0835680187170187
"785",-0.16862243754902,1.0310460290233,-0.213382318999526,-0.132377867874886
"786",-0.16862243754902,1.01865354747897,-0.158296976507028,-0.112236879055986
"787",-0.16862243754902,1.01677014128585,-0.0556957531408841,-0.175269801427758
"788",-0.16862243754902,1.05165910804534,-0.0728549742351938,-0.31729959386029
"789",-0.16862243754902,1.02306854656558,-0.0836400783859936,-0.199182299061405
"790",-0.16862243754902,1.02345953167327,-0.207451555706739,-0.0665827680989693
"791",-0.16862243754902,1.00107699839167,-0.0325081560574833,-0.0331417636617691
"792",-0.16862243754902,1.03954281939824,0.194586362061106,-0.20684637067704
"793",-0.16862243754902,1.00490952806249,-0.0615110556713311,0.0778431090140549
"794",-0.16862243754902,1.00084036607535,-0.0132154845497415,-0.0388173844296246
"795",-0.16862243754902,1.00023976421588,0.0190790600667808,0.0107505993141824
"796",-0.16862243754902,1.09929717385789,0.264925785069616,-0.371844866654356
"797",-0.16862243754902,1.01713323510392,-0.183319521761099,-0.0308864192524635
"798",-0.16862243754902,1.00555395854665,0.096828268967756,0.0419886874949988
"799",-0.16862243754902,1.00489932840822,-0.0887552038734003,0.0441041270255517
"800",-0.16862243754902,1.01254006822296,0.0703713644038465,0.142426334745008
"801",-0.16862243754902,1.06798147760792,-0.199767401171858,-0.317297056309452
"802",-0.16862243754902,1.07384063951635,-0.117350843890133,-0.373312869474317
"803",-0.16862243754902,1.00860661597211,-0.0456644738256258,0.12329664072042
"804",-0.16862243754902,1.01043359378181,0.0215485627689987,-0.143219087014997
"805",-0.16862243754902,1.0054655487528,0.0176253234677052,0.103200376459707
"806",-0.16862243754902,1.10121570903721,-0.410958020896287,-0.209259510874234
"807",-0.16862243754902,1.00096326229065,-0.0309438089563167,-0.0311437496589591
"808",-0.16862243754902,1.01306778738609,-0.0379276307571374,-0.157695392020514
"809",-0.16862243754902,1.07522295738787,-0.323262409086956,-0.227169150557919
"810",-0.16862243754902,1.00993234309781,-0.0456838631539528,0.133702364535436
"811",-0.16862243754902,1.02293033084754,-0.198876417577846,0.0826718349818373
"812",-0.16862243754902,1.10601114258611,-0.291228210645194,-0.372084367918127
"813",-0.16862243754902,1.00795033976337,-0.0850004546037068,-0.0934816032503355
"814",-0.16862243754902,1.02433747479242,0.0684561126828028,-0.211142186453742
"815",-0.16862243754902,1.08258673962043,-0.14182125461751,-0.389718848069627
"816",-0.16862243754902,1.00827540769002,-0.119089319494367,-0.0493663016120039
"817",-0.16862243754902,1.02370700976306,-0.17031023122465,0.137733318330168
"818",-0.16862243754902,1.00853443151974,-0.110616462375813,0.0700406868348893
"819",-0.16862243754902,1.0181157849121,-0.123667968197606,0.145828615604246
"820",-0.16862243754902,1.03336491599227,-0.255993009956777,0.0480689968375943
"821",-0.16862243754902,1.05861272519585,0.148290618252098,-0.314119076919872
"822",-0.16862243754902,1.01667897683955,-0.115579852811214,-0.14239887489604
"823",-0.16862243754902,1.08638283947413,-0.402755727650943,-0.134221822921004
"824",-0.16862243754902,1.04644761237618,-0.223487808634984,-0.212381272336656
"825",-0.16862243754902,1.01036746388941,0.0625027205520508,-0.130137704028877
"826",-0.16862243754902,1.00986136806511,-0.023156560146055,-0.13886596570989
"827",-0.16862243754902,1.00660996646898,-0.0828232767920327,-0.0800245550822625
"828",-0.16862243754902,1.02367310432327,-0.148223408984955,-0.161047960383627
"829",-0.16862243754902,1.0192213125665,0.195182821210265,-0.0267535099414161
"830",-0.16862243754902,1.01481410703214,-0.0407859895276781,-0.167881431044892
"831",-0.16862243754902,1.01304633544318,0.0623851907661883,-0.149569267324292
"832",-0.16862243754902,1.01356797223088,0.0148223707684046,-0.164621783664915
"833",-0.16862243754902,1.06026655399274,-0.336662691485362,-0.104035559677834
"834",-0.16862243754902,1.03168822047628,-0.252832465448758,0.0213618511515729
"835",-0.16862243754902,1.00173279746112,0.0565814534955247,-0.016344314901882
"836",-0.16862243754902,1.03761582005332,0.087987809173507,-0.262497115149443
"837",-0.16862243754902,1.07765869845187,-0.253759451505482,-0.311375032911457
"838",-0.16862243754902,1.00513860484798,-0.0997521499442877,0.0187915815521741
"839",-0.16862243754902,1.03407134261197,-0.0781233561141968,-0.251396664339022
"840",-0.16862243754902,1.08092989490933,-0.0484377783227694,-0.407508551247513
"841",-0.16862243754902,1.03913830436071,-0.083077209428318,-0.270012208729999
"842",-0.16862243754902,1.01343671670741,-0.106797615796039,-0.125092957559492
"843",-0.16862243754902,1.00330410052688,-0.0717817391469424,-0.0382949090493398
"844",-0.16862243754902,1.02311174226404,-0.170612113972772,-0.132850079880687
"845",-0.16862243754902,1.01704184419179,-0.0718476904330452,-0.170915248636524
"846",-0.16862243754902,1.06078213646412,-0.353795346170909,-0.00935917032565912
"847",-0.16862243754902,1.03858167413122,-0.279469049421074,-0.0234295594686614
"848",-0.16862243754902,1.02538615047425,-0.118836536298661,-0.193118189782695
"849",-0.16862243754902,1.07195832487775,-0.23005417515861,-0.310112442134788
"850",-0.16862243754902,1.01787336281624,-0.0444471725828506,-0.18463648496499
"851",-0.16862243754902,1.03953688126399,-0.0527486663036922,-0.279024202733814
"852",-0.16862243754902,1.00128730670448,0.0501446361082891,-0.00786040947232425
"853",-0.16862243754902,1.03063184282686,-0.066017687277038,-0.240507090155945
"854",-0.16862243754902,1.04215447824354,-0.207829934643589,-0.207105467791441
"855",-0.16862243754902,1.00564427742867,-0.0140125638916885,-0.105470663116378
"856",-0.16862243754902,1.00393270198111,-0.0883235811075992,-0.00893393124151982
"857",-0.16862243754902,1.02851147308894,-0.103281921980017,0.217183551098382
"858",-0.16862243754902,1.00758249794098,0.0511181339562228,-0.112291702889457
"859",-0.16862243754902,1.02881369554415,-0.1757049742375,0.166088476925456
"860",-0.16862243754902,1.00285649465405,-0.0755095928482682,-0.00441024463073176
"861",-0.16862243754902,1.11737885873921,-0.106002275576521,-0.487133484303767
"862",-0.16862243754902,1.00666322737404,-0.0725212061066376,-0.0900640217398167
"863",-0.16862243754902,1.01077013418962,0.0542873003100561,-0.13678140661196
"864",-0.16862243754902,1.03683702643938,-0.14790207194146,-0.230555842500428
"865",-0.16862243754902,1.07108226848571,-0.26101818158511,-0.281223638313899
"866",-0.16862243754902,1.02915355585371,-0.135417452613307,-0.202037509027539
"867",-0.16862243754902,1.07668412179768,-0.269390672809801,-0.294410196043431
"868",-0.16862243754902,1.05083701564429,-0.29537038194003,-0.130440679700795
"869",-0.16862243754902,1.02683625411269,-0.195220258292918,-0.127599935392714
"870",-0.16862243754902,1.01774658596289,-0.125930671504039,0.141242979342872
"871",-0.16862243754902,1.02726336470285,-0.16073210182635,-0.171566931263273
"872",-0.16862243754902,1.00091859100998,-0.0129424510128666,0.0408719805146267
"873",-0.16862243754902,1.0243872362901,-0.221103149267022,0.0219683239752112
"874",-0.16862243754902,1.00767494644784,-0.0733319796922841,0.100155970631168
"875",-0.16862243754902,1.02705644842058,-0.225916325739683,-0.0616989627674562
"876",-0.16862243754902,1.02288725758424,-0.159751495837203,-0.144145070349214
"877",-0.16862243754902,1.08837968311261,-0.165391455363028,0.396504730243168
"878",-0.16862243754902,1.02382113313033,-0.149169612086755,-0.161115298696799
"879",-0.16862243754902,1.03295921440745,-0.142008684265101,-0.21642151515632
"880",-0.16862243754902,1.02663048814994,-0.219737227637489,0.0754036470549218
"881",-0.16862243754902,1.04394305654059,0.0258003597509157,-0.298582395221202
"882",-0.16862243754902,1.00941131743629,-0.137057517228946,-0.0112447649821565
"883",-0.16862243754902,1.0389743024285,-0.244387537033314,0.14050741208057
"884",-0.16862243754902,1.00921423364504,-0.120465728504542,-0.0632564435263814
"885",-0.16862243754902,1.01315711259959,0.0715615850023576,-0.1461720710775
"886",-0.16862243754902,1.03312580627775,-0.220932112144262,-0.136154079705761
"887",-0.16862243754902,1.11859175581907,-0.425459604553522,-0.265012530042559
"888",-0.16862243754902,1.00000216847527,-0.00143171336753252,-0.00151233331938737
"889",-0.16862243754902,1.01721889247166,-0.0621756890634427,-0.175694219855855
"890",-0.16862243754902,1.1142535775344,-0.228860794352915,-0.43495260874761
"891",-0.16862243754902,1.04227748142479,-0.0308340181397968,-0.292218431332725
"892",-0.16862243754902,1.12321692297417,-0.508431387627773,-0.0558012556351149
"893",-0.16862243754902,1.03106417200174,-0.112763398387057,-0.224449866940985
"894",-0.16862243754902,1.03301543176364,-0.250281422704425,0.0669334872158672
"895",-0.16862243754902,1.02552938922553,-0.217611861205559,-0.0659970152956633
"896",-0.16862243754902,1.07177656138558,-0.309909447214589,-0.229480134352922
"897",-0.16862243754902,1.03470041369924,0.0999532768619874,-0.246199692432638
"898",-0.16862243754902,1.05910297423818,0.0167786586687318,-0.348450264246483
"899",-0.16862243754902,1.03099287688901,0.0539200859998184,-0.245028440230196
"900",-0.16862243754902,1.00223249106092,-0.0667692578534261,0.00343981741890387
"901",-0.16862243754902,1.05505778574175,-0.248831879182473,-0.226339627897557
"902",-0.16862243754902,1.1132171823831,-0.477534185164984,-0.10589427346074
"903",-0.16862243754902,1.02501331006854,0.135406587500203,-0.179770247480547
"904",-0.16862243754902,1.00552548790019,-0.0590480512768137,0.0871483474158782
"905",-0.16862243754902,1.00173027424284,-0.0423370618888482,-0.0408792799014622
"906",-0.16862243754902,1.01715289683211,-0.184778901757703,-0.021372248341668
"907",-0.16862243754902,1.01247176889658,0.0208758657023858,-0.157045474445292
"908",-0.16862243754902,1.01433304013639,-0.151107482805646,0.0777048579722149
"909",-0.16862243754902,1.02052138755575,-0.186991955239575,-0.0806096218474555
"910",-0.16862243754902,1.00411854987158,-0.0785754377437265,-0.0456066089462908
"911",-0.16862243754902,1.02810117200861,-0.0443015175929456,-0.234583450875026
"912",-0.16862243754902,1.06502413174646,-0.366420818712476,0.00349067563473689
"913",-0.16862243754902,1.04450129462137,-0.135476275551197,-0.269497928059747
"914",-0.16862243754902,1.01194987646935,-0.154747816436055,-0.00978088925400133
"915",-0.16862243754902,1.00195079757047,0.0528407701996344,-0.0333654575393103
"916",-0.16862243754902,1.01422198306507,-0.166131756369415,-0.0323491956323892
"917",-0.16862243754902,1.04478071571675,-0.0284344180883611,-0.3012610625381
"918",-0.16862243754902,1.05641492675977,0.195776453225055,-0.278718635622847
"919",-0.16862243754902,1.06779488163768,0.156065795392898,-0.340337151601181
"920",-0.16862243754902,1.03540164342601,0.0156102075235052,0.267979261567671
"921",-0.16862243754902,1.00354359018347,0.0839896175828602,0.00674400004613875
"922",-0.16862243754902,1.05044554363254,-0.133407985503533,-0.292639965728103
"923",-0.16862243754902,1.0103655504256,-0.0917100824835951,-0.111480071123394
"924",-0.16862243754902,1.05417247517118,-0.310897101429496,-0.120923941927396
"925",-0.16862243754902,1.04086072919412,-0.261386955047602,-0.12275144524384
"926",-0.16862243754902,1.02019374694095,0.0266661420604295,-0.200210384758204
"927",-0.16862243754902,1.03007347162685,-0.225648978341532,-0.100667251491354
"928",-0.16862243754902,1.04677469410505,-0.0539309942952376,-0.304678040024286
"929",-0.16862243754902,1.05253504192826,-0.15165311316845,-0.29125821491118
"930",-0.16862243754902,1.01281757979073,-0.0896260380898893,-0.133291497213673
"931",-0.16862243754902,1.01997627441939,-0.0677443729650619,-0.189109228516288
"932",-0.16862243754902,1.04771426838982,-0.197308332222128,-0.242434754569838
"933",-0.16862243754902,1.04711616013646,0.00418332622281651,-0.310539454177159
"934",-0.16862243754902,1.03290463441012,-0.0729141476968787,-0.248144133220094
"935",-0.16862243754902,1.01017222710021,-0.106089445671399,-0.0958799140682248
"936",-0.16862243754902,1.03119054421873,-0.0233206491106113,-0.250619404298997
"937",-0.16862243754902,1.00219990079942,-0.00795194828470798,0.0658893593900776
"938",-0.16862243754902,1.02519031075949,-0.012296970781047,-0.225530392153154
"939",-0.16862243754902,1.0178548957497,-0.187099137941624,0.0319765755378194
"940",-0.16862243754902,1.02015064718196,-0.147480324148493,0.137684047495825
"941",-0.16862243754902,1.03359217521686,-0.00380014528824883,-0.261339517802628
"942",-0.16862243754902,1.00117398629633,-0.0121429367389929,-0.0469244064836139
"943",-0.16862243754902,1.0028523110109,-0.00689894530276583,-0.0752672721281223
"944",-0.16862243754902,1.06420391479512,-0.341961482278316,-0.124869199177678
"945",-0.16862243754902,1.00752812329016,-0.0800522066994907,0.0932982498396303
"946",-0.16862243754902,1.00750758738923,-0.103677737802816,-0.0657454586337758
"947",-0.16862243754902,1.00012762298157,0.0151734866048808,-0.00500275474296053
"948",-0.16862243754902,1.03485773636376,-0.214265714320549,-0.158179449292968
"949",-0.16862243754902,1.0173115312311,-0.109402240506729,0.151505449894952
"950",-0.16862243754902,1.02207392367932,-0.126656181300262,-0.169095585997013
"951",-0.16862243754902,1.0076271224759,-0.120078665255218,-0.0298920072859981
"952",-0.16862243754902,1.0992505596144,-0.215854785895632,-0.402192123516271
"953",-0.16862243754902,1.04887454596072,-0.217246307226469,-0.230090971489023
"954",-0.16862243754902,1.01662453892415,-0.123343468806338,-0.13532125422697
"955",-0.16862243754902,1.01080558769168,-0.145322814517216,0.0246822950619874
"956",-0.16862243754902,1.00626172248827,-0.111938655033109,0.00569136665881188
"957",-0.16862243754902,1.00984145434738,0.130448546955478,0.0525636710630814
"958",-0.16862243754902,1.01081544523286,-0.0802594115476945,-0.123718596740035
"959",-0.16862243754902,1.01474075342191,0.130410715139134,-0.112658075752067
"960",-0.16862243754902,1.06779653873843,-0.347421053724463,-0.139599640295913
"961",-0.16862243754902,1.02471506876891,-0.19557240606098,-0.108592845756927
"962",-0.16862243754902,1.01395806454524,-0.141167827148171,-0.0904577317568615
"963",-0.16862243754902,1.09336511695145,-0.199709201455395,-0.394415407686255
"964",-0.16862243754902,1.01206342334981,-0.0269857772831493,-0.153441000736319
"965",-0.16862243754902,1.03041935290239,-0.0846462476315531,-0.233664408067812
"966",-0.16862243754902,1.03517193070143,-0.209022928971362,-0.167004015749224
"967",-0.16862243754902,1.03337557360434,0.0499494182446358,-0.255675833310693
"968",-0.16862243754902,1.00916718329139,-0.0693945605143336,-0.116631037049719
"969",-0.16862243754902,1.02081861811268,-0.0408017843635911,-0.201012102815296
"970",-0.16862243754902,1.00986399565033,0.0226439608248559,-0.13896956770826
"971",-0.16862243754902,1.00633848495177,0.0802466198550815,-0.0792314728933531
"972",-0.16862243754902,1.01673707810329,-0.0173833779213311,-0.182899163918447
"973",-0.16862243754902,1.00316480336541,-0.0636924856267459,-0.0477795980083611
"974",-0.16862243754902,1.08600472689113,-0.232333024800602,-0.354157637806771
"975",-0.16862243754902,1.01616403594877,-0.141704674178008,-0.111844236649863
"976",-0.16862243754902,1.01949610439778,0.112704269046713,-0.163309689304993
"977",-0.16862243754902,1.07807219220106,-0.261014006859476,-0.306775715825674
"978",-0.16862243754902,1.02501660107469,-0.050090620798911,-0.219430996412738
"979",-0.16862243754902,1.00868096431977,-0.0218057794552638,0.130237459140608
"980",-0.16862243754902,1.00465726701481,0.0224571004265869,-0.0939782038884717
"981",-0.16862243754902,1.07780128306718,-0.26877252253109,-0.299026649169497
"982",-0.16862243754902,1.01298693691718,0.0972215985234271,-0.129191699212453
"983",-0.16862243754902,1.09206887636276,-0.422975466568218,-0.117073418851663
"984",-0.16862243754902,1.07478912515024,-0.263257200878335,-0.293031243601967
"985",-0.16862243754902,1.04588164889269,0.212486131510078,-0.22072169672776
"986",-0.16862243754902,1.00862159271627,0.131595518627939,-0.000369825019039054
"987",-0.16862243754902,1.06330525353888,0.262774989100723,-0.248127723776464
"988",-0.16862243754902,1.00666161264535,-0.0227695949654966,-0.113354082056364
"989",-0.16862243754902,1.06955603423318,-0.340302652973707,-0.1677623758286
"990",-0.16862243754902,1.01034502241656,-0.0973344769392947,-0.106409886386923
"991",-0.16862243754902,1.01158079215156,-0.109323608917959,-0.106508439023075
"992",-0.16862243754902,1.02458244085283,-0.180724068332687,0.130797512320484
"993",-0.16862243754902,1.04446974745846,0.138167895389076,-0.268005011221226
"994",-0.16862243754902,1.05402094295025,-0.236699332574504,-0.234379124788281
"995",-0.16862243754902,1.05089903787823,-0.0742429532154009,-0.314446770871069
"996",-0.16862243754902,1.05592150740659,0.0380831050838725,-0.336927153715734
"997",-0.16862243754902,1.00237180100123,-0.0576325822734629,0.0377850883674513
"998",-0.16862243754902,1.0059925466305,-0.0704459951863787,-0.084014080000439
"999",-0.16862243754902,1.05713782982018,-0.223911787741076,-0.25962261563182
"1000",-0.16862243754902,1.08225064638401,-0.0722077584395685,-0.407495400243662
