"","t","","",""
"1",-0.16862243754902,1.05110597059307,-0.216761294342187,-0.240495951507488
"2",-0.16862243754902,1.05545958238158,-0.285319327511455,-0.180520944462147
"3",-0.16862243754902,1.07303784988495,-0.217027390060206,-0.322969563967532
"4",-0.16862243754902,1.09939545384924,-0.446231206881739,-0.097714246398557
"5",-0.16862243754902,1.00757080810295,-0.0619628356731044,0.10658114437636
"6",-0.16862243754902,1.03628979350178,-0.203324373470036,-0.180432079378834
"7",-0.16862243754902,1.04002639802301,-0.285753197721565,-0.000136296076280094
"8",-0.16862243754902,1.02387410645915,-0.200068409462558,-0.0910539258497427
"9",-0.16862243754902,1.11021355765542,-0.464992789699148,-0.127889988387348
"10",-0.16862243754902,1.00087470944219,-0.0308277390678337,-0.0282813455293346
"11",-0.16862243754902,1.00534864515728,-0.0929857748533862,-0.0456020174388832
"12",-0.16862243754902,1.02041812312403,-0.12850992998048,-0.15728427733366
"13",-0.16862243754902,1.0369805965766,-0.274447723164146,0.00268419939380217
"14",-0.16862243754902,1.04421285745796,-0.23765903694369,-0.184115925002453
"15",-0.16862243754902,1.00147558460426,-0.016529462527394,0.0517699085087892
"16",-0.16862243754902,1.10358239702598,-0.118860077601906,-0.45140490579754
"17",-0.16862243754902,1.02890455464161,0.242161033188709,-0.00161758067118454
"18",-0.16862243754902,1.00745682564092,0.104911657295169,0.0629507719893488
"19",-0.16862243754902,1.06514717927815,-0.358728279537004,0.0765018626218795
"20",-0.16862243754902,1.02945791157014,-0.128682041186267,0.207905084041968
"21",-0.16862243754902,1.00898074654407,-0.11996311048118,-0.0604234972532882
"22",-0.16862243754902,1.00824963387147,0.00284886974824508,0.128682586790581
"23",-0.16862243754902,1.08510943946823,-0.271096421728787,-0.322442592950902
"24",-0.16862243754902,1.04696006583786,-0.128588110174852,-0.282117843074258
"25",-0.16862243754902,1.13885936038898,-0.431455720445093,-0.332936336317925
"26",-0.16862243754902,1.02219426336198,0.211437544548475,-0.0132392146842567
"27",-0.16862243754902,1.05808834593657,-0.0535462146736058,-0.341590033081918
"28",-0.16862243754902,1.01624168756216,-0.174816850124785,0.0467572074833373
"29",-0.16862243754902,1.00612626787901,-0.106356892549291,0.0312774411261262
"30",-0.16862243754902,1.00527026221252,-0.0245757500823582,-0.0998215036789397
"31",-0.16862243754902,1.02351662168754,0.0519121470070884,-0.211875916195769
"32",-0.16862243754902,1.01667004980813,-0.171883222609482,-0.063829052650448
"33",-0.16862243754902,1.01710403419334,-0.182078401011327,-0.0367161035178134
"34",-0.16862243754902,1.02031225317449,-0.16811037718527,-0.113030947357958
"35",-0.16862243754902,1.01286107290934,-0.0310622925382968,0.157869208515555
"36",-0.16862243754902,1.00769920525862,-0.0896741716672287,0.0861175430132801
"37",-0.16862243754902,1.06821620687089,-0.328867160238025,-0.181472464959869
"38",-0.16862243754902,1.02967489224604,-0.245186872690289,0.0106668262499829
"39",-0.16862243754902,1.01617146802174,-0.0646917560241062,-0.168580630927701
"40",-0.16862243754902,1.00424648357025,-0.00981577598372083,0.0917314030474704
"41",-0.16862243754902,1.10498385064789,-0.0100501506933225,-0.469987557988155
"42",-0.16862243754902,1.0323514209564,-0.173095245079061,-0.189175824252773
"43",-0.16862243754902,1.03385461019201,-0.0800392084973147,-0.249898139485653
"44",-0.16862243754902,1.07864929544195,-0.166799236449452,-0.368323658318738
"45",-0.16862243754902,1.02920383350762,-0.0518931784155585,-0.237839502481648
"46",-0.16862243754902,1.00352646045605,-0.0451135627661039,-0.0709233620889148
"47",-0.16862243754902,1.01274872891836,0.160062380052195,-0.00632632735381714
"48",-0.16862243754902,1.01615867713006,-0.177505006925136,-0.0327174207909566
"49",-0.16862243754902,1.02006355423509,-0.194935591652142,-0.0502968168570068
"50",-0.16862243754902,1.00209068062424,0.00281090789881996,0.0646361430682679
"51",-0.16862243754902,1.00328646677325,-0.0257502183905984,0.0769458294073964
"52",-0.16862243754902,1.07266159923883,0.146908564481466,-0.359194627136319
"53",-0.16862243754902,1.00321435539788,-0.0516130102402248,-0.0614421683399868
"54",-0.16862243754902,1.03611613168508,-0.214715483076936,0.165631819603264
"55",-0.16862243754902,1.02160130397164,-0.178661226479504,0.108394605167413
"56",-0.16862243754902,1.00066838281619,-0.000927156045303652,-0.0365561588468432
"57",-0.16862243754902,1.07998478585601,-0.407786347973499,0.00879955037979471
"58",-0.16862243754902,1.04867184324458,-0.103931303084332,-0.298179340419777
"59",-0.16862243754902,1.01978928162906,-0.0902440857730962,0.178398945928778
"60",-0.16862243754902,1.00234711313367,0.0467948139167426,-0.0500997065649704
"61",-0.16862243754902,1.02730305076895,-0.147412082840797,-0.183360944455806
"62",-0.16862243754902,1.02816270202925,-0.178393785030724,-0.159041501836783
"63",-0.16862243754902,1.03262608434576,-0.153599950955703,-0.206697085459998
"64",-0.16862243754902,1.08976767215503,-0.418942620306006,0.109912056505827
"65",-0.16862243754902,1.00816957763477,-0.0518959249122002,-0.11710128199889
"66",-0.16862243754902,1.04674574779182,-0.272903383201541,-0.145603584974461
"67",-0.16862243754902,1.00707125142115,-0.119130737026538,0.000610683618612013
"68",-0.16862243754902,1.02124295668394,-0.202953747790997,-0.0417965648605895
"69",-0.16862243754902,1.12015986398554,-0.353185382190199,-0.360580374800492
"70",-0.16862243754902,1.00595147183424,-0.10122675093169,-0.041127953769639
"71",-0.16862243754902,1.05180750203584,-0.32595802189776,-0.00709854206026277
"72",-0.16862243754902,1.03351352891434,-0.23752389190057,-0.108317197274421
"73",-0.16862243754902,1.00427366228453,-0.0835830195719918,-0.0397425162466728
"74",-0.16862243754902,1.10136619210062,-0.44947265865738,-0.104794170742879
"75",-0.16862243754902,1.02336913220781,-0.21027158977152,0.0554097400347923
"76",-0.16862243754902,1.07251674603927,-0.371881288043558,-0.109528435292981
"77",-0.16862243754902,1.03089442169053,-0.141682819386884,-0.206565455396685
"78",-0.16862243754902,1.05556785791122,-0.298496933953575,0.158502627976958
"79",-0.16862243754902,1.0176673142695,-0.0160104508272432,-0.188123438191034
"80",-0.16862243754902,1.00439510392893,0.00370012163760407,0.0937861071602495
"81",-0.16862243754902,1.13526989406423,-0.450366796227684,-0.293270321076349
"82",-0.16862243754902,1.05297481792549,-0.321830670207883,-0.0719790726445729
"83",-0.16862243754902,1.1239450624302,-0.345429019006685,-0.379382783200969
"84",-0.16862243754902,1.08246800258549,-0.308146013863014,-0.277097475199167
"85",-0.16862243754902,1.06510504270578,-0.10857517318602,-0.350228759191613
"86",-0.16862243754902,1.06137800422523,-0.239380779000272,-0.263097150304526
"87",-0.16862243754902,1.03899980684334,-0.149821537234146,-0.23890187441981
"88",-0.16862243754902,1.04958113626277,-0.318239099074956,-0.0185590252599827
"89",-0.16862243754902,1.02465587201392,-0.146809979604739,-0.168423531435061
"90",-0.16862243754902,1.01603028159167,-0.102749383813998,-0.14751304090521
"91",-0.16862243754902,1.01295090192497,0.000793946932796355,-0.161458661455119
"92",-0.16862243754902,1.01900707007844,-0.0909344912846911,-0.173511749356174
"93",-0.16862243754902,1.00632795371728,-0.105577520170676,-0.0393616268391454
"94",-0.16862243754902,1.02681969136122,-0.135878272829969,-0.189461799685023
"95",-0.16862243754902,1.01692999878422,-0.018134743688752,-0.183896039920974
"96",-0.16862243754902,1.10994130562536,-0.109805459045034,-0.468948252046255
"97",-0.16862243754902,1.01561909838015,-0.149050099218452,-0.0962612119052554
"98",-0.16862243754902,1.0018047796705,-0.0332108081626497,-0.0500984909138494
"99",-0.16862243754902,1.04277644805716,-0.0185367205450294,-0.295023915325753
"100",-0.16862243754902,1.05905728462811,-0.161270665473829,-0.309182962954765
"101",-0.16862243754902,1.00693239931059,0.0462887865216996,-0.108490575736974
"102",-0.16862243754902,1.02100782282242,-0.203807895457649,-0.0303202244995525
"103",-0.16862243754902,1.02575618130597,0.149748299760255,-0.172485333307832
"104",-0.16862243754902,1.00006800891337,0.00998244236750026,0.0060310278011398
"105",-0.16862243754902,1.00757038096431,-0.0392502849316827,-0.116865254585582
"106",-0.16862243754902,1.00719873144672,-0.0508465651570608,-0.108921583901474
"107",-0.16862243754902,1.02547284161142,-0.077447035855143,-0.213533382682572
"108",-0.16862243754902,1.01484788239925,-0.0921038106772922,-0.146400520726399
"109",-0.16862243754902,1.01882409817598,0.0205538786298602,-0.193855825544064
"110",-0.16862243754902,1.05245184306918,-0.328100272148565,-0.00225685527812359
"111",-0.16862243754902,1.00467539623703,-0.0738449561081669,-0.0626065033475586
"112",-0.16862243754902,1.0176884333187,-0.083015893351264,0.169700055279207
"113",-0.16862243754902,1.04930641501544,-0.136355785601183,-0.287142912720533
"114",-0.16862243754902,1.0070423830985,0.0361990127371157,-0.113243069693341
"115",-0.16862243754902,1.06364659759198,-0.361062359801626,0.0312739013152263
"116",-0.16862243754902,1.01405704342364,-0.11746128053689,-0.120476283523874
"117",-0.16862243754902,1.00192529856203,-0.0131491341026844,-0.0606745759850355
"118",-0.16862243754902,1.01836312824508,-0.188563563834275,0.0388232322614902
"119",-0.16862243754902,1.01830568869324,-0.170860575409557,-0.088051913072566
"120",-0.16862243754902,1.01695750031221,-0.172600776515534,-0.0664193449794705
"121",-0.16862243754902,1.00377439266945,-0.0157853387597025,-0.0855210761108346
"122",-0.16862243754902,1.05097449866987,-0.113494239954373,-0.302764684782684
"123",-0.16862243754902,1.0007790723323,-0.0322966429793028,-0.0227085550084302
"124",-0.16862243754902,1.04543655403725,-0.269326991285782,-0.142830529937502
"125",-0.16862243754902,1.0368378125845,-0.262899973113519,-0.0769171875586239
"126",-0.16862243754902,1.05193320264953,-0.292178449403887,-0.145585770391361
"127",-0.16862243754902,1.05204005849282,-0.0743962760533727,-0.318203517867049
"128",-0.16862243754902,1.03805614484566,-0.227479831528018,-0.160665758952595
"129",-0.16862243754902,1.0065889541238,-0.112122229702583,0.0254936888380932
"130",-0.16862243754902,1.02494173715847,0.00934459167957698,-0.22454007031211
"131",-0.16862243754902,1.01737954134837,0.023668174482303,-0.185744309928728
"132",-0.16862243754902,1.09456441777832,-0.421878923125881,-0.141737217725379
"133",-0.16862243754902,1.05776529096011,0.181327838613846,-0.293236467212977
"134",-0.16862243754902,1.01139113005962,0.0998192469707918,-0.113789876076313
"135",-0.16862243754902,1.06194373467275,-0.355712711315947,0.0345392909448759
"136",-0.16862243754902,1.05873854573381,-0.171858169392757,-0.302311226777163
"137",-0.16862243754902,1.00316944665015,0.0618863984231468,-0.0501897637230029
"138",-0.16862243754902,1.03075214236369,-0.188011106043595,-0.164626252437475
"139",-0.16862243754902,1.0123261805285,-0.155744321211784,-0.0234094466765204
"140",-0.16862243754902,1.08030457176203,-0.193465184961898,-0.36004053935301
"141",-0.16862243754902,1.03091019944394,0.250496890533368,0.00521029276032443
"142",-0.16862243754902,1.01142841582068,-0.139773726463021,0.0587430482709503
"143",-0.16862243754902,1.09783719188226,-0.444199720758153,-0.0890679962629698
"144",-0.16862243754902,1.04091834485232,-0.264633205992863,-0.116104551745499
"145",-0.16862243754902,1.02522178039475,0.212881757667097,-0.0759016221721065
"146",-0.16862243754902,1.04931892475918,-0.316146006396122,0.0334949025607647
"147",-0.16862243754902,1.0332494674238,-0.142092087661184,-0.217748250407778
"148",-0.16862243754902,1.00226605021724,0.0330234814051934,-0.0587084754864903
"149",-0.16862243754902,1.00471444119029,-0.087778057809191,-0.0417866115349297
"150",-0.16862243754902,1.01801356970502,0.0592765062462022,-0.181212372399932
"151",-0.16862243754902,1.09697728492189,-0.0925909946240736,-0.441345750346739
"152",-0.16862243754902,1.00647878735137,-0.112839285903812,-0.0163353893437225
"153",-0.16862243754902,1.09582993668428,-0.316855418524087,-0.316932001990006
"154",-0.16862243754902,1.0059535188877,-0.0903557391327897,-0.0614680613678361
"155",-0.16862243754902,1.04024614443769,-0.162250083240459,-0.236192615265469
"156",-0.16862243754902,1.023738772024,-0.217652613114824,-0.0258536912161076
"157",-0.16862243754902,1.09736441689128,-0.451831069578568,0.00757284772252119
"158",-0.16862243754902,1.01681908492724,-0.14026552796023,-0.119359260798268
"159",-0.16862243754902,1.02193269533959,-0.197291859549725,0.073636648209029
"160",-0.16862243754902,1.03376249845482,-0.112580709946856,0.236623090503469
"161",-0.16862243754902,1.03708975324013,-0.270687234692541,-0.0477867894943417
"162",-0.16862243754902,1.03118126033793,-0.249895197935991,0.0297855958584622
"163",-0.16862243754902,1.02875595263359,-0.18169797429962,-0.159137224477712
"164",-0.16862243754902,1.03612284592273,-0.0681316826576394,-0.262504525030058
"165",-0.16862243754902,1.02349480391315,0.187739217020053,-0.11088552669269
"166",-0.16862243754902,1.05817321585488,0.0696158394843485,-0.338945703093498
"167",-0.16862243754902,1.05278608938726,-0.059046359477758,-0.323839585967704
"168",-0.16862243754902,1.02774904362616,-0.185648671391012,0.147657263570872
"169",-0.16862243754902,1.01816812097951,0.0631017180624276,-0.18078853878636
"170",-0.16862243754902,1.01419684306364,-0.0842843963552304,-0.14659937588982
"171",-0.16862243754902,1.01325731733775,-0.132509289144052,-0.0955598212065899
"172",-0.16862243754902,1.04538302516957,-0.293212524143349,-0.0827773217624285
"173",-0.16862243754902,1.00369684328062,0.0859688396760384,-0.00408800883439766
"174",-0.16862243754902,1.04860013065935,0.093006848318832,-0.30151610269538
"175",-0.16862243754902,1.01518298697535,0.0253684244078492,-0.173069177172778
"176",-0.16862243754902,1.05712968812826,-0.224701451371541,-0.258906228727082
"177",-0.16862243754902,1.02061279857037,-0.177109210447369,-0.101404201985693
"178",-0.16862243754902,1.02065925705999,-0.0898311246290078,0.183509367799409
"179",-0.16862243754902,1.00589595223659,-0.0159349215708937,0.107576693574758
"180",-0.16862243754902,1.0199781484015,-0.12321260484832,-0.158663408582597
"181",-0.16862243754902,1.00634379723718,0.046652491607423,-0.102719926326727
"182",-0.16862243754902,1.03358077609043,-0.151325476531575,-0.21304886964305
"183",-0.16862243754902,1.00071544130273,-0.0378014262684919,0.00156417191486591
"184",-0.16862243754902,1.06216061403249,0.00622725340776002,-0.357975406022369
"185",-0.16862243754902,1.02282823136666,-0.151517471063105,-0.152381254894751
"186",-0.16862243754902,1.06910188056024,-0.197721845410062,-0.322311809999382
"187",-0.16862243754902,1.0060145320834,-0.00938004582391643,-0.109440639176344
"188",-0.16862243754902,1.06971837702241,-0.354539076012791,-0.13637979952855
"189",-0.16862243754902,1.03861130176071,-0.1285551189025,-0.249373249465606
"190",-0.16862243754902,1.00151490765452,0.0423582144478277,0.0351836883091296
"191",-0.16862243754902,1.01134636010301,-0.148974311211539,-0.0250622164355017
"192",-0.16862243754902,1.00492695048619,-0.0297057621197925,-0.0948458934817807
"193",-0.16862243754902,1.00596634548944,0.0281805558648921,-0.105707826240688
"194",-0.16862243754902,1.01569445753219,-0.173228638437728,-0.0403369543549064
"195",-0.16862243754902,1.00013380403226,0.00411319225112081,0.0158337493206938
"196",-0.16862243754902,1.05423918382821,-0.128126665252092,-0.308226887811811
"197",-0.16862243754902,1.0001389165216,-0.00718175177671805,0.0150424327291241
"198",-0.16862243754902,1.01325257932636,-0.0781193364733988,-0.143450893271775
"199",-0.16862243754902,1.03189230160958,-0.250056691598867,0.047679902555924
"200",-0.16862243754902,1.02772696976812,-0.192961227784356,-0.13779945196086
"201",-0.16862243754902,1.0578839348587,-0.0719989722697476,-0.337541949428858
"202",-0.16862243754902,1.01870861464417,0.0822107175131407,-0.176092701371207
"203",-0.16862243754902,1.00301079508063,0.0363085249019995,-0.0686465299030291
"204",-0.16862243754902,1.02560865921061,-0.196886335766054,0.114494072494656
"205",-0.16862243754902,1.00567448727548,-0.100147890639918,0.0367637641865759
"206",-0.16862243754902,1.00495786247028,0.0906213465267573,-0.041570144268664
"207",-0.16862243754902,1.05030890949439,-0.1052185566659,-0.303443340174811
"208",-0.16862243754902,1.00377793456431,-0.017369035256648,-0.0852552551602401
"209",-0.16862243754902,1.08910035619588,-0.289931646393999,-0.319498397938492
"210",-0.16862243754902,1.01602497037234,-0.0316907100273204,-0.176924953915735
"211",-0.16862243754902,1.010077835523,-0.10891914116983,-0.0916179813227421
"212",-0.16862243754902,1.03963901209427,-0.282490871218045,0.0323756567010494
"213",-0.16862243754902,1.01996119478564,-0.198708409749014,-0.0289103227856002
"214",-0.16862243754902,1.01547248214449,0.0893291951933476,0.1523307483038
"215",-0.16862243754902,1.01373520703218,-0.141352438060803,0.0876273828825279
"216",-0.16862243754902,1.0969697511985,-0.383246437915174,-0.237623237226137
"217",-0.16862243754902,1.03070902949968,-0.0755502179585286,-0.238019469914933
"218",-0.16862243754902,1.0179830116652,0.0085386572265374,-0.190306340860528
"219",-0.16862243754902,1.0819583990362,-0.413027113997631,0.00652536188770783
"220",-0.16862243754902,1.00934886543419,-0.128015298987361,-0.0489613661826163
"221",-0.16862243754902,1.07499431509832,-0.370441497193185,-0.13559452293872
"222",-0.16862243754902,1.00279009376371,0.0271079641492037,-0.0696644129403085
"223",-0.16862243754902,1.02322639403527,-0.139264751469399,-0.166125201124284
"224",-0.16862243754902,1.00209346221068,0.0369925646326788,-0.0531305671650966
"225",-0.16862243754902,1.01144630188656,-0.0782720569379784,-0.129988871457087
"226",-0.16862243754902,1.07841713112121,-0.177986035707831,-0.36235960010563
"227",-0.16862243754902,1.01304283264918,-0.0293237453225323,-0.159360907195408
"228",-0.16862243754902,1.00896052594312,0.0326592814622492,-0.130133447836364
"229",-0.16862243754902,1.02372089183355,-0.0915221200936932,-0.199068244353612
"230",-0.16862243754902,1.02456939655685,-0.2173923674164,0.0498297797503419
"231",-0.16862243754902,1.07915262225671,-0.0393843579620686,-0.403756429634803
"232",-0.16862243754902,1.05506292012732,-0.335563590397997,0.0235550891909643
"233",-0.16862243754902,1.01003018531962,0.0423834216900606,-0.135516127537038
"234",-0.16862243754902,1.01088256996997,-0.0894905883580858,0.117792210542185
"235",-0.16862243754902,1.01763855343596,-0.133117516435898,0.13367105990894
"236",-0.16862243754902,1.07831777923585,-0.313008854344665,-0.254548011420214
"237",-0.16862243754902,1.05213394959698,-0.116551619520113,-0.305616700920912
"238",-0.16862243754902,1.05483407568559,-0.146556856204028,-0.301986779722324
"239",-0.16862243754902,1.03359189743265,0.0794705727412879,-0.248991241827107
"240",-0.16862243754902,1.05162558950859,-0.075654526460735,-0.316532420354201
"241",-0.16862243754902,1.05632931036437,-0.183210149808619,-0.28681989634954
"242",-0.16862243754902,1.01494905568822,-0.116484064223266,-0.128658650795214
"243",-0.16862243754902,1.01834567434043,-0.128838136494895,0.14292881806129
"244",-0.16862243754902,1.0215378428278,0.13494873662001,-0.15914899564223
"245",-0.16862243754902,1.01199524717899,-0.13334030617128,-0.0797166423215113
"246",-0.16862243754902,1.00801795207148,0.111383748331421,-0.0607770705614047
"247",-0.16862243754902,1.00157626263013,-0.0405661633068625,0.0388509492637461
"248",-0.16862243754902,1.11899900356758,0.142933061247727,-0.481382290895285
"249",-0.16862243754902,1.02559120821012,-0.226973805273446,-0.0178946382353861
"250",-0.16862243754902,1.05804048860162,-0.233347367031538,-0.254948390502472
"251",-0.16862243754902,1.00715397877096,0.0124615804304049,-0.119179889106126
"252",-0.16862243754902,1.00526257718867,0.0666234536645422,0.0781931232130332
"253",-0.16862243754902,1.08684183190207,-0.222905460106881,-0.362682124493048
"254",-0.16862243754902,1.0258407576996,-0.220474012593766,-0.0611593813612891
"255",-0.16862243754902,1.1012503320036,-0.238891901249465,-0.394566791881249
"256",-0.16862243754902,1.08415163725432,0.0515511456207123,-0.415604682296062
"257",-0.16862243754902,1.01816195456708,-0.190988489350474,-0.0133102465594124
"258",-0.16862243754902,1.00317980030942,0.0588417375004301,-0.0539199562016288
"259",-0.16862243754902,1.12549789933635,-0.514294934978141,-0.0473945278102733
"260",-0.16862243754902,1.00035294802762,-0.0114491011226328,-0.0239778796190723
"261",-0.16862243754902,1.03354354887462,-0.260458099166077,0.0193350975982014
"262",-0.16862243754902,1.05372744456326,0.0098691218766488,0.332030311657237
"263",-0.16862243754902,1.00734623169213,-0.0419239597336073,-0.113968469782652
"264",-0.16862243754902,1.04371478365428,-0.295997825102284,0.041543196232592
"265",-0.16862243754902,1.00923606066541,-0.112782027302156,-0.0764044531755587
"266",-0.16862243754902,1.06786281056865,-0.224697425054263,-0.299736633345937
"267",-0.16862243754902,1.01750683617926,-0.109305207933418,0.152880780970529
"268",-0.16862243754902,1.01563215015672,0.177498482481921,0.00171847274332062
"269",-0.16862243754902,1.01550147403657,-0.173413135570268,-0.0342217501325036
"270",-0.16862243754902,1.02615493236298,-0.174901107725096,-0.149678147133786
"271",-0.16862243754902,1.05809726067142,-0.343702728180652,0.0379242360704894
"272",-0.16862243754902,1.07371380483239,-0.336276130394712,-0.199448486618507
"273",-0.16862243754902,1.0445945249994,-0.267145329184136,-0.140751890764662
"274",-0.16862243754902,1.00512082610957,-0.101154431697612,-0.00597126679318146
"275",-0.16862243754902,1.03353143551628,0.0996436155479443,-0.24136772377612
"276",-0.16862243754902,1.00320884640044,-0.0788588671808147,0.0144661177606467
"277",-0.16862243754902,1.05095466494265,-0.167721910276378,-0.276360396182168
"278",-0.16862243754902,1.0503416417281,0.00810387365066911,-0.321172681870579
"279",-0.16862243754902,1.03725180540726,-0.271680512203294,0.0456180568369077
"280",-0.16862243754902,1.01958205632591,-0.149806524208478,-0.130788282679834
"281",-0.16862243754902,1.08634840831019,-0.330401073763027,-0.266435723382451
"282",-0.16862243754902,1.00841532787197,0.0631660507615739,-0.113628885052659
"283",-0.16862243754902,1.05100335728665,-0.294299156853068,-0.13414940664568
"284",-0.16862243754902,1.04695623281941,-0.113196161560702,-0.288624292891858
"285",-0.16862243754902,1.00372621489195,-0.0112695504276601,0.0856697828553447
"286",-0.16862243754902,1.02216310229798,-0.152944733351948,-0.146373891932014
"287",-0.16862243754902,1.0259404193194,-0.222238013955496,-0.056249525743695
"288",-0.16862243754902,1.07643516885542,-0.234620382022855,-0.321971969413854
"289",-0.16862243754902,1.04457026705068,-0.203117605916861,-0.22331654881115
"290",-0.16862243754902,1.02130402733975,-0.143180644049662,-0.150203926146809
"291",-0.16862243754902,1.01117757755055,0.131062493622074,0.0728197507999612
"292",-0.16862243754902,1.07467291581181,-0.311394321899542,-0.240739386615873
"293",-0.16862243754902,1.01908995172675,-0.134433841866274,-0.143079949229462
"294",-0.16862243754902,1.00904512119471,-0.126630367816499,0.0462256049554638
"295",-0.16862243754902,1.10691984678612,-0.391468472965836,-0.268372841179577
"296",-0.16862243754902,1.00047003051352,0.029810006277307,0.00718647907301728
"297",-0.16862243754902,1.03066656128297,-0.23291923541796,-0.0895666808537936
"298",-0.16862243754902,1.00169045660275,-0.0398126047700993,0.0424114059004669
"299",-0.16862243754902,1.03311893714293,-0.194896741048243,-0.171318412939515
"300",-0.16862243754902,1.10371702453901,-0.0686723267934621,-0.462033961727933
"301",-0.16862243754902,1.03028758357443,-0.228293520208899,-0.0968223811846913
"302",-0.16862243754902,1.05119954260921,0.240791846583592,-0.216886525631904
"303",-0.16862243754902,1.02624722925857,-0.21354905053968,0.0870642209779517
"304",-0.16862243754902,1.03113496681996,-0.226579182946297,-0.109092592114132
"305",-0.16862243754902,1.03219965120527,-0.239841626874327,-0.0889500644551039
"306",-0.16862243754902,1.01325666949375,0.155868950984568,-0.0489279919119125
"307",-0.16862243754902,1.02406117204462,-0.198826971808653,-0.0957555187485348
"308",-0.16862243754902,1.00755905789121,-0.122913830308354,0.00821251834383549
"309",-0.16862243754902,1.01192511231586,-0.046499434802885,-0.147750585442103
"310",-0.16862243754902,1.03659338793381,-0.152590483076491,-0.226366950729501
"311",-0.16862243754902,1.07042176316117,-0.321170071942186,-0.206524903916517
"312",-0.16862243754902,1.04106638075421,0.286208908839852,-0.0436310627577786
"313",-0.16862243754902,1.02430857639628,-0.190538492677726,-0.113592000101542
"314",-0.16862243754902,1.07816290670081,-0.159885201234911,-0.369962127536874
"315",-0.16862243754902,1.01064270191179,-0.106411364031724,-0.100375756696929
"316",-0.16862243754902,1.01414942336139,-0.0922311917021762,-0.141394696440288
"317",-0.16862243754902,1.09639853545442,-0.193581083421991,-0.405729112447917
"318",-0.16862243754902,1.00741672438103,0.0803059157906901,-0.0918662966033846
"319",-0.16862243754902,1.0092519806373,-0.0903027724618962,-0.102151699476817
"320",-0.16862243754902,1.08920649701758,-0.39195643290852,-0.180944598833281
"321",-0.16862243754902,1.001452965601,-0.00228732486162246,0.0538777361812914
"322",-0.16862243754902,1.13821914604671,-0.308756670289557,-0.447450715698404
"323",-0.16862243754902,1.00962469702661,-0.0755906999614845,0.116739346089522
"324",-0.16862243754902,1.04174594346963,-0.288916516414429,0.0419744836583391
"325",-0.16862243754902,1.07728268486438,-0.340360082991433,-0.211407182977931
"326",-0.16862243754902,1.02069919318115,-0.143285045883129,-0.145932308235459
"327",-0.16862243754902,1.01542731132016,0.16967789181199,-0.0479795540321942
"328",-0.16862243754902,1.14056798830928,-0.540583595669967,-0.0930844350490844
"329",-0.16862243754902,1.00151531757619,-0.0181084207121869,-0.0520097725341309
"330",-0.16862243754902,1.055941976962,-0.257317890784353,-0.220909397248515
"331",-0.16862243754902,1.05753808660495,0.208193833211472,-0.273938190898535
"332",-0.16862243754902,1.04463957792623,-0.278320957536232,-0.117512945525227
"333",-0.16862243754902,1.01663243832904,-0.0609998705672223,-0.172686219640202
"334",-0.16862243754902,1.03654475914831,-0.225912515340635,-0.152933230954889
"335",-0.16862243754902,1.02962875730876,-0.0131122745498451,-0.244874347642429
"336",-0.16862243754902,1.00269526499643,0.0397381931087875,0.0617953918565844
"337",-0.16862243754902,1.03910663301677,-0.177119574786113,-0.219934651674172
"338",-0.16862243754902,1.03920233414971,-0.198832293693268,0.201015447881199
"339",-0.16862243754902,1.02455478838098,-0.173526153823034,0.140004243984859
"340",-0.16862243754902,1.03851150180741,-0.142580760393731,-0.241198810427908
"341",-0.16862243754902,1.01409355901674,0.103690099498702,-0.132793485175959
"342",-0.16862243754902,1.04293028940584,0.0736977060889141,-0.286831373244586
"343",-0.16862243754902,1.05904356799094,-0.258298209989509,-0.234212112451914
"344",-0.16862243754902,1.05092449787793,-0.232546750278094,-0.224419939343783
"345",-0.16862243754902,1.02243323831849,-0.00866191403067618,0.212825510838692
"346",-0.16862243754902,1.00288381541232,0.0328253231271098,-0.0685452068168928
"347",-0.16862243754902,1.07635189680442,-0.350724936800983,-0.188481894250952
"348",-0.16862243754902,1.04089015955542,0.0735971990505455,-0.27934884383369
"349",-0.16862243754902,1.07763831203349,-0.301909087769736,-0.264868333865017
"350",-0.16862243754902,1.02147532849271,-0.174826848151687,0.113346459515192
"351",-0.16862243754902,1.03121232509382,-0.193577299490775,-0.161017665326706
"352",-0.16862243754902,1.12717450416272,-0.378829987005641,-0.356384909584815
"353",-0.16862243754902,1.00135963927414,-0.0508813131738828,-0.0114986580494209
"354",-0.16862243754902,1.1311237313257,-0.521477631791402,-0.0866139429272106
"355",-0.16862243754902,1.04634332524985,-0.179233586968112,-0.250419000072782
"356",-0.16862243754902,1.06702269729159,-0.359962848309559,0.0946793766999009
"357",-0.16862243754902,1.00034480063335,-0.00882017577065779,-0.0247371108570919
"358",-0.16862243754902,1.04243177678981,-0.28685174003448,-0.0661822370455933
"359",-0.16862243754902,1.07717938334001,-0.295272060566262,-0.270425283843266
"360",-0.16862243754902,1.0289359190332,-0.240794481834993,0.0269655890815746
"361",-0.16862243754902,1.06232293399413,0.00292096731104355,-0.358498931713691
"362",-0.16862243754902,1.00126102639482,-0.0472903988027714,-0.0169487804366912
"363",-0.16862243754902,1.00213407221929,-0.0436150285476474,-0.0486870412698413
"364",-0.16862243754902,1.0079786951081,0.1232978130671,-0.0286129181437454
"365",-0.16862243754902,1.03165946417241,-0.245341427811345,-0.0642560021786778
"366",-0.16862243754902,1.06028449442446,-0.279968504730554,-0.214058042305975
"367",-0.16862243754902,1.00954064718834,-0.134794739877627,0.0316653821509578
"368",-0.16862243754902,1.03894761988672,-0.276456178923152,-0.0546272642870956
"369",-0.16862243754902,1.02858090680544,-0.143481456946875,-0.193369473695076
"370",-0.16862243754902,1.00306363068734,-0.0773361201312389,-0.0124808545665307
"371",-0.16862243754902,1.06341336125768,-0.0907172158540595,-0.350169050101581
"372",-0.16862243754902,1.08740881383507,-0.263476503569037,-0.33621133305294
"373",-0.16862243754902,1.07675841387597,-0.392519994245388,-0.0730529668822709
"374",-0.16862243754902,1.00663068252016,0.115232124216953,-0.00518541603421459
"375",-0.16862243754902,1.0039569296707,-0.059066057976618,-0.0666387081876102
"376",-0.16862243754902,1.10053273500034,-0.234873961694371,-0.394976610605399
"377",-0.16862243754902,1.00521161793208,-0.0181575149412345,-0.100601697186411
"378",-0.16862243754902,1.01279357655889,-0.112948673748248,-0.113988709166575
"379",-0.16862243754902,1.00329005278092,0.0654911424731351,-0.0479774975036364
"380",-0.16862243754902,1.00101652997127,-0.0260462430664562,0.036819648258072
"381",-0.16862243754902,1.0353253016795,-0.0818454466244394,-0.255342521262325
"382",-0.16862243754902,1.11272798441348,-0.406966798990773,-0.269335463346519
"383",-0.16862243754902,1.05692500342742,-0.177447858967654,-0.292579425486209
"384",-0.16862243754902,1.01474006072308,-0.165293166781966,0.0487397153404717
"385",-0.16862243754902,1.00466497157756,-0.0852830895774677,0.0455905664261316
"386",-0.16862243754902,1.02973084880454,-0.228848509428447,-0.0892971483984303
"387",-0.16862243754902,1.05026249180143,-0.209726600074356,-0.243035089866074
"388",-0.16862243754902,1.02063944707172,-0.0159123359136869,-0.203596852835767
"389",-0.16862243754902,1.0568044401722,-0.258341034595573,-0.223820317692034
"390",-0.16862243754902,1.03577821215975,0.0264093410523623,-0.268587139472531
"391",-0.16862243754902,1.02256071522018,-0.20173893751327,0.0702268994233704
"392",-0.16862243754902,1.02729027331221,-0.234627372178388,0.016592223074192
"393",-0.16862243754902,1.10009964559708,-0.154502642490159,-0.431680626975991
"394",-0.16862243754902,1.12211111898199,-0.42173690197731,-0.285081302181648
"395",-0.16862243754902,1.00677900794625,-0.0751676708806132,-0.0891840349817556
"396",-0.16862243754902,1.05935518737843,-0.347634011528726,-0.0372022452821807
"397",-0.16862243754902,1.05483732101983,0.0755309363313244,-0.32707315920634
"398",-0.16862243754902,1.05690238029722,-0.0655843577907184,-0.335769762621798
"399",-0.16862243754902,1.0862663898396,-0.419364689082299,0.0640931138739745
"400",-0.16862243754902,1.01810131245845,-0.0506421013094242,0.184297748235236
"401",-0.16862243754902,1.01083813269258,-0.0145194326582145,-0.146911254098184
"402",-0.16862243754902,1.00066309263752,-0.0362320720213576,-0.00372316047512406
"403",-0.16862243754902,1.07051654514754,-0.269630981397453,-0.27074860536162
"404",-0.16862243754902,1.08337934712371,-0.416565941198932,-0.0135508821577916
"405",-0.16862243754902,1.02016349512287,-0.188199753072439,-0.0728999981124111
"406",-0.16862243754902,1.07603911242664,-0.389650627516083,-0.0776695561223087
"407",-0.16862243754902,1.10232317343038,0.0931782827191323,-0.454350290317
"408",-0.16862243754902,1.07321095918304,-0.129348203136705,-0.36749259211023
"409",-0.16862243754902,1.11271853283485,-0.318390472664772,-0.369824336990468
"410",-0.16862243754902,1.01715053571479,0.0312111897587073,-0.183360502668168
"411",-0.16862243754902,1.02560405834833,0.147496229350153,-0.173518145529643
"412",-0.16862243754902,1.00877077697198,-0.116580890200998,-0.0634616144815188
"413",-0.16862243754902,1.06484048508811,-0.361203886070445,-0.0584552082392174
"414",-0.16862243754902,1.0162660114252,0.107039370782261,-0.146079358845186
"415",-0.16862243754902,1.03328521742437,-0.0493118067697026,-0.255434309091075
"416",-0.16862243754902,1.04530218733189,-0.301497673506981,0.0419024547097737
"417",-0.16862243754902,1.05859819995379,-0.268916196895961,-0.219804977178442
"418",-0.16862243754902,1.01137763659931,-0.00232487238225377,-0.151259111400301
"419",-0.16862243754902,1.03476310588792,-0.250578445637409,-0.0891354468701976
"420",-0.16862243754902,1.06460523185338,-0.194699104310674,0.308992812975009
"421",-0.16862243754902,1.01086417523382,0.00963407333753712,-0.147490899387316
"422",-0.16862243754902,1.00470585296101,-0.0454644875605775,-0.0858302472614541
"423",-0.16862243754902,1.00663192940963,-0.0532740516364644,-0.102321633730086
"424",-0.16862243754902,1.02247436079188,-0.210686226985127,0.0326363636995979
"425",-0.16862243754902,1.00761520702453,0.108836613068708,-0.0586770575507926
"426",-0.16862243754902,1.00551356862609,0.10424748692767,0.0137839820238605
"427",-0.16862243754902,1.00000898957857,-0.00275315074555676,0.00322480990389387
"428",-0.16862243754902,1.02357826282368,-0.21837657067513,0.00491258641827172
"429",-0.16862243754902,1.01312990617339,-0.035868528437753,0.15857381703994
"430",-0.16862243754902,1.01623638862038,-0.180909853363153,-0.00283240398040345
"431",-0.16862243754902,1.00728046144994,-0.117985358567884,-0.0263321701043039
"432",-0.16862243754902,1.00740690921694,-0.0994339903840228,-0.0705801834393807
"433",-0.16862243754902,1.13442481332875,0.0668439505381454,-0.531461704521053
"434",-0.16862243754902,1.02291948452937,-0.205321778868994,-0.06486323266609
"435",-0.16862243754902,1.03192782046955,-0.0719793367252488,-0.244323559534545
"436",-0.16862243754902,1.0278731036895,-0.189444833653297,-0.14364460411153
"437",-0.16862243754902,1.05111160746951,-0.232091942017203,-0.225763021347214
"438",-0.16862243754902,1.03073071659973,0.236831640321487,-0.0794769418437005
"439",-0.16862243754902,1.01019088671923,0.142648287678777,0.011708699026433
"440",-0.16862243754902,1.01994912207993,-0.0763603446120471,-0.185648348773558
"441",-0.16862243754902,1.05780224354293,-0.270795333751325,0.213577793000496
"442",-0.16862243754902,1.03482246240421,-0.0262329928178832,-0.264894995770256
"443",-0.16862243754902,1.01938547960655,-0.196228497509068,0.0253206002695838
"444",-0.16862243754902,1.02161089796481,0.0117221346798122,-0.208689765918255
"445",-0.16862243754902,1.02939724508676,-0.230938877231671,0.0795356723437751
"446",-0.16862243754902,1.02227650239534,-0.103092458859942,-0.185529491660659
"447",-0.16862243754902,1.02521342170692,-0.190051171647379,-0.122242023066806
"448",-0.16862243754902,1.02088646649686,0.067340111369194,-0.194099167636603
"449",-0.16862243754902,1.01124363769551,-0.0803558227896751,-0.127108758641767
"450",-0.16862243754902,1.06101633731235,0.0681578694003908,-0.348008868971055
"451",-0.16862243754902,1.07207111391984,-0.204050853877505,-0.328176358583586
"452",-0.16862243754902,1.03375976324881,-0.229224513577177,0.126946329161322
"453",-0.16862243754902,1.01164284075603,-0.0646651064870875,0.138707106003784
"454",-0.16862243754902,1.00963458476576,0.115158977516644,-0.0781050872379161
"455",-0.16862243754902,1.00865805363501,-0.124843381532345,-0.0424876364410093
"456",-0.16862243754902,1.0689786386599,-0.264558438178408,-0.269674178778351
"457",-0.16862243754902,1.00786487264517,0.0723102882623392,0.102775598871951
"458",-0.16862243754902,1.0102334775665,0.0759590651960681,-0.121663057707101
"459",-0.16862243754902,1.00115423213878,0.0391946100885554,-0.0278132894385343
"460",-0.16862243754902,1.00371437304416,-0.0686949903039992,0.0521875556294018
"461",-0.16862243754902,1.04025748087848,-0.199374928532162,0.205876818501839
"462",-0.16862243754902,1.011881192192,-0.0596993640329022,-0.142616734803378
"463",-0.16862243754902,1.02107575043901,-0.201048002212369,-0.0466410649642793
"464",-0.16862243754902,1.09624488103706,-0.0880804064544708,-0.440448273011453
"465",-0.16862243754902,1.01473801806713,0.0664971651163409,-0.158969721463866
"466",-0.16862243754902,1.01824817546744,0.0665325859118408,-0.180007671655014
"467",-0.16862243754902,1.04863089588216,-0.292895138716855,-0.117640101643364
"468",-0.16862243754902,1.10312643690532,-0.034745366920106,-0.464414357311462
"469",-0.16862243754902,1.02467460404382,-0.0256199773982749,-0.222039773307544
"470",-0.16862243754902,1.05823988995065,-0.28946972324057,0.189944581417306
"471",-0.16862243754902,1.0424946981501,-0.133113233368078,-0.26282325386725
"472",-0.16862243754902,1.00547095487874,-0.026235447505495,-0.101407802455937
"473",-0.16862243754902,1.02098480018668,0.0364703613545889,-0.202681708486219
"474",-0.16862243754902,1.10221991958277,-0.438477251363906,-0.150420913311273
"475",-0.16862243754902,1.0128602190201,-0.0743135794650726,-0.142700088228857
"476",-0.16862243754902,1.07656978424749,-0.296098288872454,-0.267073592257827
"477",-0.16862243754902,1.00748581027989,-0.0565528822207017,-0.108763180478765
"478",-0.16862243754902,1.00977719543515,-0.0616066521174106,-0.125915069931147
"479",-0.16862243754902,1.03367230362622,-0.140859669510216,-0.220537944103534
"480",-0.16862243754902,1.01306883608436,0.0850195032220484,-0.138130918758986
"481",-0.16862243754902,1.01205965892459,-0.103240948442182,-0.116645016127182
"482",-0.16862243754902,1.0975695944112,-0.434951471059562,-0.124403506377824
"483",-0.16862243754902,1.07317890582661,-0.32737965505314,-0.211034417497442
"484",-0.16862243754902,1.02425859431812,-0.21457443897928,-0.0553486962019351
"485",-0.16862243754902,1.00492118063503,0.0123167011650739,-0.098564081496804
"486",-0.16862243754902,1.04139875668365,0.266146667462617,-0.116950082602791
"487",-0.16862243754902,1.01843966942769,-0.152070994018847,-0.118717197752085
"488",-0.16862243754902,1.02425731203595,-0.100626629790394,-0.197426752584679
"489",-0.16862243754902,1.00376275362769,-0.0721435146975947,0.0483216189434292
"490",-0.16862243754902,1.12923501976785,-0.506541271269518,0.136336606862455
"491",-0.16862243754902,1.00901348640507,-0.132844678229352,0.0214594318064223
"492",-0.16862243754902,1.05805454504175,-0.295556627476402,-0.179236436692681
"493",-0.16862243754902,1.00509492880622,0.0951204896927593,0.0341746741402063
"494",-0.16862243754902,1.06079715449462,-0.324301966222885,-0.141840888631796
"495",-0.16862243754902,1.00896589862928,-0.131408927806295,0.0272741322426566
"496",-0.16862243754902,1.08628559568487,-0.318280250473312,-0.280560292185247
"497",-0.16862243754902,1.00449453011223,-0.0880974843612437,-0.0353283777524036
"498",-0.16862243754902,1.03786335897148,0.218194735329201,-0.171905233690509
"499",-0.16862243754902,1.03685039862546,-0.142895481045415,-0.233751215240841
"500",-0.16862243754902,1.06290987574455,-0.334392767533867,-0.134010749480553
"501",-0.16862243754902,1.02703582525728,-0.189621533256052,-0.137281683000749
"502",-0.16862243754902,1.04758875877098,-0.274484615934061,0.148662043302406
"503",-0.16862243754902,1.00756296754731,0.105185554876063,-0.0641804691331766
"504",-0.16862243754902,1.01296215887935,-0.0499459663486899,-0.153615545329912
"505",-0.16862243754902,1.0322324699822,-0.254949698690396,0.0224615944054524
"506",-0.16862243754902,1.01642383976182,0.0312224961650705,-0.17928351226305
"507",-0.16862243754902,1.00493761822278,-0.0831986281376667,-0.0545674334679946
"508",-0.16862243754902,1.05478025869662,-0.324100146616259,-0.0867207535681665
"509",-0.16862243754902,1.0601367372144,-0.351287388258427,-0.0220697177634203
"510",-0.16862243754902,1.02049728488095,-0.178453765314788,-0.0978210718320081
"511",-0.16862243754902,1.04989038152124,-0.274696394882161,-0.163742797855525
"512",-0.16862243754902,1.00589747261771,-0.0211780688696335,-0.10668277657456
"513",-0.16862243754902,1.0353397124155,-0.254803081872306,0.0836881686559619
"514",-0.16862243754902,1.08130981489544,-0.411273868470689,0.00920439581695268
"515",-0.16862243754902,1.00342374783169,0.00513649354483548,-0.0826609590232859
"516",-0.16862243754902,1.00125726167337,0.0286494726929792,-0.0411741638416736
"517",-0.16862243754902,1.04230386166327,-0.280458938727483,-0.0879779729592568
"518",-0.16862243754902,1.01365008597434,0.0307284066916353,-0.162917960391022
"519",-0.16862243754902,1.0026079350077,-0.046952999162447,-0.0549371205110953
"520",-0.16862243754902,1.00019022137902,-0.0118073214799664,-0.0155263035419863
"521",-0.16862243754902,1.00125089725414,-0.0490750562459718,-0.00974669721884058
"522",-0.16862243754902,1.00615819377994,-0.106247573315849,-0.0326460422562504
"523",-0.16862243754902,1.03767020262674,-0.135783296357908,-0.241500198446305
"524",-0.16862243754902,1.01267904509748,-0.158933708636278,0.0160911354063301
"525",-0.16862243754902,1.1011880985923,-0.369955293459171,-0.275224107452224
"526",-0.16862243754902,1.00886628484923,-0.132600387628857,-0.0151101921288567
"527",-0.16862243754902,1.02840311551976,-0.11675603333287,-0.209716467381827
"528",-0.16862243754902,1.03465828968351,-0.224593272962881,-0.141688525119828
"529",-0.16862243754902,1.0381651686157,0.0470994827929113,-0.274897355475651
"530",-0.16862243754902,1.09588430676301,-0.438365227923022,-0.093799470987034
"531",-0.16862243754902,1.02559470072927,-0.226810917547316,-0.0200324198564927
"532",-0.16862243754902,1.04014294004206,-0.175438794339783,-0.226094151096272
"533",-0.16862243754902,1.00045222110923,-0.0296292463179224,-0.00517247378116844
"534",-0.16862243754902,1.01041032186917,-0.107052355117873,-0.0973078198475389
"535",-0.16862243754902,1.02356823329136,-0.204727561698799,0.0760167986964678
"536",-0.16862243754902,1.02482452825595,-0.115677309533393,-0.192052268338955
"537",-0.16862243754902,1.0389612549418,-0.281822017352281,-0.00410363323641815
"538",-0.16862243754902,1.07270342147917,-0.325930212660085,-0.210860444200572
"539",-0.16862243754902,1.01603852508904,-0.146125202740147,0.104793652428343
"540",-0.16862243754902,1.08162170511012,-0.406203985832093,-0.0700273864958887
"541",-0.16862243754902,1.05169984782357,-0.288902817033399,-0.150358678573232
"542",-0.16862243754902,1.00676284771969,-0.105995496296925,-0.0483361801700187
"543",-0.16862243754902,1.04680929621598,0.0450051529760309,-0.306242124551467
"544",-0.16862243754902,1.03866144508192,-0.0879822007807619,-0.266602193999659
"545",-0.16862243754902,1.01968562565833,-0.197608363902413,-0.0266403770626645
"546",-0.16862243754902,1.05411017273815,-0.324978181469736,0.0744139626594574
"547",-0.16862243754902,1.08439721318757,-0.152160176752631,-0.390851118176185
"548",-0.16862243754902,1.00173628105668,-0.0298005883851713,-0.0508674917521934
"549",-0.16862243754902,1.01639161856041,-0.171101801931925,0.0614499443083959
"550",-0.16862243754902,1.03539323453222,-0.129405533416157,-0.235145397650854
"551",-0.16862243754902,1.02601985608748,-0.218643704506748,0.0700833472755765
"552",-0.16862243754902,1.00107311037862,0.0108665054781553,-0.0450476567848783
"553",-0.16862243754902,1.03251183743774,-0.156136697791675,-0.204210739315461
"554",-0.16862243754902,1.07073602362165,0.0114169386961846,-0.382551023775793
"555",-0.16862243754902,1.00914544994633,-0.0822582464099951,-0.107740985910354
"556",-0.16862243754902,1.01196155756231,-0.103980144394334,-0.115127423126127
"557",-0.16862243754902,1.04784451815805,-0.28149342901961,-0.136892598969586
"558",-0.16862243754902,1.00242337842184,0.0327255146699241,0.0614952867808044
"559",-0.16862243754902,1.00860483296463,0.0108266921195616,-0.131020959458262
"560",-0.16862243754902,1.00753910047946,0.0169116797249966,-0.121856612803094
"561",-0.16862243754902,1.01354881401155,-0.129678886006849,-0.102296553745645
"562",-0.16862243754902,1.02814346605897,-0.114420316158823,0.209730727481354
"563",-0.16862243754902,1.0444102245577,-0.287830560763078,0.0891419399131541
"564",-0.16862243754902,1.04467683375873,-0.181026047767957,-0.242031520719275
"565",-0.16862243754902,1.01225110658733,0.108625065927435,-0.113370621589271
"566",-0.16862243754902,1.00049555098512,0.0294859409434726,-0.0110420481656838
"567",-0.16862243754902,1.02248926834899,-0.173469923539416,-0.124066472167433
"568",-0.16862243754902,1.00578401257785,-0.0343522453599637,-0.102085274138444
"569",-0.16862243754902,1.05500062659402,0.168338822279044,-0.291012650974957
"570",-0.16862243754902,1.01804000046697,-0.16224737554696,0.100405336904532
"571",-0.16862243754902,1.00636933527894,-0.0305422005509011,-0.108841228288159
"572",-0.16862243754902,1.02707975626903,-0.0643113939516859,0.225292854626229
"573",-0.16862243754902,1.04123232625994,-0.289573877349038,-0.017655786749152
"574",-0.16862243754902,1.01442702880456,0.0311410837615579,-0.16760796422426
"575",-0.16862243754902,1.02087951234636,0.115503041070498,-0.169864729217122
"576",-0.16862243754902,1.01417157082087,-0.162553985808706,-0.0460453771727311
"577",-0.16862243754902,1.02760603583185,-0.0395047598148543,-0.233267097615634
"578",-0.16862243754902,1.00170342134632,-0.0521853917857311,-0.0261997942948343
"579",-0.16862243754902,1.05633528156493,-0.222646497339651,-0.25743497101452
"580",-0.16862243754902,1.00306527764486,0.00865161142014476,-0.0778787572871638
"581",-0.16862243754902,1.02534776235349,0.226099035583656,-0.0147397378353509
"582",-0.16862243754902,1.01389465245014,-0.167172164992523,-0.00598611048219644
"583",-0.16862243754902,1.00000382132266,0.00235159399141466,0.00145350115693516
"584",-0.16862243754902,1.03563350081447,-0.0707944092986413,-0.259855536060503
"585",-0.16862243754902,1.05702873347851,-0.324280264255914,-0.110236353410727
"586",-0.16862243754902,1.00742659396089,0.117257757477166,-0.0340435093822333
"587",-0.16862243754902,1.00638691424942,-0.103628021783545,-0.0455615438029085
"588",-0.16862243754902,1.01981746236175,-0.191797199861821,0.0569340905180653
"589",-0.16862243754902,1.03639180517262,-0.159795619276288,-0.220393588584303
"590",-0.16862243754902,1.02616626553479,-0.12124633883659,-0.195746085121385
"591",-0.16862243754902,1.00058389307371,0.0184031696844173,0.0288001809734964
"592",-0.16862243754902,1.02512094098521,-0.177927886805672,-0.138616776557765
"593",-0.16862243754902,1.08881289899504,-0.380207900688002,-0.202374606293388
"594",-0.16862243754902,1.01228574700766,-0.131775972677797,-0.0857760259027954
"595",-0.16862243754902,1.03099455179091,-0.12447787821122,-0.217841739936539
"596",-0.16862243754902,1.04976706625563,-0.0129738750524801,-0.319127830126227
"597",-0.16862243754902,1.03459364094931,-0.265244593993092,-0.00541361710831917
"598",-0.16862243754902,1.02536695074819,-0.223000362216735,0.0405983021548091
"599",-0.16862243754902,1.02037928863227,-0.201630852497268,-0.0227792008404937
"600",-0.16862243754902,1.06093022603425,-0.307782219307948,-0.175621894964579
"601",-0.16862243754902,1.03718999539615,-0.0341089362372419,-0.273129396108561
"602",-0.16862243754902,1.02301557558073,-0.0553847547303481,-0.208550705643069
"603",-0.16862243754902,1.02309270076777,-0.191974636970119,-0.0993197519352844
"604",-0.16862243754902,1.02927723784622,0.157317966481135,-0.186179187264787
"605",-0.16862243754902,1.0877426512724,-0.411739144158455,-0.116854407553885
"606",-0.16862243754902,1.0612412050434,-0.277156490136333,-0.222299741919043
"607",-0.16862243754902,1.00924938477706,-0.0688539764039075,-0.117658193961307
"608",-0.16862243754902,1.01888469501934,0.100839136142119,-0.167204935234484
"609",-0.16862243754902,1.01419510744427,0.168441682651411,0.0148025507754101
"610",-0.16862243754902,1.13949602636478,-0.511238748433274,-0.192577610852107
"611",-0.16862243754902,1.01920305598231,-0.0687660035700449,0.184515869444031
"612",-0.16862243754902,1.04218571545698,-0.107694367253348,-0.273043931931256
"613",-0.16862243754902,1.005751829479,0.106247220779806,-0.0157566042321013
"614",-0.16862243754902,1.024234835969,-0.138747776367731,-0.172644298386728
"615",-0.16862243754902,1.03235851706011,-0.0791940122609898,-0.243910672518756
"616",-0.16862243754902,1.00310869763067,-0.0788559263327278,-0.00296684082980281
"617",-0.16862243754902,1.06592604742987,-0.196678351049911,-0.312275463041444
"618",-0.16862243754902,1.00879527440953,-0.118367276998172,0.060473906827896
"619",-0.16862243754902,1.01240019285694,0.0227481864202076,-0.156322328895645
"620",-0.16862243754902,1.02686954052854,-0.233366559721251,0.0010497948167208
"621",-0.16862243754902,1.01757497149663,0.126859928084109,-0.13915955325765
"622",-0.16862243754902,1.04229667348842,-0.0447797529642845,-0.290477416143628
"623",-0.16862243754902,1.03631327250791,-0.19044290670136,-0.194104863574295
"624",-0.16862243754902,1.03511503484833,-0.079028292971525,-0.255377493681538
"625",-0.16862243754902,1.01900723379686,-0.130153638646209,-0.146409606506832
"626",-0.16862243754902,1.04942648530733,-0.0121217872756625,-0.318039321999231
"627",-0.16862243754902,1.04380330560512,0.0227611258736466,-0.298340865355633
"628",-0.16862243754902,1.06589432630667,-0.360266768530654,-0.0796151389198723
"629",-0.16862243754902,1.01166658346188,0.00779569994030335,-0.1529983763178
"630",-0.16862243754902,1.03638949274668,-0.255482363412375,-0.0939784159312456
"631",-0.16862243754902,1.00265223455536,0.0719528046039369,0.0115886741473066
"632",-0.16862243754902,1.07132298917518,-0.302849989219667,-0.236674525804745
"633",-0.16862243754902,1.00475369050606,-0.0681520520267944,-0.0698947522356521
"634",-0.16862243754902,1.00439195353131,-0.031364233192952,-0.0884278304305604
"635",-0.16862243754902,1.12344528425425,-0.485143566993136,-0.16360020207288
"636",-0.16862243754902,1.04372928641997,-0.20641354868271,-0.216250480348487
"637",-0.16862243754902,1.02034240977806,-0.131265200646331,-0.15449297812836
"638",-0.16862243754902,1.08839732526519,-0.0372678867971149,-0.428041869748864
"639",-0.16862243754902,1.02919031119796,-0.159398918285392,-0.183914875725683
"640",-0.16862243754902,1.03145462758479,-0.234326207351464,-0.0948149635571736
"641",-0.16862243754902,1.00871078351881,0.0999174027259106,-0.0866830861220435
"642",-0.16862243754902,1.03314307940347,0.106927472672985,-0.236539929202363
"643",-0.16862243754902,1.00591244408765,-0.0843042609631926,-0.0689393701293793
"644",-0.16862243754902,1.10429507721995,0.103582680001942,-0.456878808849613
"645",-0.16862243754902,1.02906609856216,0.191650738225151,0.149154382261115
"646",-0.16862243754902,1.00981418513278,-0.0963944487608671,-0.102141072754595
"647",-0.16862243754902,1.02944871975587,-0.241067565073903,0.0406336766283423
"648",-0.16862243754902,1.01473696184823,-0.16492578969519,-0.0499057675463992
"649",-0.16862243754902,1.0753263946617,-0.336233297993716,-0.208024095662981
"650",-0.16862243754902,1.05936973191367,0.162210127084171,-0.309761365515739
"651",-0.16862243754902,1.0903184159326,-0.180015634684329,-0.395460009850524
"652",-0.16862243754902,1.07843499315172,-0.393759939252654,0.0893036656240814
"653",-0.16862243754902,1.02789879166885,-0.0581004425838485,0.230651825238486
"654",-0.16862243754902,1.01245862718271,0.145444244677792,-0.0625974715688352
"655",-0.16862243754902,1.06654541959481,-0.307836302556203,-0.206775102193649
"656",-0.16862243754902,1.00552637362795,0.0987684734419645,-0.0364427868762805
"657",-0.16862243754902,1.00104503920311,0.0160843982289468,-0.0428072732928342
"658",-0.16862243754902,1.02631534803794,-0.19942302176158,-0.116420152936369
"659",-0.16862243754902,1.018461607053,-0.172755207131149,-0.086137584421928
"660",-0.16862243754902,1.02439111217092,0.0756255529493791,0.208944792794344
"661",-0.16862243754902,1.01314961344741,0.0628107908951473,0.150089785714318
"662",-0.16862243754902,1.02543669560578,0.209966194142991,-0.0862242078074102
"663",-0.16862243754902,1.02030009901618,-0.152672248888152,-0.133054411696372
"664",-0.16862243754902,1.02001635548621,-0.105498106909097,-0.171182694504949
"665",-0.16862243754902,1.02892366981509,0.112153255728026,-0.214722065785867
"666",-0.16862243754902,1.0719135403531,-0.38240838386037,-0.0525591661426976
"667",-0.16862243754902,1.05212810372121,-0.303564834315882,0.121745381870386
"668",-0.16862243754902,1.00891768682639,-0.0828577747657774,-0.105116544615859
"669",-0.16862243754902,1.07594400156756,-0.24387735154015,-0.313335813329686
"670",-0.16862243754902,1.00965905600029,-0.121063826570733,-0.068956212623948
"671",-0.16862243754902,1.02109244455685,-0.178460814257617,-0.103834089323254
"672",-0.16862243754902,1.0053256647027,0.00632825762985183,-0.103148656148785
"673",-0.16862243754902,1.01431857890527,-0.168670198045211,-0.0198127182333142
"674",-0.16862243754902,1.0244730924503,-0.145339739386902,-0.168586705613519
"675",-0.16862243754902,1.02262812973939,-0.0168107082026608,-0.213273748558045
"676",-0.16862243754902,1.01903954652242,-0.00405192186324652,-0.19602341519787
"677",-0.16862243754902,1.02475638571242,-0.211248071217881,-0.074161327287897
"678",-0.16862243754902,1.01134495097845,-0.0861388012086302,-0.12409156617574
"679",-0.16862243754902,1.00360704710563,-0.0547156350579759,-0.0650638477211234
"680",-0.16862243754902,1.03402699229688,-0.247250719187453,-0.0898827161350311
"681",-0.16862243754902,1.00128374238966,0.034615482539207,-0.0370256822006702
"682",-0.16862243754902,1.03808594003531,-0.0659477925767532,-0.270690427524214
"683",-0.16862243754902,1.01357539443939,0.0412042127961003,-0.160116498402939
"684",-0.16862243754902,1.01273155413637,-0.12703732450922,-0.0973997891424816
"685",-0.16862243754902,1.00508725782273,-0.0968151275774732,0.02876155263143
"686",-0.16862243754902,1.00061472418743,-0.0329306066365885,-0.0120582505878049
"687",-0.16862243754902,1.01658229046455,-0.086068712065186,-0.161343515796546
"688",-0.16862243754902,1.01954881133368,-0.142497351093587,-0.138471237530535
"689",-0.16862243754902,1.02256639436123,0.140358198776169,0.161063983910866
"690",-0.16862243754902,1.02831732051915,-0.195503322372372,0.138618045798661
"691",-0.16862243754902,1.04043688959263,-0.26456280714011,-0.111872437639138
"692",-0.16862243754902,1.00636922092886,0.0849613776014846,-0.0745692506936682
"693",-0.16862243754902,1.02611118811208,0.0452470140763887,-0.225514695942333
"694",-0.16862243754902,1.06267673939385,-0.233543480555697,-0.273384884619982
"695",-0.16862243754902,1.03436596882044,-0.242547129587634,-0.105279852691003
"696",-0.16862243754902,1.00198320418059,-0.0624407541382519,0.00845539370098835
"697",-0.16862243754902,1.12364785477518,-0.508235109457268,0.0654337455432397
"698",-0.16862243754902,1.01471769856557,-0.171557728861071,-0.0148308276987484
"699",-0.16862243754902,1.01168336675491,-0.0809537904006288,-0.130191084135323
"700",-0.16862243754902,1.00091306811708,-0.0275975527157157,-0.0326396233379142
"701",-0.16862243754902,1.02495187034801,-0.103720320772795,-0.199420238663643
"702",-0.16862243754902,1.00297931722439,0.0241088177738812,-0.0733912507417714
"703",-0.16862243754902,1.00012613527638,0.0134615419114286,-0.00843050130420484
"704",-0.16862243754902,1.01368692022644,-0.0329444756364833,-0.1627139630247
"705",-0.16862243754902,1.01759822527972,-0.116833579691476,-0.147837961122664
"706",-0.16862243754902,1.08427285452158,-0.0836989870024265,-0.410660568629547
"707",-0.16862243754902,1.02427721014515,-0.221125014728583,0.0157331206060966
"708",-0.16862243754902,1.09192450170256,-0.368225529518021,-0.238136676783622
"709",-0.16862243754902,1.01683829231491,-0.0710143035805514,-0.170050232004734
"710",-0.16862243754902,1.04515205748078,-0.282009103970677,0.11319756416974
"711",-0.16862243754902,1.07055085548042,0.217493046972832,-0.314286348237281
"712",-0.16862243754902,1.09644142019675,-0.283100776821479,-0.349339001667649
"713",-0.16862243754902,1.02341236365011,-0.131133749789351,-0.173714725161941
"714",-0.16862243754902,1.00447283165298,-0.0879784741358643,-0.0350065367849304
"715",-0.16862243754902,1.02866956454034,-0.123317532720198,0.207253128167975
"716",-0.16862243754902,1.04877569521059,-0.0876467728551968,-0.303724385047577
"717",-0.16862243754902,1.02916160992232,-0.216108356621492,-0.111672725122389
"718",-0.16862243754902,1.01180086707771,-0.0238127124837794,0.152229922628133
"719",-0.16862243754902,1.09580539099374,-0.415483722867145,-0.167817552608182
"720",-0.16862243754902,1.01311283625877,0.0343227812737962,0.1588066927995
"721",-0.16862243754902,1.00827015069668,-0.0203941426013921,-0.127250837849747
"722",-0.16862243754902,1.02524444933893,-0.160923703812246,-0.15883873095577
"723",-0.16862243754902,1.01846953462575,-0.101053966512331,-0.164524432267439
"724",-0.16862243754902,1.01687217621123,-0.114916412457281,-0.144302601849387
"725",-0.16862243754902,1.0036789631257,0.0403686260922972,0.0757748972187069
"726",-0.16862243754902,1.04456606433828,-0.237555313837477,-0.186241068603946
"727",-0.16862243754902,1.02268692764204,-0.0917163683800449,-0.193588893640882
"728",-0.16862243754902,1.00261558080216,0.00548727251104955,-0.0721657308398465
"729",-0.16862243754902,1.01113091700908,0.0538333843967923,-0.139598345462995
"730",-0.16862243754902,1.02379887381956,-0.13211030326837,-0.175245547174643
"731",-0.16862243754902,1.01468476157727,0.17130216920457,0.0155155471359662
"732",-0.16862243754902,1.02344358463097,-0.200372626456684,-0.0853673326813906
"733",-0.16862243754902,1.04703214171817,-0.295760023748156,-0.0938206488115474
"734",-0.16862243754902,1.01319824241183,-0.132682189460072,-0.0946895718994493
"735",-0.16862243754902,1.030910507901,-0.184371623743515,-0.169657241692996
"736",-0.16862243754902,1.07580981594913,-0.191917972149361,-0.347180431560551
"737",-0.16862243754902,1.04041884085258,-0.270390616580664,-0.0967485341809532
"738",-0.16862243754902,1.03186186794808,0.165331235405642,-0.193402422747364
"739",-0.16862243754902,1.00843975731212,-0.0535660986833121,0.118665147366768
"740",-0.16862243754902,1.02384884734437,-0.14489417493339,-0.165142787546945
"741",-0.16862243754902,1.02137722395762,-0.157821191680774,-0.135291925390377
"742",-0.16862243754902,1.01510882059658,-0.17184784068272,0.030236357347739
"743",-0.16862243754902,1.03778083000109,-0.255749469534496,-0.107616262481905
"744",-0.16862243754902,1.03639353642081,-0.249456266110135,-0.109009786869028
"745",-0.16862243754902,1.01378480655786,-0.166012364542712,-0.0141254673021095
"746",-0.16862243754902,1.00460384814612,0.0762508397401692,0.0584354442860942
"747",-0.16862243754902,1.05672640589571,-0.341561611411305,0.00252240507711698
"748",-0.16862243754902,1.01424061298976,0.123504274241577,-0.115890962900072
"749",-0.16862243754902,1.01235471679717,0.0349648393290969,-0.153751528877521
"750",-0.16862243754902,1.01460678318299,-0.0703561141466124,-0.156451083994738
"751",-0.16862243754902,1.02697575800274,0.0510502333887819,-0.228195269881398
"752",-0.16862243754902,1.00318196891823,-0.0658422111490757,-0.0451538037562772
"753",-0.16862243754902,1.02376498667467,-0.217285117539556,-0.0296972328140718
"754",-0.16862243754902,1.02512277299574,0.143927831217982,-0.173670605213901
"755",-0.16862243754902,1.12984884780894,-0.321330435870843,-0.416299375303691
"756",-0.16862243754902,1.0961903087525,-0.406637077873996,0.19047172992598
"757",-0.16862243754902,1.05763971540466,-0.019128252784132,-0.343854442383214
"758",-0.16862243754902,1.0123372532346,-0.146378350382821,-0.0583103149175171
"759",-0.16862243754902,1.03154691767075,-0.250254530352391,-0.0382323605617627
"760",-0.16862243754902,1.01808885934807,-0.00717524998277615,-0.190927843219231
"761",-0.16862243754902,1.00636157880966,-0.112175246202153,-0.0134291266940007
"762",-0.16862243754902,1.04702503649353,-0.099405445129523,-0.293904720143931
"763",-0.16862243754902,1.00607963257318,-0.0450070063089406,0.100849375117994
"764",-0.16862243754902,1.00804882715698,-0.024207803337322,-0.124805529485493
"765",-0.16862243754902,1.05478503790649,-0.0797033845943269,-0.325912329738535
"766",-0.16862243754902,1.08062091974486,0.0419152916131957,-0.407412175222095
"767",-0.16862243754902,1.01692371154097,-0.175753443534354,0.0569610584529657
"768",-0.16862243754902,1.03853719893652,0.221026167163179,-0.172357033520719
"769",-0.16862243754902,1.09338969751789,-0.326722674418324,-0.297914962127112
"770",-0.16862243754902,1.05243030292414,-0.0856323867353692,-0.316664865204527
"771",-0.16862243754902,1.04255842484412,-0.147799510532343,-0.255114432950897
"772",-0.16862243754902,1.05701793370063,-0.293376822964385,-0.176683196462094
"773",-0.16862243754902,1.08808032063886,-0.417190043440594,-0.099354173619463
"774",-0.16862243754902,1.05928109589587,-0.297476831923695,-0.183259309698035
"775",-0.16862243754902,1.00770795557409,-0.0698510220248124,0.102937643500287
"776",-0.16862243754902,1.04101533075633,-0.182686541984096,-0.224362533074495
"777",-0.16862243754902,1.04796126037186,-0.0579044094494515,-0.308009549537799
"778",-0.16862243754902,1.01116871344619,0.0129340494378223,-0.149314692570976
"779",-0.16862243754902,1.01492936469318,-0.138021679944439,-0.105031572309551
"780",-0.16862243754902,1.0132562932817,-0.135037719321721,0.091940906213454
"781",-0.16862243754902,1.02337429878232,0.0282324697104082,-0.215633677940766
"782",-0.16862243754902,1.02176631340862,-0.0743233204814193,0.196169424858363
"783",-0.16862243754902,1.0772416384776,-0.245584974851353,-0.316445205046884
"784",-0.16862243754902,1.00631011202515,-0.101621911807298,-0.0483014348100043
"785",-0.16862243754902,1.0008034758312,-0.0200005203466504,-0.034750200311397
"786",-0.16862243754902,1.0751362155922,-0.368321923364142,-0.142326535991197
"787",-0.16862243754902,1.01135195869058,-0.125273100616647,-0.0844951750643773
"788",-0.16862243754902,1.03485596118713,-0.247725218101224,0.0977705309448228
"789",-0.16862243754902,1.00164816443159,0.0434735918986345,-0.0375378757603812
"790",-0.16862243754902,1.05570149749388,-0.121209213585686,-0.31593350305526
"791",-0.16862243754902,1.08952962547622,-0.341423336472273,-0.265527607043964
"792",-0.16862243754902,1.02761011868047,0.233210641952419,0.0399418639354616
"793",-0.16862243754902,1.04040212775412,-0.262600997318112,-0.116091789730537
"794",-0.16862243754902,1.00863537514702,-0.131307542973614,0.0101808229631204
"795",-0.16862243754902,1.04746453686845,-0.236922177982835,-0.202607595062244
"796",-0.16862243754902,1.02571776791125,-0.00269925270462566,-0.228231578541759
"797",-0.16862243754902,1.00092535296441,-0.0314791215612462,-0.0293364468309716
"798",-0.16862243754902,1.0541031759933,-0.173405541461418,-0.284717445601116
"799",-0.16862243754902,1.01982386327066,0.132061117717642,-0.150334870484033
"800",-0.16862243754902,1.04627321681165,-0.136831644240398,-0.275617026600072
"801",-0.16862243754902,1.01083222525636,0.0348645891439417,0.143409372220019
"802",-0.16862243754902,1.04951397953119,-0.145888300973809,-0.283189330431715
"803",-0.16862243754902,1.00596036355718,-0.0398464833334046,0.101825884793845
"804",-0.16862243754902,1.0115091095427,-0.11270386098587,-0.102217994534904
"805",-0.16862243754902,1.09531458973089,-0.0488887755955231,-0.444211591584588
"806",-0.16862243754902,1.0329185743044,-0.153052142664762,-0.208556521760317
"807",-0.16862243754902,1.10017803816477,-0.209949272652321,-0.407814931767895
"808",-0.16862243754902,1.0181823281315,0.0410389836983223,-0.1871124131005
"809",-0.16862243754902,1.00069543714295,0.0194704774933498,-0.0318160089405673
"810",-0.16862243754902,1.00282175613758,-0.0604400361796672,-0.0447043242814888
"811",-0.16862243754902,1.04996270162066,-0.2488524500566,0.201231540508423
"812",-0.16862243754902,1.02013228833071,-0.188499267503231,-0.0716792288295614
"813",-0.16862243754902,1.05590608753077,-0.227284678285021,-0.251553852487728
"814",-0.16862243754902,1.01349000261624,0.129935986097685,-0.101383553498
"815",-0.16862243754902,1.01628195688438,0.172225252814753,0.0562803534248995
"816",-0.16862243754902,1.07825698107372,-0.374036032220515,-0.15078184186083
"817",-0.16862243754902,1.00610562736586,-0.110672243094603,0.0004336192642618
"818",-0.16862243754902,1.00167624063659,-0.0270842678084036,-0.0512028660636429
"819",-0.16862243754902,1.00376166336208,-0.074638673235826,-0.0443457471807031
"820",-0.16862243754902,1.03447169063384,-0.231802427119603,0.12805980440523
"821",-0.16862243754902,1.02536149654426,-0.18316849660627,-0.133474718379454
"822",-0.16862243754902,1.03866009581592,-0.199807509090988,-0.197209923561653
"823",-0.16862243754902,1.05562992873373,-0.304906973584261,-0.146240500197702
"824",-0.16862243754902,1.02867116427219,-0.0141644537449643,-0.240756583409918
"825",-0.16862243754902,1.02784609483991,-0.0578836591021213,0.23047142271138
"826",-0.16862243754902,1.02940257812576,0.0846700742514172,-0.229130195256357
"827",-0.16862243754902,1.00867779618937,-0.0312004501972128,0.128286509161867
"828",-0.16862243754902,1.00110830220566,-0.0397393521158078,-0.0252708654089168
"829",-0.16862243754902,1.01944817929141,-0.190977686758931,-0.0529349924036379
"830",-0.16862243754902,1.0726118955632,-0.342285871780614,-0.182583297382481
"831",-0.16862243754902,1.00590997876755,-0.0493572374816485,-0.097050236951382
"832",-0.16862243754902,1.0238500892074,-0.212767950718148,0.0547613396219974
"833",-0.16862243754902,1.02281054371748,-0.140169510597271,0.16276951999241
"834",-0.16862243754902,1.03742307429063,-0.260302298450497,-0.0921376605520366
"835",-0.16862243754902,1.03629288906247,-0.196284178098065,-0.188083687091182
"836",-0.16862243754902,1.05287151391655,-0.327018386194345,-0.0399674856324091
"837",-0.16862243754902,1.09280222731046,-0.427526138254469,-0.106949095947225
"838",-0.16862243754902,1.00512348024345,-0.0953437863029622,-0.0343914662396441
"839",-0.16862243754902,1.09950725068174,-0.438675732620767,-0.12837365738869
"840",-0.16862243754902,1.03479824316493,-0.244229122159511,0.105638723706891
"841",-0.16862243754902,1.00522574752828,-0.0925170292797828,0.0438109893409737
"842",-0.16862243754902,1.01865071217369,-0.175406564125608,-0.0829566794997051
"843",-0.16862243754902,1.03227374900746,0.00318459919403418,-0.256083875357064
"844",-0.16862243754902,1.03759923051153,-0.196437318889971,-0.194998827959138
"845",-0.16862243754902,1.03258992662464,-0.255908613234109,-0.0274360755079926
"846",-0.16862243754902,1.04654232730131,-0.215029681012542,-0.221388976954314
"847",-0.16862243754902,1.12241950265159,-0.356776254722926,-0.36405527602071
"848",-0.16862243754902,1.07805365388817,-0.0598449514329003,-0.398269082969834
"849",-0.16862243754902,1.01468402422862,0.118474254904496,-0.124689694640756
"850",-0.16862243754902,1.02598858929426,-0.0233112912834144,-0.228274328518818
"851",-0.16862243754902,1.00633734656298,-0.0943530943379438,-0.0617442197802514
"852",-0.16862243754902,1.09705386166287,-0.38832189385819,-0.229637283862622
"853",-0.16862243754902,1.09749961330589,-0.451146612052458,0.0311790897906611
"854",-0.16862243754902,1.03994791558661,-0.0586219986212947,-0.279383479129636
"855",-0.16862243754902,1.04856053897214,-0.182081458837723,-0.257537465695901
"856",-0.16862243754902,1.00038442930559,0.0226817325354145,0.0159544791914001
"857",-0.16862243754902,1.03179658963,-0.0830538759946789,-0.240221264783864
"858",-0.16862243754902,1.00747719537583,0.029752997914307,0.118848888583177
"859",-0.16862243754902,1.02548938433151,-0.210404263094274,0.0857818363546977
"860",-0.16862243754902,1.03839190880033,-0.140788923041016,-0.241735879444764
"861",-0.16862243754902,1.04606543771769,-0.237471685031413,-0.194576716993156
"862",-0.16862243754902,1.01039923723398,-0.118801186941896,0.0824190304735889
"863",-0.16862243754902,1.02122782979678,-0.142799980737107,-0.150048145116565
"864",-0.16862243754902,1.07025067607905,-0.131202464826356,-0.358081586892081
"865",-0.16862243754902,1.04861714726054,-0.241454562218236,-0.203218148581373
"866",-0.16862243754902,1.00047616508831,-0.0277204422853789,-0.0135695979790007
"867",-0.16862243754902,1.05016071992036,0.0216317623662001,-0.319952503538539
"868",-0.16862243754902,1.01058219283248,-0.0543520680092969,-0.13535959948674
"869",-0.16862243754902,1.0250674148259,-0.190088947992038,0.120952043344175
"870",-0.16862243754902,1.02673482770567,-0.111560694481515,-0.204300312947865
"871",-0.16862243754902,1.00665557941291,0.0925852527318567,-0.0691623202309344
"872",-0.16862243754902,1.02470239994957,-0.0216578244446126,-0.22258918909673
"873",-0.16862243754902,1.04154723565125,-0.211580974954379,-0.200135292065442
"874",-0.16862243754902,1.02771159558315,-0.0392009127323645,-0.233782831142522
"875",-0.16862243754902,1.00209723842202,0.0511117662409436,-0.0398304231054761
"876",-0.16862243754902,1.03774949061751,-0.1439863977794,0.237048354838011
"877",-0.16862243754902,1.02706323465967,-0.0428995114883079,-0.230257507811701
"878",-0.16862243754902,1.00826449686906,-0.0909901333289244,-0.0912035705628279
"879",-0.16862243754902,1.00806643440767,-0.0956134256487686,-0.0840000536613401
"880",-0.16862243754902,1.03490763896151,-0.216039734765738,-0.15607899981496
"881",-0.16862243754902,1.00633760947923,-0.0543878949747685,-0.0987792545658111
"882",-0.16862243754902,1.02474122492887,-0.213079677608336,-0.0684954674342722
"883",-0.16862243754902,1.06142144304139,-0.304986273556606,-0.183299898227247
"884",-0.16862243754902,1.04296785645817,-0.162725278983879,-0.247593281784012
"885",-0.16862243754902,1.02449488123769,-0.145269205744725,-0.16877979601993
"886",-0.16862243754902,1.0366369236882,-0.181260601257879,-0.204354363754167
"887",-0.16862243754902,1.0341402234248,-0.150841158427075,-0.216085507680333
"888",-0.16862243754902,1.06716279001069,-0.244819789326802,-0.280890888313208
"889",-0.16862243754902,1.03999402969586,0.0966040433231689,-0.268803349340469
"890",-0.16862243754902,1.06351080444059,-0.348174366117749,-0.0991455593578372
"891",-0.16862243754902,1.01701827720398,-0.0407281470765606,0.180741235479537
"892",-0.16862243754902,1.03650921210459,-0.0467365212467647,-0.268639245754269
"893",-0.16862243754902,1.01607913293305,-0.0885694273287016,-0.156755417528851
"894",-0.16862243754902,1.01914540286597,0.0469395666356828,-0.190929382932276
"895",-0.16862243754902,1.0401219672226,-0.214446948702631,-0.18938377145666
"896",-0.16862243754902,1.02081361654127,-0.192956908479522,0.0694843233117651
"897",-0.16862243754902,1.01543958149135,0.0907759073687918,0.151252366264792
"898",-0.16862243754902,1.0097796279784,-0.0157484937920893,-0.139308585605731
"899",-0.16862243754902,1.00965977502087,-0.122438473755443,0.0664957249725986
"900",-0.16862243754902,1.00837786454497,-0.0117576271064547,-0.12918078769345
"901",-0.16862243754902,1.00324202537638,-0.080559586687312,-0.00217128397035931
"902",-0.16862243754902,1.0313681949234,-0.115562994982626,-0.224422698696431
"903",-0.16862243754902,1.00677479253145,-0.0419101727088911,0.108807262166896
"904",-0.16862243754902,1.01655454206678,-0.0481083690946682,-0.176263217432487
"905",-0.16862243754902,1.03483848410862,-0.206527371194978,0.168039082178898
"906",-0.16862243754902,1.00995329727405,0.044195939311791,-0.134359151616395
"907",-0.16862243754902,1.01525664291233,0.0899650155569625,-0.150506966461513
"908",-0.16862243754902,1.00331377226146,0.0171542178229078,-0.0796508532308271
"909",-0.16862243754902,1.00780918958328,-0.0537295988077536,-0.113103902764068
"910",-0.16862243754902,1.00141970937767,0.033326055215603,-0.0416029851553068
"911",-0.16862243754902,1.06488818510381,-0.201776202625915,-0.305406631931173
"912",-0.16862243754902,1.1039100392018,-0.308123475046875,-0.351677833784793
"913",-0.16862243754902,1.02137044770625,0.131423582661635,-0.161013767635098
"914",-0.16862243754902,1.00593064625607,-0.090184757499078,-0.0613447193488436
"915",-0.16862243754902,1.07573771674123,-0.0823094828291782,-0.387861810772898
"916",-0.16862243754902,1.07631319691437,-0.0346377529922671,-0.39654800960247
"917",-0.16862243754902,1.05946668589105,-0.303966504674344,-0.173418633799908
"918",-0.16862243754902,1.08099810343339,-0.370088979769715,-0.177738703381083
"919",-0.16862243754902,1.13130163984801,-0.477133251023809,-0.2284453131282
"920",-0.16862243754902,1.02628893154436,-0.0271510252272021,-0.229198151911329
"921",-0.16862243754902,1.13825404716934,-0.292966519204554,-0.458031543152392
"922",-0.16862243754902,1.01307994828578,0.0377569914873241,-0.157814420166673
"923",-0.16862243754902,1.02896192466473,-0.223145100137839,0.0947043119093252
"924",-0.16862243754902,1.03747898369129,0.0309964083293067,-0.274593998972657
"925",-0.16862243754902,1.05118054617134,-0.238353377653774,0.219472567784919
"926",-0.16862243754902,1.06651388874645,-0.293292466094132,-0.226784929440852
"927",-0.16862243754902,1.03598111884717,0.208010113187332,-0.173172374874347
"928",-0.16862243754902,1.01166773880201,-0.120357690851148,-0.0947926156710029
"929",-0.16862243754902,1.10274183060583,0.039783724798668,-0.463094806933784
"930",-0.16862243754902,1.09280122111251,-0.363333454995992,-0.249405912812169
"931",-0.16862243754902,1.01058300092941,-0.0957650170300703,0.110032101137406
"932",-0.16862243754902,1.01781846028807,-0.17372933158703,-0.075977216647543
"933",-0.16862243754902,1.01161018083693,-0.144442518083142,-0.0499150973426651
"934",-0.16862243754902,1.02566637073816,-0.0990326947560602,-0.205387510410282
"935",-0.16862243754902,1.00182876371714,-0.0343327829257561,-0.0498209978580983
"936",-0.16862243754902,1.04718310526835,0.203530500476231,-0.234878247897404
"937",-0.16862243754902,1.02169236608826,-0.00881907349600121,0.209230769404737
"938",-0.16862243754902,1.01801014562039,-0.0860230709888215,-0.170131384064492
"939",-0.16862243754902,1.04408039841738,-0.223720893806021,0.20013205648779
"940",-0.16862243754902,1.05250027001358,0.0093858247527462,-0.328129128046206
"941",-0.16862243754902,1.03100413296793,-0.224067820035296,-0.112974042246764
"942",-0.16862243754902,1.0127533801205,-0.157352216983017,-0.0301610469980839
"943",-0.16862243754902,1.01514606007608,-0.161317635277749,-0.0670682028712059
"944",-0.16862243754902,1.04859980086233,-0.211974486825966,-0.23372710434049
"945",-0.16862243754902,1.06977925358821,-0.331119617918958,-0.186513940596808
"946",-0.16862243754902,1.04489047413013,-0.301828201417671,0.0263787747416079
"947",-0.16862243754902,1.11074215384263,-0.48335079171383,0.0109610434077916
"948",-0.16862243754902,1.01208612910011,0.111952479735284,-0.1085586247056
"949",-0.16862243754902,1.09441758080042,-0.134764856115517,-0.423778568029586
"950",-0.16862243754902,1.00304695201032,0.0694143274433237,-0.0358446520807061
"951",-0.16862243754902,1.00511392775561,0.0417570071771519,0.092251613101964
"952",-0.16862243754902,1.01578581262671,-0.178248081672944,-0.00695977827385811
"953",-0.16862243754902,1.0257321872294,-0.224676814522361,-0.0405813865520294
"954",-0.16862243754902,1.0039230015706,-0.00696879665501117,0.0883902084832563
"955",-0.16862243754902,1.00388918261383,-0.0857901815898439,0.0208215204019787
"956",-0.16862243754902,1.00629187738352,-0.00738219293911884,0.112110863503357
"957",-0.16862243754902,1.00921213505127,-0.098053774289788,-0.0943111386966897
"958",-0.16862243754902,1.00027810980594,0.0229452864782858,0.00545992539929044
"959",-0.16862243754902,1.018565350814,-0.143856449220543,-0.129540325368206
"960",-0.16862243754902,1.06049136861769,-0.124928493919535,-0.330204200941799
"961",-0.16862243754902,1.03444057548387,-0.145099716252029,-0.221389648698797
"962",-0.16862243754902,1.00832006731387,0.0682469474530528,-0.109780291087173
"963",-0.16862243754902,1.12458768295796,-0.512784273947943,-0.0418299540095809
"964",-0.16862243754902,1.00133601707925,-0.0376180755616225,-0.0354781551263941
"965",-0.16862243754902,1.00723685745321,0.0132355343393357,-0.119795273875792
"966",-0.16862243754902,1.00681773979535,-0.0450393878568258,0.107950982895501
"967",-0.16862243754902,1.10697514995963,-0.394884269001124,-0.263553403930937
"968",-0.16862243754902,1.03555210093507,-0.175051880194401,-0.204266965002773
"969",-0.16862243754902,1.00573196823673,-0.0645702187958375,-0.0856006937937774
"970",-0.16862243754902,1.00981623648226,-0.0507920777904442,-0.130954176324853
"971",-0.16862243754902,1.02566248740729,-0.0709845648343187,-0.216667324785703
"972",-0.16862243754902,1.00999974903002,-0.0737985532686501,-0.121050677718731
"973",-0.16862243754902,1.03361806267207,-0.25939160779236,0.0328982262266391
"974",-0.16862243754902,1.01666125862471,-0.113167496298295,-0.144198587267555
"975",-0.16862243754902,1.01888027418571,0.133744947790023,0.142229750985466
"976",-0.16862243754902,1.04754064727634,-0.15482788358275,-0.270868481299355
"977",-0.16862243754902,1.00707514338293,0.0896722229763678,-0.078480805591147
"978",-0.16862243754902,1.00659113541266,0.104605703414701,-0.0477845236919885
"979",-0.16862243754902,1.00586258082437,0.108403967796269,-0.00284802891425886
"980",-0.16862243754902,1.02891936517782,-0.211102630360931,-0.118788633684477
"981",-0.16862243754902,1.00969211702873,-0.126330989473359,-0.059318228974238
"982",-0.16862243754902,1.02843335051194,-0.0893914626795144,-0.222899804497983
"983",-0.16862243754902,1.00324585340384,0.0261440397253592,-0.0762806106349256
"984",-0.16862243754902,1.01390711105879,-0.110552443421216,0.125641502335742
"985",-0.16862243754902,1.07288246142324,-0.30254550620567,-0.24401432889145
"986",-0.16862243754902,1.02437145530997,-0.0855259275595764,-0.204993156395377
"987",-0.16862243754902,1.0765599664278,-0.301800364496116,-0.26057225735874
"988",-0.16862243754902,1.04407853370298,-0.294656493283085,0.0572497642395021
"989",-0.16862243754902,1.0105458077857,0.0964245706067101,-0.109110640253673
"990",-0.16862243754902,1.01394030831192,-0.0354111612015919,-0.163771177201711
"991",-0.16862243754902,1.01709273895905,-0.084618595029539,-0.165279560195613
"992",-0.16862243754902,1.0157232836536,-0.173321262468584,-0.0406636069767297
"993",-0.16862243754902,1.09867009554033,-0.354827004006474,-0.284910119269915
"994",-0.16862243754902,1.05568548544105,-0.31326033935121,0.127827242638173
"995",-0.16862243754902,1.03155405382364,-0.16576166487613,-0.19138138994554
"996",-0.16862243754902,1.09406473159197,-0.27968828803744,-0.344604263537304
"997",-0.16862243754902,1.02168819468182,-0.180564918164151,-0.106033379086848
"998",-0.16862243754902,1.0024209377955,-0.000457503882358307,-0.0696241856039661
"999",-0.16862243754902,1.105312598241,-0.37228788521756,-0.288301353362264
"1000",-0.16862243754902,1.04845227649589,-0.314867601056839,-0.0105152220197514
