"","t","","",""
"1",-0.16862243754902,1.01719576778258,0.0318140258864944,-0.183507759377297
"2",-0.16862243754902,1.03514832415236,-0.145356957840689,-0.224507032858096
"3",-0.16862243754902,1.03507032923404,-0.20625902497244,-0.169787517438949
"4",-0.16862243754902,1.00467989439737,-0.0860068820002132,-0.0445477996641766
"5",-0.16862243754902,1.00240164271395,-0.0578964109254795,-0.0381714411250541
"6",-0.16862243754902,1.03570852063025,-0.209985250098181,-0.169110420871427
"7",-0.16862243754902,1.00455220958262,-0.0682837945930225,-0.0668016854075768
"8",-0.16862243754902,1.00313442240799,-0.0448255138832768,-0.0653402075670607
"9",-0.16862243754902,1.00968482280521,-0.0373749713929491,-0.134411877884972
"10",-0.16862243754902,1.01025989277272,-0.0832609000278929,-0.117015697543947
"11",-0.16862243754902,1.00841330609682,-0.121616552149895,-0.0459000017025329
"12",-0.16862243754902,1.04043911144799,-0.148983814809769,-0.245595943686805
"13",-0.16862243754902,1.01024307625129,-0.0787487039685674,-0.119957137082117
"14",-0.16862243754902,1.03841375406541,-0.174587672415781,-0.218683033801565
"15",-0.16862243754902,1.02204207916919,-0.185311075583075,-0.101142557109908
"16",-0.16862243754902,1.03762815310998,-0.251599322727892,-0.115628564504138
"17",-0.16862243754902,1.00837184214135,-0.0582213992557675,-0.115862162470057
"18",-0.16862243754902,1.01844900790136,-0.172380977829615,-0.0867362679493397
"19",-0.16862243754902,1.02321057448176,-0.165849537037557,-0.139476918505283
"20",-0.16862243754902,1.0105771844743,-0.143584389342689,-0.0254905652562546
"21",-0.16862243754902,1.01246723968201,0.0159522888670024,-0.157592626443054
"22",-0.16862243754902,1.04846782338487,-0.245234835400706,-0.197850075004792
"23",-0.16862243754902,1.02495451937164,-0.0300508594416503,-0.222775026937889
"24",-0.16862243754902,1.01774175243873,-0.160658179223906,-0.0999361001116424
"25",-0.16862243754902,1.02363819306384,-0.170451075125278,-0.137045909415968
"26",-0.16862243754902,1.0524114742458,-0.231763469171668,-0.232068105265935
"27",-0.16862243754902,1.00384810550298,-0.0848395794377748,-0.022655345566772
"28",-0.16862243754902,1.02660889883976,-0.176801091004202,-0.150556319683745
"29",-0.16862243754902,1.02378471361631,-0.152650723513273,-0.157584569185239
"30",-0.16862243754902,1.02644887488474,-0.222670572718829,-0.0633648861533134
"31",-0.16862243754902,1.00387395512819,-0.0788026345392133,-0.0394089149100973
"32",-0.16862243754902,1.03395903020235,-0.158700315375245,-0.209488629850846
"33",-0.16862243754902,1.04351679827135,-0.115332136871342,-0.275001466321865
"34",-0.16862243754902,1.02591139722835,-0.181457595091066,-0.139883294738139
"35",-0.16862243754902,1.02267933525115,-0.119826779831369,-0.177523422637614
"36",-0.16862243754902,1.03081469894505,-0.178569288198977,-0.175191189485335
"37",-0.16862243754902,1.02642173986924,-0.228529330081329,-0.0362757959081521
"38",-0.16862243754902,1.00502258975357,-0.0874489080921483,-0.0492249366527233
"39",-0.16862243754902,1.04537306241478,-0.228764511917291,-0.201175638956873
"40",-0.16862243754902,1.04463797960442,-0.285856308132952,-0.0977480410678166
"41",-0.16862243754902,1.02323965029359,-0.159781101336616,-0.146592570032041
"42",-0.16862243754902,1.00444160821981,-0.090751150542897,0.0258296921845422
"43",-0.16862243754902,1.01322844513645,-0.117575626192097,-0.113171790474355
"44",-0.16862243754902,1.00144180828232,0.0378292687241953,-0.0381397666949873
"45",-0.16862243754902,1.00532406322902,-0.0121897062884596,-0.102605473381794
"46",-0.16862243754902,1.0192317121447,-0.0968337507443819,-0.171628982861847
"47",-0.16862243754902,1.03304411610409,-0.23609324006879,-0.106958533138343
"48",-0.16862243754902,1.02069904001564,-0.13285503584929,-0.155486558063167
"49",-0.16862243754902,1.03460651438336,-0.204669536612125,-0.168881675700659
"50",-0.16862243754902,1.01143967413165,-0.151558495162341,0.00634326033362128
"51",-0.16862243754902,1.01118951046957,-0.111845382137504,-0.0999741795575676
"52",-0.16862243754902,1.02074536102293,-0.171860608807518,-0.111288019077251
"53",-0.16862243754902,1.0171288350391,-0.0965815628643617,-0.158817721878523
"54",-0.16862243754902,1.00816144368243,-0.0647902430932991,-0.11041612621244
"55",-0.16862243754902,1.01767494601569,-0.0172738697570005,-0.188052942470061
"56",-0.16862243754902,1.0097731670811,-0.106757506297146,-0.0908002412233561
"57",-0.16862243754902,1.01595575459037,0.0223895204921688,-0.17794607232926
"58",-0.16862243754902,1.01008155464816,-0.0692265049802332,-0.124388255268201
"59",-0.16862243754902,1.01065513035816,0.0321068519305382,-0.142803860516389
"60",-0.16862243754902,1.03184837175354,-0.0503898427787002,-0.249342988742758
"61",-0.16862243754902,1.0310080200512,-0.179208167054102,-0.175675753224521
"62",-0.16862243754902,1.02410621018015,-0.0719152855052334,-0.208858137117656
"63",-0.16862243754902,1.00301340853908,-0.0150750540235194,-0.0762144373158822
"64",-0.16862243754902,1.03671175468009,-0.142462485350338,-0.23340030539755
"65",-0.16862243754902,1.00496441939623,-0.0731874613236637,-0.0678017680993424
"66",-0.16862243754902,1.01186628286975,-0.146705156892872,-0.0484868162460584
"67",-0.16862243754902,1.01332577212406,-0.157906042763593,-0.0435293247082784
"68",-0.16862243754902,1.03275013369809,-0.236709197010054,-0.102672268428642
"69",-0.16862243754902,1.02024661850659,-0.183382829856017,0.0852871636774072
"70",-0.16862243754902,1.01678657805599,-0.0844430248128413,-0.163475750113763
"71",-0.16862243754902,1.03770437996209,-0.219093890596835,-0.169788831480885
"72",-0.16862243754902,1.01929327310692,-0.130527729843499,-0.148058395043735
"73",-0.16862243754902,1.00819139076872,-0.0389182288919286,-0.122209868177959
"74",-0.16862243754902,1.01432334844805,-0.0816036250801283,-0.148972157065161
"75",-0.16862243754902,1.02381729710736,-0.113321408514578,-0.188042857424826
"76",-0.16862243754902,1.01283963358488,-0.1467473407393,-0.0656455736992342
"77",-0.16862243754902,1.02765945382454,-0.13337885280608,-0.195688616580243
"78",-0.16862243754902,1.03787765715217,-0.18772037112047,-0.204819660877716
"79",-0.16862243754902,1.0017864414441,-0.0480062117219922,0.0356577887331076
"80",-0.16862243754902,1.00852886215515,-0.120137828741903,-0.0519361907069893
"81",-0.16862243754902,1.0016578456444,-0.00103810721233694,-0.0575965456811522
"82",-0.16862243754902,1.02252722626553,-0.11858358128147,-0.177482006706994
"83",-0.16862243754902,1.04807967029414,-0.27309611295371,-0.154562312267418
"84",-0.16862243754902,1.02716264547414,-0.151980804975567,-0.178787402174813
"85",-0.16862243754902,1.00824817612888,-0.0877493521627261,-0.0941511330905677
"86",-0.16862243754902,1.01501308084676,-0.17299341664443,0.0180230987268978
"87",-0.16862243754902,1.02903319388413,-0.236432876566663,-0.0548526115494402
"88",-0.16862243754902,1.03239407828592,-0.233092144660124,-0.107264089879012
"89",-0.16862243754902,1.01209705644178,-0.107636221327131,-0.112937573537442
"90",-0.16862243754902,1.0427921132893,-0.247743205971834,-0.161365099799057
"91",-0.16862243754902,1.01700759072676,-0.0374678814414079,-0.181385218405867
"92",-0.16862243754902,1.00854936540951,-0.0759487623909466,-0.106787677000739
"93",-0.16862243754902,1.04579096275612,-0.211789969625168,-0.220960961593993
"94",-0.16862243754902,1.00432414521896,-0.0828967952185544,0.0423687386203407
"95",-0.16862243754902,1.05223033078082,-0.272848673085178,-0.180948253958908
"96",-0.16862243754902,1.00141037436729,-0.0529917022719071,-0.00382326833623941
"97",-0.16862243754902,1.01056319331001,-0.126134298180951,-0.0729938798483958
"98",-0.16862243754902,1.0254325973447,-0.188436659128762,-0.126505482859387
"99",-0.16862243754902,1.01415678599135,-0.07885972009809,-0.149315542119249
"100",-0.16862243754902,1.02739153942877,-0.234182277052631,0.0263065848081592
"101",-0.16862243754902,1.02223709068845,-0.171985638523277,-0.124054865768855
"102",-0.16862243754902,1.00003243380734,0.0078284798186805,-0.00189303205362336
"103",-0.16862243754902,1.0094533847339,-0.127567453633178,0.0521793131831992
"104",-0.16862243754902,1.03431639621847,-0.194247274603858,-0.179104449401254
"105",-0.16862243754902,1.00602468756269,-0.108531597250306,-0.0175089800930623
"106",-0.16862243754902,1.04942573957039,-0.28666782358247,-0.138260412972595
"107",-0.16862243754902,1.00964721936127,-0.0241563811945756,-0.137127593180665
"108",-0.16862243754902,1.02021980210268,0.0400803490689467,-0.198095962152047
"109",-0.16862243754902,1.00213619010781,-0.0320752502369558,-0.0569922963744335
"110",-0.16862243754902,1.0150020275539,-0.113779662160463,-0.131465981977006
"111",-0.16862243754902,1.01745321682407,-0.06839900669822,-0.174735870124998
"112",-0.16862243754902,1.00072937587897,-0.033084732783942,-0.019096706619717
"113",-0.16862243754902,1.01679024291984,-0.114117248099772,-0.144359453390211
"114",-0.16862243754902,1.00536884322293,-0.0500863346735184,0.0908728232332292
"115",-0.16862243754902,1.01781722506999,-0.179486794251027,-0.0611260528634043
"116",-0.16862243754902,1.03495667562673,-0.244521144635105,-0.106511643732884
"117",-0.16862243754902,1.02307412093426,-0.215909714663993,0.00797822280477678
"118",-0.16862243754902,1.01446235788125,-0.147422151688916,-0.0860266513901131
"119",-0.16862243754902,1.02931631776003,-0.0999343776169192,-0.222497645329976
"120",-0.16862243754902,1.00630038900234,-0.0748301163452626,-0.0839102293765427
"121",-0.16862243754902,1.02317185625602,-0.216455702321113,0.00525132050706371
"122",-0.16862243754902,1.0222794962312,-0.166683862931077,-0.131422441968944
"123",-0.16862243754902,1.02656240719762,-0.18652706653678,-0.137978365407639
"124",-0.16862243754902,1.0152483367253,-0.147171827563801,-0.0952346491305586
"125",-0.16862243754902,1.01964310915173,-0.187292668988231,-0.0677755574220507
"126",-0.16862243754902,1.02372529313183,-0.161545577189337,-0.148042231435525
"127",-0.16862243754902,1.00236549066048,-0.00587975347526421,-0.068571170079698
"128",-0.16862243754902,1.01505436753986,-0.138608732888786,-0.105465578406901
"129",-0.16862243754902,1.00773563564624,-0.0414082846914482,-0.117543461367433
"130",-0.16862243754902,1.0137295659801,-0.13221096211791,-0.100835977895083
"131",-0.16862243754902,1.01140411929957,-0.0911360306643467,-0.120964938932263
"132",-0.16862243754902,1.02369799523993,-0.202804479609853,-0.0826312804476728
"133",-0.16862243754902,1.01472232882576,-0.135314403006545,-0.106543028662412
"134",-0.16862243754902,1.01271542832263,-0.120762990383021,-0.10492301423633
"135",-0.16862243754902,1.02593717615798,-0.177281467945649,-0.145321610733022
"136",-0.16862243754902,1.01030257299315,-0.110748701841954,-0.0919021982158521
"137",-0.16862243754902,1.00643152750054,-0.0959764667845405,-0.060769543116798
"138",-0.16862243754902,1.02535592868545,-0.174293999127527,-0.144832255932631
"139",-0.16862243754902,1.01520989172962,-0.0807434798701402,-0.155343537761097
"140",-0.16862243754902,1.04348213202013,-0.209304947605419,-0.212241369089923
"141",-0.16862243754902,1.00279157852309,-0.0716633120168489,-0.0213382208163178
"142",-0.16862243754902,1.01968946239732,-0.0584990576491949,-0.190642230311915
"143",-0.16862243754902,1.00924046743516,-0.114746476764957,-0.0734817472489934
"144",-0.16862243754902,1.00019745395733,0.00772406001756277,0.018310811002514
"145",-0.16862243754902,1.02123192232589,-0.200799862061408,-0.0509318620663864
"146",-0.16862243754902,1.0322067797146,-0.188065587984003,-0.173442124943781
"147",-0.16862243754902,1.03276638843922,-0.227758824541346,-0.121376813821
"148",-0.16862243754902,1.02796435684145,-0.228492924941957,-0.0670947254851054
"149",-0.16862243754902,1.00823778036744,-0.0632383076329437,-0.112001509846886
"150",-0.16862243754902,1.01987556744156,-0.180726493196866,-0.0865107376052422
"151",-0.16862243754902,1.01110696552465,-0.0544288689509557,-0.139193368941119
"152",-0.16862243754902,1.00925147272,-0.00818815337545926,-0.136093678515179
"153",-0.16862243754902,1.01681131000046,-0.174412598381383,-0.0590380019200208
"154",-0.16862243754902,1.00640189072328,-0.0672541645949088,-0.09122303983118
"155",-0.16862243754902,1.01548158508675,-0.172960151300751,0.035883641291282
"156",-0.16862243754902,1.01995613241641,-0.126555760379462,-0.155865812699966
"157",-0.16862243754902,1.0102581283167,-0.132409115013455,-0.0555815805039092
"158",-0.16862243754902,1.01171321340963,-0.145366729113102,-0.0493167340219885
"159",-0.16862243754902,1.00670551220977,-0.111411555235728,-0.0323025335460185
"160",-0.16862243754902,1.02209591472833,-0.162428211432283,-0.135266902955822
"161",-0.16862243754902,1.02200927868754,-0.152708110586617,-0.145544490395542
"162",-0.16862243754902,1.00568907801812,-0.0577687438513958,-0.0898515101640985
"163",-0.16862243754902,1.0246355285184,-0.219827922470201,-0.0394163773653399
"164",-0.16862243754902,1.0307029860932,-0.120655531019249,-0.218611272298342
"165",-0.16862243754902,1.03550504927907,-0.223215105554955,-0.149818969875479
"166",-0.16862243754902,1.01512424307474,0.045538826459526,-0.168533213826712
"167",-0.16862243754902,1.01140948628179,-0.0867132644065273,-0.124217384921578
"168",-0.16862243754902,1.01108002084903,-0.103958023552663,-0.107123937096673
"169",-0.16862243754902,1.02340730537957,-0.128080461367495,-0.17594859510708
"170",-0.16862243754902,1.0093516993745,-0.0793731927159132,-0.111762020867005
"171",-0.16862243754902,1.02991776634728,0.0813081605040126,-0.232636171893403
"172",-0.16862243754902,1.02171053067847,-0.207313729065775,-0.0302229422810409
"173",-0.16862243754902,1.01467472434793,-0.12833344949803,-0.114434793531036
"174",-0.16862243754902,1.0173978031831,-0.132599871428639,-0.132346378941434
"175",-0.16862243754902,1.02241844610066,-0.124896781584612,-0.172453683279569
"176",-0.16862243754902,1.01449558309045,-0.107616994895583,-0.132739860327152
"177",-0.16862243754902,1.00432442399763,-0.0768011237923855,-0.0526225809172544
"178",-0.16862243754902,1.0189769397669,-0.0615123127491056,-0.185823139455152
"179",-0.16862243754902,1.02036127030257,-0.144025573826278,-0.142806708587083
"180",-0.16862243754902,1.00196334256125,-0.0509159523155249,-0.0365801262478944
"181",-0.16862243754902,1.02275364808412,-0.15716044315549,-0.146032940724194
"182",-0.16862243754902,1.00011945322832,0.00492303076769566,0.0146521156753814
"183",-0.16862243754902,1.01121416777785,-0.141851554649598,-0.0493176394218218
"184",-0.16862243754902,1.01712132694793,-0.183605188941038,-0.0287215655256776
"185",-0.16862243754902,1.01309239199356,-0.0886839705049863,-0.135982896316817
"186",-0.16862243754902,1.00594687026353,-0.0444320399623488,-0.0997742432583005
"187",-0.16862243754902,1.00450360308953,0.020467390902535,-0.0927824042019555
"188",-0.16862243754902,1.04639670029566,-0.207673947200413,-0.227634764576583
"189",-0.16862243754902,1.01679145778415,-0.152994907734508,-0.102261560862947
"190",-0.16862243754902,1.02576976438047,-0.201208674049904,-0.108252847557222
"191",-0.16862243754902,1.02298259214281,-0.145567847621171,-0.159070379285906
"192",-0.16862243754902,1.01379308952105,-0.156317317269674,-0.0578041926009492
"193",-0.16862243754902,1.05060032530324,-0.220918573317346,-0.23442701954061
"194",-0.16862243754902,1.00331120207265,-0.0753002511869586,-0.031036114055118
"195",-0.16862243754902,1.04067689767781,-0.235369435580534,-0.166161470127167
"196",-0.16862243754902,1.00088894452211,-0.0420898345911236,-0.00266928654773703
"197",-0.16862243754902,1.00231081137412,-0.0433166775242649,-0.0524464302475296
"198",-0.16862243754902,1.0283620383432,-0.237884639018613,0.0306493136036442
"199",-0.16862243754902,1.00466504835533,-0.0875520757580492,-0.0410669382504998
"200",-0.16862243754902,1.00597561361652,-0.0878943314812133,-0.0652803315295516
"201",-0.16862243754902,1.02630207515132,-0.0570564718795556,-0.223697359118443
"202",-0.16862243754902,1.01078733469376,-0.104017800340143,-0.104265685581164
"203",-0.16862243754902,1.02538621713363,-0.22633581865457,-0.01374741726986
"204",-0.16862243754902,1.00342525737815,-0.0557735640208465,-0.0612499526596621
"205",-0.16862243754902,1.00722486467045,-0.116704428788776,0.0296985573975103
"206",-0.16862243754902,1.01354929282618,-0.0830126322844228,-0.142797310442667
"207",-0.16862243754902,1.00959719831411,-0.13297876512124,-0.0400393665100143
"208",-0.16862243754902,1.01950480489701,-0.117614915412039,-0.159864876945189
"209",-0.16862243754902,1.03700727637554,-0.191494459923765,-0.196758641676322
"210",-0.16862243754902,1.02254866063444,-0.153469339071107,-0.148502273822238
"211",-0.16862243754902,1.01570736842795,-0.0946981034512915,-0.150644374211424
"212",-0.16862243754902,1.00463321563371,-0.0741167377119235,-0.0616003826731629
"213",-0.16862243754902,1.03009896675605,-0.207884008376516,-0.133746477984249
"214",-0.16862243754902,1.03142740262828,-0.207166817385626,-0.144652675975339
"215",-0.16862243754902,1.01657027422032,-0.153701601062592,-0.0989491801844881
"216",-0.16862243754902,1.02097655384791,-0.0174367978896095,-0.205156237015859
"217",-0.16862243754902,1.0254420216225,-0.0901183511808296,-0.208350719916438
"218",-0.16862243754902,1.02954490646125,-0.15594565491396,-0.188795304850938
"219",-0.16862243754902,1.00560036630958,-0.102562979970163,-0.0267007839136319
"220",-0.16862243754902,1.02469610736154,-0.184699570744491,-0.126048328067782
"221",-0.16862243754902,1.04263208917222,-0.0890744902950373,-0.281331492283237
"222",-0.16862243754902,1.00085124688775,0.0167700902884202,-0.0377091828138108
"223",-0.16862243754902,1.02596931322461,-0.201925917063224,-0.10880696529523
"224",-0.16862243754902,1.00000672501797,-0.00327920710294802,0.00164221860304275
"225",-0.16862243754902,1.00591584067681,-0.0863540760758339,-0.0664052111631771
"226",-0.16862243754902,1.01041501010964,-0.129392889970832,-0.0647763280825809
"227",-0.16862243754902,1.01779456123688,-0.0757704726502395,-0.173679602595475
"228",-0.16862243754902,1.01731772728476,-0.100400787715058,-0.157654813037908
"229",-0.16862243754902,1.00359105708551,-0.0580153730834032,-0.0618807429497205
"230",-0.16862243754902,1.01197511723853,-0.127400798850923,-0.088671722449011
"231",-0.16862243754902,1.05392786401714,-0.2517444830176,-0.217689360837726
"232",-0.16862243754902,1.00458143182569,0.0478552588034233,-0.0830284732715838
"233",-0.16862243754902,1.01433983917815,0.00867701996367147,-0.169735142703259
"234",-0.16862243754902,1.00521778532522,-0.0137733258418796,-0.101356259941827
"235",-0.16862243754902,1.02774807974824,-0.210552615060346,-0.109241529270851
"236",-0.16862243754902,1.00870096816433,-0.0570747233147645,-0.11924814100939
"237",-0.16862243754902,1.01692439566878,-0.175114802033722,-0.0589069827355732
"238",-0.16862243754902,1.00628738551888,-0.108829930149975,-0.0277551537191714
"239",-0.16862243754902,1.00891898236019,-0.0331530195495371,-0.129685736538221
"240",-0.16862243754902,1.02359358167222,-0.145459724914958,-0.163049958197558
"241",-0.16862243754902,1.02109515379205,-0.180602424651204,-0.100090345726882
"242",-0.16862243754902,1.00893832872559,-0.132797218026101,-0.0179290283090376
"243",-0.16862243754902,1.02118565275452,-0.145703826760918,-0.146937171127317
"244",-0.16862243754902,1.03136723085651,-0.183508984673983,-0.173328639954733
"245",-0.16862243754902,1.02061628360293,-0.19239160282157,-0.0681400727854689
"246",-0.16862243754902,1.05662862888144,-0.136357622800108,-0.312842864831816
"247",-0.16862243754902,1.0194610013697,-0.141748438280696,-0.13859333879627
"248",-0.16862243754902,1.0265481891756,0.00548075897920809,-0.231886062497757
"249",-0.16862243754902,1.00204860012925,-0.00991633457118477,-0.0632697663157797
"250",-0.16862243754902,1.00359379415052,-0.0716889524230673,-0.0454004158342873
"251",-0.16862243754902,1.00247815392462,-0.0406948864536584,-0.0575010896647425
"252",-0.16862243754902,1.01307179265788,-0.142229326710755,-0.0780081771511781
"253",-0.16862243754902,1.00305217126252,-0.0724626801946774,-0.0293737681182913
"254",-0.16862243754902,1.00867617007455,-0.0729688694941446,-0.110014363430437
"255",-0.16862243754902,1.01212704033299,-0.0924575882092932,-0.125907665198505
"256",-0.16862243754902,1.01164320525771,-0.14644526310192,0.0444495180975901
"257",-0.16862243754902,1.00546760047306,-0.0199081825025474,-0.102804473980953
"258",-0.16862243754902,1.01953244548288,-0.109785226058984,-0.16551015537266
"259",-0.16862243754902,1.03107360950627,-0.140881979526417,-0.208002538602287
"260",-0.16862243754902,1.0040573993769,-0.0826844036375056,-0.0359798643496302
"261",-0.16862243754902,1.02429774706704,-0.197358946208513,-0.101169763260021
"262",-0.16862243754902,1.02860460383818,-0.197697078315382,-0.137634647755077
"263",-0.16862243754902,1.02299665798382,-0.116334201222857,-0.181627409473103
"264",-0.16862243754902,1.03210842841338,-0.025048475301033,-0.254205393111632
"265",-0.16862243754902,1.02106387419873,-0.191892760256645,-0.0758195473133723
"266",-0.16862243754902,1.0106486652549,-0.137772575635536,-0.0492893698910856
"267",-0.16862243754902,1.00343554526848,-0.0546389466976119,-0.0624297926636941
"268",-0.16862243754902,1.00914949888409,-0.113903384057233,-0.0735440697699098
"269",-0.16862243754902,1.01411661771836,-0.157596481930866,-0.0599655168870484
"270",-0.16862243754902,1.00533057872554,0.0129418585715439,-0.102577194431025
"271",-0.16862243754902,1.01220150547716,-0.126736859933227,-0.0921393294120341
"272",-0.16862243754902,1.01348122599029,-0.0563657716323977,-0.154813097711637
"273",-0.16862243754902,1.00239371322531,-0.0260050728799806,-0.064163015032977
"274",-0.16862243754902,1.0271516308734,-0.181231026367713,-0.148982508663229
"275",-0.16862243754902,1.03557637321933,-0.164280480338621,-0.213143962029939
"276",-0.16862243754902,1.00482478377295,-0.0834449419984543,-0.0520556215910915
"277",-0.16862243754902,1.01241774261022,-0.0641072638616821,-0.144498942114276
"278",-0.16862243754902,1.01358288530801,-0.133157880361685,-0.0980777461348161
"279",-0.16862243754902,1.00751673680536,-0.102549348221349,-0.0676284416669446
"280",-0.16862243754902,1.01559662076448,-0.1140454820015,-0.135757593317199
"281",-0.16862243754902,1.02712661107703,-0.177150696811664,-0.153644738932824
"282",-0.16862243754902,1.02961478292815,-0.150284733392791,-0.193703639958657
"283",-0.16862243754902,1.0107147088059,-0.0787846083720905,-0.123843482187212
"284",-0.16862243754902,1.00263675705086,-0.0718904176793374,0.0105940754841727
"285",-0.16862243754902,1.00514968303582,-0.0647365828384063,-0.0783266247799121
"286",-0.16862243754902,1.02179704724139,-0.123279671761638,-0.16991565049035
"287",-0.16862243754902,1.02117371346219,-0.185938714541736,-0.0906782636618361
"288",-0.16862243754902,1.02935177185366,-0.2358385146564,-0.0628113462914241
"289",-0.16862243754902,1.03388327538311,-0.182619391468636,-0.188586279926551
"290",-0.16862243754902,1.04595057441234,-0.204131549044476,-0.228785739936296
"291",-0.16862243754902,1.01204219579388,-0.0589947440325369,-0.144045222912253
"292",-0.16862243754902,1.04328596187121,-0.256074235149903,-0.151233542344034
"293",-0.16862243754902,1.01648044143028,-0.140352004517316,-0.116334872838189
"294",-0.16862243754902,1.03415017364029,-0.185337797459615,-0.187393923255403
"295",-0.16862243754902,1.00249798739153,-0.0696005567204836,-0.012568899246205
"296",-0.16862243754902,1.00303999717956,-0.0398214987200657,-0.0671080038568431
"297",-0.16862243754902,1.00904644819707,-0.0987210442220507,-0.0918089867433067
"298",-0.16862243754902,1.02556471700747,-0.175392662445449,-0.144984146481303
"299",-0.16862243754902,1.01248471843517,-0.124069065561495,-0.0986517715778606
"300",-0.16862243754902,1.02113229295443,-0.118343562301045,-0.169428335812718
"301",-0.16862243754902,1.01960229478955,-0.138304122879529,-0.143041284721002
"302",-0.16862243754902,1.01695199067856,-0.169766689163293,-0.0732845317623628
"303",-0.16862243754902,1.0455652031622,-0.122183507982442,-0.279781672810645
"304",-0.16862243754902,1.02113481334458,-0.186446162387466,-0.0891859605277998
"305",-0.16862243754902,1.05903552509584,-0.268550388500445,-0.222344175213302
"306",-0.16862243754902,1.01073779040845,-0.0731008439222813,-0.12746429922769
"307",-0.16862243754902,1.0141531673302,-0.159768529607142,-0.0545954554248711
"308",-0.16862243754902,1.01409392821728,-0.095461817154144,-0.138829163768954
"309",-0.16862243754902,1.0033022727278,-0.0555931706774069,-0.0593704458026173
"310",-0.16862243754902,1.04772769915436,-0.253329301193432,-0.183187326887346
"311",-0.16862243754902,1.0217024062177,-0.128957279288312,-0.165063100024193
"312",-0.16862243754902,1.03081326544121,-0.134644793217749,-0.210824021090863
"313",-0.16862243754902,1.01053536870396,-0.0928408089321142,-0.112081736239616
"314",-0.16862243754902,1.01903384158,-0.102312356401334,-0.167218874571333
"315",-0.16862243754902,1.02053396555957,-0.169772254767355,-0.112547573816359
"316",-0.16862243754902,1.02441713861172,-0.220009722280614,-0.0320342938650622
"317",-0.16862243754902,1.02244120998239,-0.185304756707836,-0.105110299265634
"318",-0.16862243754902,1.04114374600785,-0.271584537232125,-0.101104594295523
"319",-0.16862243754902,1.013268343218,-0.0224617433713074,-0.161889485305468
"320",-0.16862243754902,1.00976346658854,-0.136165605023196,-0.0328813999941016
"321",-0.16862243754902,1.01829397429411,-0.186999399830807,-0.0442022911919154
"322",-0.16862243754902,1.00523649489252,-0.057475472650511,-0.0848350205245196
"323",-0.16862243754902,1.01277610948102,-0.0883265119221045,-0.133842725716353
"324",-0.16862243754902,1.00513894936543,-0.048054140806179,-0.089415362677942
"325",-0.16862243754902,1.01577933104237,-0.146881464496375,-0.101160687820292
"326",-0.16862243754902,1.01215755532865,-0.0872151136087902,-0.129832356394977
"327",-0.16862243754902,1.01399460113684,-0.134543132394642,-0.100415121670445
"328",-0.16862243754902,1.02801786052959,-0.191903493564406,-0.141399330711312
"329",-0.16862243754902,1.01732310500992,-0.124266165758859,-0.139657509768057
"330",-0.16862243754902,1.0408098336867,-0.205780704342141,-0.202334899657427
"331",-0.16862243754902,1.00840713960839,-0.0282807902178359,-0.126827268825865
"332",-0.16862243754902,1.01919470042192,-0.0659083464797751,-0.185509911412922
"333",-0.16862243754902,1.01654120534305,-0.122040434042278,-0.135875511476748
"334",-0.16862243754902,1.02297341208569,-0.151231679776306,-0.153634569242303
"335",-0.16862243754902,1.0244635257499,-0.219960014531203,-0.0338098742877746
"336",-0.16862243754902,1.00929813695665,-0.103683909470503,-0.0890638881987288
"337",-0.16862243754902,1.0066186814626,-0.0384205451442936,-0.108650962169284
"338",-0.16862243754902,1.0132010436581,-0.101896707433502,-0.12725335313488
"339",-0.16862243754902,1.01049681479436,-0.0483288332264247,-0.13699684882694
"340",-0.16862243754902,1.0203986737269,-0.184730930303445,-0.084189884979429
"341",-0.16862243754902,1.0072420242687,-0.112369561690578,-0.043698707742574
"342",-0.16862243754902,1.02206003788614,0.0474833769196515,-0.205796136893082
"343",-0.16862243754902,1.04980358139038,-0.251519512354177,-0.197041859525276
"344",-0.16862243754902,1.01372056350021,-0.0512181228854646,-0.158133123510796
"345",-0.16862243754902,1.05211406087337,-0.226452580441738,-0.235930553126834
"346",-0.16862243754902,1.02478556363422,-0.188108092469655,-0.121658526131648
"347",-0.16862243754902,1.0002782410165,-0.0182806254017558,-0.0149123501160153
"348",-0.16862243754902,1.02977785225042,-0.190520599123637,-0.155384446760494
"349",-0.16862243754902,1.02075264852698,-0.138519893926662,-0.150825092280421
"350",-0.16862243754902,1.01472242446295,0.0230675084732269,-0.170673632295126
"351",-0.16862243754902,1.00684852768624,-0.116215564007585,-0.015424019785961
"352",-0.16862243754902,1.00679958637353,-0.0562049712936218,-0.102403165594601
"353",-0.16862243754902,1.02251482571079,-0.185979527573358,-0.104633570721578
"354",-0.16862243754902,1.03211939791242,-0.240846887024351,-0.0852245771933523
"355",-0.16862243754902,1.01893458876479,-0.166825709640909,-0.101965086103473
"356",-0.16862243754902,1.0104101475655,0.0180023998716108,-0.143542954902667
"357",-0.16862243754902,1.01889288556919,-0.0882498991445853,-0.174225909567112
"358",-0.16862243754902,1.02063594581755,-0.181292602405677,-0.0939719437271598
"359",-0.16862243754902,1.004760225064,-0.0973628028720736,-0.00797461519834596
"360",-0.16862243754902,1.01453973606005,-0.167078782080462,-0.0370884971830871
"361",-0.16862243754902,1.00566128523926,-0.0187000195129269,-0.104904384557076
"362",-0.16862243754902,1.01067607103794,-0.102166121335161,-0.105015257082126
"363",-0.16862243754902,1.05059982379533,-0.282416796839828,-0.15492173063039
"364",-0.16862243754902,1.00595215707613,-0.109266456459748,0.000764080392483956
"365",-0.16862243754902,1.01232185396534,-0.11567108751778,-0.106844445472283
"366",-0.16862243754902,1.00423800019036,-0.0678931327595609,-0.0623256251507691
"367",-0.16862243754902,1.03223497796103,-0.132877198018678,-0.218752599922643
"368",-0.16862243754902,1.00446933772638,-0.0660529526129332,-0.0677912817667441
"369",-0.16862243754902,1.00253952113616,-0.0511080644058257,-0.0497338636405263
"370",-0.16862243754902,1.03089462591295,-0.245987025612439,-0.0472664042057879
"371",-0.16862243754902,1.02305712025338,-0.0980215488735625,-0.192451675122779
"372",-0.16862243754902,1.01149192763658,-0.134194852311082,-0.0714679038951868
"373",-0.16862243754902,1.01723935024446,-0.134716449185504,-0.12894717524868
"374",-0.16862243754902,1.0243119468505,-0.220786299302169,-0.0216419615819511
"375",-0.16862243754902,1.01432953961327,-0.161183219958627,-0.0537064664248311
"376",-0.16862243754902,1.00507741870229,-0.096888081172007,-0.0281658891579044
"377",-0.16862243754902,1.02384671714882,-0.185228069832566,-0.118121388251755
"378",-0.16862243754902,1.03908210455433,-0.224563811922726,-0.171063480555586
"379",-0.16862243754902,1.05492387763043,-0.216032401677615,-0.257282702528203
"380",-0.16862243754902,1.03743213169493,-0.146996678597502,-0.233789230621058
"381",-0.16862243754902,1.00469483870899,-0.073448666099131,-0.0633799051493272
"382",-0.16862243754902,1.05310179536462,-0.318205143217831,-0.0881412402335825
"383",-0.16862243754902,1.0083817914618,-0.0879615395699594,-0.0953761233653083
"384",-0.16862243754902,1.01969606979038,-0.120294360541666,-0.159089099462609
"385",-0.16862243754902,1.02426007675372,-0.0985616573201246,-0.198479985232388
"386",-0.16862243754902,1.0168390343284,-0.150972058791645,-0.105683769795153
"387",-0.16862243754902,1.04408027181351,-0.23456919727486,-0.187298974049502
"388",-0.16862243754902,1.01794340299553,-0.183411027481003,0.0506869480289357
"389",-0.16862243754902,1.01231910869987,-0.149874574940343,-0.0482450994956241
"390",-0.16862243754902,1.00594586140129,-0.0740959248658552,-0.0802301064978637
"391",-0.16862243754902,1.03456098682179,-0.254140076833496,-0.0756918542561822
"392",-0.16862243754902,1.0157377521441,-0.169343660538627,-0.0551897251861965
"393",-0.16862243754902,1.02760387416565,-0.157935201522624,-0.176142539780303
"394",-0.16862243754902,1.01224010687955,-0.111560526507438,-0.110382439277774
"395",-0.16862243754902,1.00815920352769,-0.124719146557309,-0.0288117014353094
"396",-0.16862243754902,1.00434589102173,0.0118058051022083,-0.0925812712059781
"397",-0.16862243754902,1.00215427853304,-0.0579277740536588,-0.0309446437250941
"398",-0.16862243754902,1.03224341070548,-0.164956395059117,-0.195744340081619
"399",-0.16862243754902,1.02477703058605,-0.129991643767238,-0.1824010278684
"400",-0.16862243754902,1.01628737114754,-0.071349537240173,-0.166581104239349
"401",-0.16862243754902,1.01203540624543,0.0182772823121052,-0.15453674141005
"402",-0.16862243754902,1.00811896113307,-0.0452723326356932,-0.119391187672064
"403",-0.16862243754902,1.00163794185159,-0.0401020555328279,0.0408704257223378
"404",-0.16862243754902,1.02897499384689,-0.209962313914539,-0.121265678152806
"405",-0.16862243754902,1.01251659070854,-0.074796746257038,-0.139983189024265
"406",-0.16862243754902,1.01590790232157,-0.16616837356217,-0.0667602997830425
"407",-0.16862243754902,1.03825023776678,-0.190151613584503,-0.204464960504226
"408",-0.16862243754902,1.0162341702273,0.020488093443193,-0.179755741951769
"409",-0.16862243754902,1.01378026530467,-0.0744046908696617,-0.149044853308675
"410",-0.16862243754902,1.02951394058393,-0.232618046503688,-0.0760775807808481
"411",-0.16862243754902,1.01008765851796,-0.0922746766395338,-0.108454884359172
"412",-0.16862243754902,1.00373387616632,-0.065483623930592,-0.0565118497378134
"413",-0.16862243754902,1.01369808283487,-0.155323142321396,-0.0588092220871927
"414",-0.16862243754902,1.04254500330469,-0.246203167135389,-0.162123670104244
"415",-0.16862243754902,1.03784342981771,-0.152421156933278,-0.232135253106693
"416",-0.16862243754902,1.00533691894884,-0.0369438995173089,-0.0966305794767322
"417",-0.16862243754902,1.01931997739757,-0.120430581256923,-0.156555713469379
"418",-0.16862243754902,1.04153392902719,-0.194277421454072,-0.216908295894779
"419",-0.16862243754902,1.0290256548642,-0.0944851413502798,-0.223531555787347
"420",-0.16862243754902,1.02193408125542,-0.171029852844142,-0.12287414645672
"421",-0.16862243754902,1.01583071011255,-0.141065588312592,-0.10960169433814
"422",-0.16862243754902,1.01509010496319,-0.160422833729844,-0.0683552164232901
"423",-0.16862243754902,1.00043382492086,0.00549360764030455,-0.0289423274958475
"424",-0.16862243754902,1.01012040164635,-0.0878777767895484,-0.112341987559016
"425",-0.16862243754902,1.0138741188172,-0.133770340051333,-0.100230858172003
"426",-0.16862243754902,1.00563557337721,-0.0921216061804361,-0.0530708593905795
"427",-0.16862243754902,1.00910520440731,-0.100416132360309,-0.0906085753320812
"428",-0.16862243754902,1.02155785765497,-0.205132873015939,-0.0387422372203079
"429",-0.16862243754902,1.00676845750143,-0.0874140655842516,-0.0770811790116834
"430",-0.16862243754902,1.02422020283859,0.00629425457395709,-0.221330988029435
"431",-0.16862243754902,1.0035993732091,-0.08420318572912,-0.0110238568007488
"432",-0.16862243754902,1.013883460683,-0.109770086807024,-0.126135640835201
"433",-0.16862243754902,1.00170411259202,-0.0101293682737212,-0.0575197799208781
"434",-0.16862243754902,1.02968652252346,-0.0797525824188165,-0.232150512090707
"435",-0.16862243754902,1.02092017399805,-0.10260577059561,-0.178185458207719
"436",-0.16862243754902,1.01608244931215,-0.148250968872301,-0.102201732023503
"437",-0.16862243754902,1.02372315053779,-0.15504668581489,-0.154821232926357
"438",-0.16862243754902,1.00082710247646,-0.0231080533403145,-0.0334799480621331
"439",-0.16862243754902,1.00872289656516,-0.0479394528233164,-0.123384322009756
"440",-0.16862243754902,1.00589671586711,-0.103987623154124,0.0318555681630057
"441",-0.16862243754902,1.0017983683163,-0.0340920391774458,-0.0493731063020698
"442",-0.16862243754902,1.01834864774462,-0.0920835895210713,-0.168981007525112
"443",-0.16862243754902,1.00162938634197,-0.0403660536414267,-0.0403981348233778
"444",-0.16862243754902,1.0028908211392,-0.0194437360426004,-0.0735658905605961
"445",-0.16862243754902,1.00906771820739,-0.0941622209513043,-0.0967012723483165
"446",-0.16862243754902,1.05291007713833,-0.243611994740453,-0.221974833163646
"447",-0.16862243754902,1.01165978406682,-0.0110408792813162,-0.152753453914529
"448",-0.16862243754902,1.01809903546317,-0.0937241756573823,-0.166557572353753
"449",-0.16862243754902,1.01775292794383,-0.154087569466421,-0.10990015138371
"450",-0.16862243754902,1.01152797569023,0.0637409802249775,-0.138296540245704
"451",-0.16862243754902,1.00505235557184,-0.0837473699601634,-0.0558266555083949
"452",-0.16862243754902,1.004695347916,0.00500368768381875,-0.0968901709855425
"453",-0.16862243754902,1.00465662044832,0.0343079448458,-0.0903210381422578
"454",-0.16862243754902,1.00753112253739,-0.084452570982481,-0.0893684851382612
"455",-0.16862243754902,1.02425000211813,-0.197623715868685,-0.10016453346989
"456",-0.16862243754902,1.01053757475042,-0.0417153535193395,-0.139448984446729
"457",-0.16862243754902,1.00906385110433,-0.0626825217437999,-0.119502121626948
"458",-0.16862243754902,1.00299593358594,-0.0580048881181438,-0.05134467591033
"459",-0.16862243754902,1.01891712024257,-0.195417753977802,-0.00199983841358753
"460",-0.16862243754902,1.00313739285181,0.0423754104927448,-0.066999653156561
"461",-0.16862243754902,1.00866330979797,-0.0639266745454279,-0.115390869717503
"462",-0.16862243754902,1.0443653530461,-0.277847990556284,-0.116187283241056
"463",-0.16862243754902,1.01026736422718,-0.133196503227771,0.0538408650602391
"464",-0.16862243754902,1.02720265016904,-0.195826148585203,-0.129604799465861
"465",-0.16862243754902,1.03878240027071,-0.220643849603474,-0.174313415273557
"466",-0.16862243754902,1.02420499645229,-0.210945911216181,-0.0670648738089214
"467",-0.16862243754902,1.0232364041939,-0.183084967641543,-0.116157795654693
"468",-0.16862243754902,1.00875309111745,-0.064755071714283,-0.115713350682989
"469",-0.16862243754902,1.01462845725227,-0.117066848513014,-0.125563765654572
"470",-0.16862243754902,1.01061849975761,-0.0678071851829624,-0.129429276788098
"471",-0.16862243754902,1.01572270294565,-0.153762226369132,-0.0897206053325219
"472",-0.16862243754902,1.01474595702152,-0.0925580758107977,-0.145404126123422
"473",-0.16862243754902,1.02020981118634,-0.197867165917275,-0.0409468373960995
"474",-0.16862243754902,1.00032712410751,0.0252806062678793,-0.00390463467430295
"475",-0.16862243754902,1.02610301206489,-0.101978445498572,-0.206125660756561
"476",-0.16862243754902,1.0323028949113,-0.183425844893543,-0.178897250586305
"477",-0.16862243754902,1.03464310078,-0.152495351419753,-0.217328124703238
"478",-0.16862243754902,1.0309025853856,-0.0723963602356074,-0.239830997953438
"479",-0.16862243754902,1.01435702754043,-0.0661566357539752,-0.156663585004213
"480",-0.16862243754902,1.01419830310945,-0.163253159087524,-0.0441203363318605
"481",-0.16862243754902,1.00391005015321,-0.0365730331591198,-0.0806089451869833
"482",-0.16862243754902,1.02338506021751,-0.129965075651719,-0.174430675591299
"483",-0.16862243754902,1.0169488116548,-0.0624103083343027,-0.174039762524913
"484",-0.16862243754902,1.00166756969711,-0.0547415140996904,-0.0184739496859117
"485",-0.16862243754902,1.01784657482055,-0.0384751768875274,-0.185826022497943
"486",-0.16862243754902,1.00976154374604,-0.103747471103985,-0.0941001459504934
"487",-0.16862243754902,1.01803123503488,-0.105568950037982,-0.158879804552124
"488",-0.16862243754902,1.00693375967641,-0.11672108995994,-0.017081672477522
"489",-0.16862243754902,1.02230209005025,-0.118033241753165,-0.17654947511208
"490",-0.16862243754902,1.01634131474076,0.0488248865866713,-0.174830771029534
"491",-0.16862243754902,1.00710520064582,-0.0664358554142017,-0.0992328689661237
"492",-0.16862243754902,1.01335160543303,-0.122340866795219,-0.109152134864595
"493",-0.16862243754902,1.04805188316745,-0.299933743728475,-0.0919374743173655
"494",-0.16862243754902,1.01714132132803,-0.0635851433871482,-0.174738081405784
"495",-0.16862243754902,1.03746483535744,-0.263071970297247,-0.0844181440637229
"496",-0.16862243754902,1.031337118348,-0.0523235914424034,-0.246816720383614
"497",-0.16862243754902,1.03283028486608,-0.179995188116047,-0.185310899818697
"498",-0.16862243754902,1.00904206628408,-0.10251784396336,-0.0874984754149986
"499",-0.16862243754902,1.0178745677727,-0.16515881625273,-0.0937614053459885
"500",-0.16862243754902,1.03428171216815,-0.163025022935596,-0.207753464525458
"501",-0.16862243754902,1.03326514600999,-0.129654598273486,-0.22544743756713
"502",-0.16862243754902,1.01938848630099,-0.160280213511552,-0.116030768159648
"503",-0.16862243754902,1.00914540497537,-0.120371983683176,-0.0623300403263385
"504",-0.16862243754902,1.02817375086367,-0.223010443220296,-0.0860674397188497
"505",-0.16862243754902,1.00829075121004,-0.0743838990773177,-0.105438486966385
"506",-0.16862243754902,1.05425227067202,-0.13041555010707,-0.307310322812936
"507",-0.16862243754902,1.00916273002842,-0.116966517055148,-0.0687622684792025
"508",-0.16862243754902,1.01572251923143,-0.134853857891492,-0.1162182132268
"509",-0.16862243754902,1.02803754510706,-0.171959557641296,-0.16520019577942
"510",-0.16862243754902,1.01314116237298,-0.0833852853772515,-0.139649235862695
"511",-0.16862243754902,1.00599054109773,-0.078064827409537,-0.0769600643167079
"512",-0.16862243754902,1.02243876431286,-0.145884376303916,-0.155237803128063
"513",-0.16862243754902,1.02537153194718,-0.0134323812649881,-0.22628820044637
"514",-0.16862243754902,1.01262270687398,-0.102509325534919,-0.122051565558013
"515",-0.16862243754902,1.01967677145387,-0.0555502961295289,-0.191454649571421
"516",-0.16862243754902,1.02052580075303,-0.142043413082881,-0.14593347389263
"517",-0.16862243754902,1.01033333707101,-0.084437158979333,-0.116806755714485
"518",-0.16862243754902,1.01366745260344,-0.116551588996468,-0.118056899713436
"519",-0.16862243754902,1.0183560364923,0.0695178290127716,-0.179488964868779
"520",-0.16862243754902,1.01223839254951,-0.0681150262491047,-0.141375056322867
"521",-0.16862243754902,1.01056540365624,-0.0617010438476128,-0.1320432363092
"522",-0.16862243754902,1.00739294055165,-0.0736754866773222,-0.0970178299909919
"523",-0.16862243754902,1.01014578361751,-0.140577484374713,-0.0251490565850827
"524",-0.16862243754902,1.02671198460964,-0.230837057140556,-0.0291847972712295
"525",-0.16862243754902,1.03633462428722,-0.134238929009981,-0.236578450909608
"526",-0.16862243754902,1.00563059147969,-0.0479254765048802,-0.0948474312860536
"527",-0.16862243754902,1.00773873113416,-0.116065168995193,-0.0454557672249489
"528",-0.16862243754902,1.0114649304248,-0.0508726745279635,-0.14308485756929
"529",-0.16862243754902,1.02219452347906,-0.0484877988517027,-0.206229428533119
"530",-0.16862243754902,1.01093148904046,-0.104948766091202,-0.104729327456551
"531",-0.16862243754902,1.0263916082454,-0.0474025052579176,-0.226346495382308
"532",-0.16862243754902,1.01958566114114,-0.184099961116672,0.0752470911162455
"533",-0.16862243754902,1.01987139489387,-0.139035482556068,-0.144245612457261
"534",-0.16862243754902,1.02079944535701,-0.182690469336355,-0.0930360148267494
"535",-0.16862243754902,1.0087480485973,-0.0898898454568797,-0.0974291600733855
"536",-0.16862243754902,1.01957304974499,-0.100857927010482,-0.171338502168784
"537",-0.16862243754902,1.00721811061476,-0.117515791318231,-0.0260453669819221
"538",-0.16862243754902,1.02621751072516,-0.166402614474984,-0.159475857780523
"539",-0.16862243754902,1.04025051883129,-0.159979924740898,-0.237755264102967
"540",-0.16862243754902,1.00882746409164,-0.133164536669504,-0.000241824676822193
"541",-0.16862243754902,1.00507302201088,-0.035325678058157,-0.0944662693441934
"542",-0.16862243754902,1.00493571563671,-0.0749454906112167,-0.0654138058769905
"543",-0.16862243754902,1.01594406290525,0.0229085196369483,-0.177813212896212
"544",-0.16862243754902,1.01215062919702,-0.154710020079426,-0.0226650804310144
"545",-0.16862243754902,1.00865195736119,-0.0184648521819793,-0.130529001844281
"546",-0.16862243754902,1.02253529659451,-0.0759880433725337,-0.199510024926144
"547",-0.16862243754902,1.03210532973714,-0.148089840298319,-0.208112495713786
"548",-0.16862243754902,1.02644103708245,-0.197597730543259,-0.120566742889773
"549",-0.16862243754902,1.00436660664296,-0.0865295356085062,-0.035565713923233
"550",-0.16862243754902,1.01478862164697,0.00145128740853823,-0.172608923260125
"551",-0.16862243754902,1.01359808280747,-0.0942374921980153,-0.13601605984296
"552",-0.16862243754902,1.04603528001262,-0.235498659095639,-0.196799869398414
"553",-0.16862243754902,1.00405806836455,-0.0873760808578204,-0.0223164769145806
"554",-0.16862243754902,1.0010149113861,-0.0450476249141163,-0.00125072255803471
"555",-0.16862243754902,1.01590133312569,-0.173465769744931,-0.0443299602227153
"556",-0.16862243754902,1.03969790927835,-0.185273417334409,-0.215975700917952
"557",-0.16862243754902,1.01865420602837,-0.0951937834443374,-0.169099187025956
"558",-0.16862243754902,1.00862122673002,-0.124525176413663,-0.0425471438466557
"559",-0.16862243754902,1.03181382788149,-0.171845785750734,-0.18737342748418
"560",-0.16862243754902,1.0202153072578,-0.16445461268093,-0.117447662944357
"561",-0.16862243754902,1.00618390218725,0.013374476673154,-0.110576527321481
"562",-0.16862243754902,1.03251707120921,-0.256290976282322,0.0201603029414118
"563",-0.16862243754902,1.02877776473609,-0.17231696543618,-0.169382858159421
"564",-0.16862243754902,1.00818530704444,-0.0534210954971492,-0.116549559828355
"565",-0.16862243754902,1.01161167145952,-0.105617748077309,-0.110467484465768
"566",-0.16862243754902,1.00597739497951,-0.106978598097364,-0.0233687560406773
"567",-0.16862243754902,1.02913698764043,0.0166127778315575,-0.242583913197776
"568",-0.16862243754902,1.01094816673926,-0.124047901635032,-0.0814144577664917
"569",-0.16862243754902,1.01327149143211,-0.0989732776573557,-0.130089990617285
"570",-0.16862243754902,1.03211062852864,-0.198096280355464,-0.161276821741736
"571",-0.16862243754902,1.01774625438248,-0.156073902850691,-0.106997080140185
"572",-0.16862243754902,1.01410936233023,-0.0992825764299779,-0.136237912429872
"573",-0.16862243754902,1.0105344716081,-0.145371535927867,-0.0068581958443952
"574",-0.16862243754902,1.03140585106017,-0.218162359053864,-0.127291848494746
"575",-0.16862243754902,1.00797036598588,-0.114935237600069,-0.0528597187234093
"576",-0.16862243754902,1.00637102196357,-0.109064070241338,-0.029793664265923
"577",-0.16862243754902,1.04225728254774,-0.191045662310146,-0.223163164380406
"578",-0.16862243754902,1.01709142530766,-0.175520512846942,-0.060560028106954
"579",-0.16862243754902,1.02740885490391,-0.0489442740562028,-0.23059361043202
"580",-0.16862243754902,1.04836600829656,-0.160735245088442,-0.270620524605995
"581",-0.16862243754902,1.00903935074913,-0.132326684735257,-0.0254962716333898
"582",-0.16862243754902,1.00945706348992,-0.136870810848248,-0.0164299777063561
"583",-0.16862243754902,1.0238144178216,-0.0423567918508299,-0.215410919694178
"584",-0.16862243754902,1.0387433320535,-0.192755975866526,-0.204530789010732
"585",-0.16862243754902,1.01974392143245,-0.190929808817643,0.0585104555041163
"586",-0.16862243754902,1.01798548603925,-0.0709913045906326,-0.176789944451268
"587",-0.16862243754902,1.03653030125913,-0.24774600674363,-0.114091987321288
"588",-0.16862243754902,1.00841276362038,-0.0836629858606895,-0.0994826951252008
"589",-0.16862243754902,1.04979958727165,-0.203903902337898,-0.245972299349155
"590",-0.16862243754902,1.03473733133329,-0.0271031954732574,-0.264474500944573
"591",-0.16862243754902,1.0213150214426,-0.106293006024301,-0.178286763094234
"592",-0.16862243754902,1.02897163509915,-0.0530620088110203,-0.236573559510703
"593",-0.16862243754902,1.03919356907395,-0.227473628353801,-0.167866084746769
"594",-0.16862243754902,1.01003333426668,-0.108997364745225,-0.0910324711762456
"595",-0.16862243754902,1.01834357506938,-0.120125598016026,-0.150311268993302
"596",-0.16862243754902,1.03496201637449,-0.175736663407247,-0.200656423950075
"597",-0.16862243754902,1.01722803981714,-0.0526102619277427,-0.178843633742193
"598",-0.16862243754902,1.02856513568505,-0.0854195810231229,-0.225054956676447
"599",-0.16862243754902,1.01009631695433,-0.109159179894844,-0.0915360200653097
"600",-0.16862243754902,1.02549833129863,-0.00920712287252647,-0.22707279974642
"601",-0.16862243754902,1.03448302312703,-0.203725959049045,-0.169265645503132
"602",-0.16862243754902,1.00661329864186,-0.104893713286659,-0.0476197639177331
"603",-0.16862243754902,1.00579124891389,-0.0057988425516938,-0.107621604786522
"604",-0.16862243754902,1.0064149302526,-0.0693388626173716,-0.0897949551271196
"605",-0.16862243754902,1.03201932221601,-0.124026094484885,-0.222893268884483
"606",-0.16862243754902,1.00814641838287,-0.100909043786133,-0.078591130418032
"607",-0.16862243754902,1.00265688591622,-0.0712263939997861,-0.0157363170086153
"608",-0.16862243754902,1.04503769011012,-0.150180740666898,-0.263722427721735
"609",-0.16862243754902,1.04388172649018,-0.273320736089155,-0.122412557051113
"610",-0.16862243754902,1.00848195443444,-0.0928654839018679,-0.09171616171412
"611",-0.16862243754902,1.01969173005354,0.0339916850311889,-0.196509006634092
"612",-0.16862243754902,1.02820407531413,-0.122795030798626,-0.205243759719401
"613",-0.16862243754902,1.00164454455955,0.0573674384692834,-0.000877866379062114
"614",-0.16862243754902,1.02523681496387,-0.199361724227684,-0.106608769199426
"615",-0.16862243754902,1.0043351096599,-0.0903608390588527,-0.0228895447779833
"616",-0.16862243754902,1.0349031921623,-0.263458391297746,-0.0401782677889507
"617",-0.16862243754902,1.02906606396056,-0.11602145404541,-0.213344759008668
"618",-0.16862243754902,1.01977399329881,-0.167797441013153,-0.108549602477539
"619",-0.16862243754902,1.03130471886278,-0.2505188959449,-0.0288046163519076
"620",-0.16862243754902,1.01261304005754,-0.113770731858469,-0.11154097662724
"621",-0.16862243754902,1.0000474861434,-0.00866563833071089,-0.00445883998970293
"622",-0.16862243754902,1.04198441843325,-0.206699183854358,-0.207381232640795
"623",-0.16862243754902,1.008326968055,-0.1035913052271,-0.0774087591190024
"624",-0.16862243754902,1.00384588981491,-0.0837909108998868,-0.0261849909080498
"625",-0.16862243754902,1.02048322080275,-0.202468131253853,-0.0198156444894261
"626",-0.16862243754902,1.03372901646077,-0.194335622362456,-0.175582873179459
"627",-0.16862243754902,1.03617681292237,-0.0327702562897556,-0.269422526787693
"628",-0.16862243754902,1.02743545758212,-0.230715704960499,-0.0489273234662296
"629",-0.16862243754902,1.00250054019808,-0.0210731138420244,-0.067551883544783
"630",-0.16862243754902,1.00192277834918,-0.0577923449142175,-0.02256764596181
"631",-0.16862243754902,1.00586130812579,-0.00501485593046724,-0.108313537494304
"632",-0.16862243754902,1.01056287267782,-0.0552895552734281,-0.134834656941403
"633",-0.16862243754902,1.00080257819486,-0.0243326070847355,-0.0318390444884475
"634",-0.16862243754902,1.01135758466201,-0.148220542440377,-0.0295776072739418
"635",-0.16862243754902,1.01242303717584,-0.122880107546504,-0.0995031927814811
"636",-0.16862243754902,1.0374033504745,-0.175648369043088,-0.212963287982252
"637",-0.16862243754902,1.01402138022494,-0.0897365181419854,-0.142079966445116
"638",-0.16862243754902,1.02956671833338,-0.195122729609011,-0.148103841576415
"639",-0.16862243754902,1.02018203060906,-0.0841977077987217,-0.18352689606447
"640",-0.16862243754902,1.01926166865312,-0.190043188903962,0.0527061242812335
"641",-0.16862243754902,1.01964622866924,-0.165403337873518,-0.1109962497551
"642",-0.16862243754902,1.00279510424076,0.01379079251405,-0.0735379842739625
"643",-0.16862243754902,1.02174749851001,-0.0581592048299803,-0.201458327216836
"644",-0.16862243754902,1.02006457174706,-0.16352075583895,-0.117442296228316
"645",-0.16862243754902,1.02186301302719,-0.144248506912119,-0.15295877106802
"646",-0.16862243754902,1.00279203094269,-0.0625964456491118,-0.0409089515175592
"647",-0.16862243754902,1.0221542049988,-0.12800777183687,-0.168562241163584
"648",-0.16862243754902,1.01533999615165,-0.0587440799124175,-0.165723989996833
"649",-0.16862243754902,1.00319418985066,-0.0411599594777251,-0.0685889224723574
"650",-0.16862243754902,1.02049144734618,-0.115568715623519,-0.167471388827582
"651",-0.16862243754902,1.01695330592708,-0.0935772689829478,-0.159490818437037
"652",-0.16862243754902,1.0076147988157,-0.100795054980171,-0.0716096340162813
"653",-0.16862243754902,1.01998571741961,-0.106799830430224,-0.170190070098303
"654",-0.16862243754902,1.03546551731522,-0.261181348262321,-0.0630328554704737
"655",-0.16862243754902,1.02505245939013,-0.204549060453381,-0.0942986021602908
"656",-0.16862243754902,1.01328869667283,0.0889250497392443,-0.137281893685209
"657",-0.16862243754902,1.0293822152583,-0.184300249753061,-0.160191020444507
"658",-0.16862243754902,1.0141747117968,-0.116388175839767,-0.122491381626677
"659",-0.16862243754902,1.02910561066013,-0.0588696617586957,-0.235781086638795
"660",-0.16862243754902,1.00677527286223,-0.101385988842999,-0.0575962786397515
"661",-0.16862243754902,1.01728664337128,-0.134372237518741,-0.129677355640143
"662",-0.16862243754902,1.02733301743346,-0.12243664311551,-0.201053219649792
"663",-0.16862243754902,1.01185562626428,-0.152326304543889,-0.0254657681344264
"664",-0.16862243754902,1.02798804160067,-0.0771223455323916,-0.225414190976456
"665",-0.16862243754902,1.01508562283643,-0.137672382961627,-0.106981945481001
"666",-0.16862243754902,1.01859519006862,-0.147261979405962,-0.125897063716223
"667",-0.16862243754902,1.02561228817471,-0.194034891197498,-0.119293866786793
"668",-0.16862243754902,1.02096157920194,-0.142978421235414,-0.148053089354926
"669",-0.16862243754902,1.02055882282969,-0.102061373873855,-0.176419349331374
"670",-0.16862243754902,1.01012412647511,-0.142635996697919,-0.00239234886471683
"671",-0.16862243754902,1.00214963638776,-0.0361829648625134,-0.0547237312861017
"672",-0.16862243754902,1.00635429341287,-0.0405954902851485,-0.105361141029445
"673",-0.16862243754902,1.02529548617383,-0.053792905767729,-0.219857129194152
"674",-0.16862243754902,1.01500866516134,-0.0838319005835442,-0.152364046930913
"675",-0.16862243754902,1.01030586265703,-0.101671489827356,-0.101886428318267
"676",-0.16862243754902,1.02637180283249,-0.0631134290210881,-0.222386538996457
"677",-0.16862243754902,1.00888470218996,-0.0945917272297004,-0.0943437727284425
"678",-0.16862243754902,1.01692777994952,-0.172324640959763,-0.066680789970953
"679",-0.16862243754902,1.03649567569418,-0.213201955609938,-0.169906479737602
"680",-0.16862243754902,1.01261565785982,-0.0925329191268287,-0.129723280180331
"681",-0.16862243754902,1.00619629340012,-0.0588034202352893,-0.0947266521142277
"682",-0.16862243754902,1.02698533675116,-0.0859698968491755,-0.217504157977802
"683",-0.16862243754902,1.0141973166445,-0.155128826388117,-0.0673145178423834
"684",-0.16862243754902,1.00376449368362,-0.0688901079897874,-0.0528896190295381
"685",-0.16862243754902,1.02851397711821,-0.0676578785949179,-0.230788675180482
"686",-0.16862243754902,1.01703342477342,-0.156238822853869,-0.0997317268454864
"687",-0.16862243754902,1.0233981262278,-0.185250503403922,-0.114131396886109
"688",-0.16862243754902,1.01997861331039,-0.179590751899389,-0.0900196280973667
"689",-0.16862243754902,1.01734254525267,-0.112303984998825,-0.149578305026388
"690",-0.16862243754902,1.01976045170958,-0.159004046183542,-0.120950784074313
"691",-0.16862243754902,1.02543101629723,-0.195295129782544,-0.115622581996762
"692",-0.16862243754902,1.03809412706624,-0.138641231650491,-0.241698211693536
"693",-0.16862243754902,1.00685739426371,-0.0856517184881432,-0.080159812272366
"694",-0.16862243754902,1.00505173116804,-0.0539129293456839,-0.0849845772669293
"695",-0.16862243754902,1.02099034270788,-0.140130083468877,-0.150946479289017
"696",-0.16862243754902,1.02106218642019,-0.167752115474693,-0.120113347680232
"697",-0.16862243754902,1.00678299198547,-0.0551420303317745,-0.102817067854087
"698",-0.16862243754902,1.03015969885336,-0.0808846306655251,-0.233851836990315
"699",-0.16862243754902,1.02033628525549,-0.103746738004326,-0.174134285430604
"700",-0.16862243754902,1.05073410734791,-0.193173833643993,-0.258313829168101
"701",-0.16862243754902,1.02369126066372,-0.0492280274703353,-0.213355099471864
"702",-0.16862243754902,1.0227501088501,-0.111934130149654,-0.182998731308556
"703",-0.16862243754902,1.02179375084733,-0.125488865459748,-0.168270656729803
"704",-0.16862243754902,1.04202196795653,-0.218117514953324,-0.195536521843351
"705",-0.16862243754902,1.02594168602413,-0.224111180901197,-0.0482754773886951
"706",-0.16862243754902,1.01581530221064,-0.0479999095268284,-0.17197888501415
"707",-0.16862243754902,1.02688704546126,-0.232447685196747,-0.0215656621237728
"708",-0.16862243754902,1.01864445070991,-0.100122143381309,-0.166168809849597
"709",-0.16862243754902,1.02595540013243,-0.179950324246869,-0.142135019837977
"710",-0.16862243754902,1.00211141378814,0.0531266612292439,-0.0374812421231904
"711",-0.16862243754902,1.01694585212871,-0.129050879944258,-0.132381027898269
"712",-0.16862243754902,1.05123404423295,-0.223028706182106,-0.235268382859026
"713",-0.16862243754902,1.01627814813617,-0.15347733234229,-0.0962599752554278
"714",-0.16862243754902,1.0132917267087,-0.161799758658652,-0.0241031432452371
"715",-0.16862243754902,1.01347406097399,-0.0977821900063904,-0.132545522688145
"716",-0.16862243754902,1.01177029151738,-0.136620914469955,-0.0708085342777075
"717",-0.16862243754902,1.02556498593826,-0.0992556378528679,-0.204772700175033
"718",-0.16862243754902,1.00941570097878,-0.100047418868211,-0.0943958227904297
"719",-0.16862243754902,1.05375445435789,-0.332261355645544,-0.000917400497457484
"720",-0.16862243754902,1.0444939436589,-0.0958536306106184,-0.285971466826463
"721",-0.16862243754902,1.00521934203119,-0.0583915367023092,-0.0840021073256593
"722",-0.16862243754902,1.00803763759077,-0.110084880787858,-0.0634129152578466
"723",-0.16862243754902,1.02685170787935,-0.214394881478869,-0.0919742614561085
"724",-0.16862243754902,1.00584855985771,-0.0805528791246012,-0.07240551797041
"725",-0.16862243754902,1.03452272332913,-0.19004800342433,-0.184713349487089
"726",-0.16862243754902,1.01810875749657,-0.112931466871209,-0.154246315617341
"727",-0.16862243754902,1.00501074995189,-0.067295566106545,-0.074282664877168
"728",-0.16862243754902,1.00553634593198,-0.0536445765656493,-0.0906951067882163
"729",-0.16862243754902,1.045454385376,-0.186835311005284,-0.240971862389491
"730",-0.16862243754902,1.02565973673383,-0.0984567472799947,-0.205631136922264
"731",-0.16862243754902,1.01324067688594,-0.160237185635392,-0.031316347742335
"732",-0.16862243754902,1.00683512706417,-0.032741950467441,-0.112449712182404
"733",-0.16862243754902,1.02233387288957,-0.0391995297431211,-0.208877822004427
"734",-0.16862243754902,1.01707038145152,-0.00889194301669283,-0.185345877146821
"735",-0.16862243754902,1.01105105436515,-0.0769170123991163,-0.127702810213724
"736",-0.16862243754902,1.02313213128833,-0.152609624632139,-0.153328603150973
"737",-0.16862243754902,1.00718107055592,-0.119266111696214,-0.0137587603740348
"738",-0.16862243754902,1.01787263348057,-0.0876300741447534,-0.168480467989767
"739",-0.16862243754902,1.01889758510256,-0.0962591643505007,-0.169960178295867
"740",-0.16862243754902,1.01776852852564,-0.152667388627651,-0.112006455648177
"741",-0.16862243754902,1.00968118280028,-0.117011470284421,0.0759236901293106
"742",-0.16862243754902,1.01494671759354,-0.137071394535,-0.106434357019427
"743",-0.16862243754902,1.01794501285922,-0.130256221327748,-0.138727668510528
"744",-0.16862243754902,1.01058312154516,-0.145309232947315,-0.0127856314749786
"745",-0.16862243754902,1.02813999561917,-0.212018222778459,-0.110091433825067
"746",-0.16862243754902,1.01213528607478,-0.153754732617193,-0.027880450417813
"747",-0.16862243754902,1.01537472100286,-0.1646379136393,-0.0622911024475171
"748",-0.16862243754902,1.0013814765536,-0.00480444756005013,-0.0523619983223846
"749",-0.16862243754902,1.0044895327143,-0.0947966055014437,-0.00358118946714814
"750",-0.16862243754902,1.0049555291849,-0.0185047918897119,-0.0979448228157965
"751",-0.16862243754902,1.01032865282816,-0.0187942789497892,-0.142866237454178
"752",-0.16862243754902,1.00392253805433,-0.0758611942339279,-0.0458861811753064
"753",-0.16862243754902,1.01164329683488,-0.0639375647500896,-0.139047286362494
"754",-0.16862243754902,1.01991659672525,-0.10306078841082,-0.172070735942366
"755",-0.16862243754902,1.00817688045195,-0.111371971796512,-0.0633790673328403
"756",-0.16862243754902,1.0193689619951,-0.0824372951984072,-0.179769777880886
"757",-0.16862243754902,1.01536489627009,-0.0711766991025296,-0.160933992936337
"758",-0.16862243754902,1.02478716531856,-0.139441634801647,-0.175341850924094
"759",-0.16862243754902,1.02481776406603,-0.22408967458795,0.0059386268080635
"760",-0.16862243754902,1.02231906966793,-0.0549976486489033,-0.205210961816834
"761",-0.16862243754902,1.00670128295546,-0.0739338459013777,-0.0893378952874604
"762",-0.16862243754902,1.0296489927773,-0.131022225571022,-0.207389066090124
"763",-0.16862243754902,1.03491629586934,-0.266098210251888,-0.0156039083776094
"764",-0.16862243754902,1.00918854284549,-0.104582201904248,-0.0867414437017978
"765",-0.16862243754902,1.03794324197501,-0.167718351305942,-0.221803354791587
"766",-0.16862243754902,1.0057464413366,-0.1073390635668,-0.00205662194818023
"767",-0.16862243754902,1.0074423611025,-0.0972300625405419,-0.0740704116509836
"768",-0.16862243754902,1.01122506876157,-0.107526215814167,-0.104948809447838
"769",-0.16862243754902,1.00814606226093,-0.104816523796707,-0.0732937868539773
"770",-0.16862243754902,1.03091200480282,-0.159106009677926,-0.19355836156297
"771",-0.16862243754902,1.04573322920661,-0.229597450414059,-0.202096505240091
"772",-0.16862243754902,1.02623379460609,-0.206815390239552,-0.101897966376525
"773",-0.16862243754902,1.04206315829838,-0.118127339776986,-0.268219233985955
"774",-0.16862243754902,1.00578133018843,-0.0927399082288244,-0.0547301889025688
"775",-0.16862243754902,1.02324536249862,-0.17629711896093,-0.126294883985906
"776",-0.16862243754902,1.01428818620181,-0.0971230893294317,-0.13909575905708
"777",-0.16862243754902,1.03398267411894,-0.0514176162277685,-0.257830174959426
"778",-0.16862243754902,1.02947005023415,-0.22999805799634,-0.0831232677835834
"779",-0.16862243754902,1.0257035236679,-0.220891258272673,-0.0572256103808815
"780",-0.16862243754902,1.04040177616739,-0.251473672901471,-0.138552689218557
"781",-0.16862243754902,1.01085284872166,-0.0396620360188905,-0.142303916557216
"782",-0.16862243754902,1.02062168383648,-0.201422993900407,-0.0331270138317158
"783",-0.16862243754902,1.0319027170566,-0.234662763026371,-0.0987755289412717
"784",-0.16862243754902,1.02468211932451,-0.217154310460034,-0.0530796675949548
"785",-0.16862243754902,1.01313675736923,-0.109310896399016,-0.12040438970849
"786",-0.16862243754902,1.01335462776964,-0.140832437064453,-0.0839870602690518
"787",-0.16862243754902,1.01153269301346,-0.144149341418824,-0.0491869535911827
"788",-0.16862243754902,1.01248486326984,-0.131315666219302,-0.0887794692252655
"789",-0.16862243754902,1.03844053914778,-0.220067940299091,-0.172999580918686
"790",-0.16862243754902,1.00390529190468,-0.0641474717127003,-0.0609174604451204
"791",-0.16862243754902,1.04228512974381,-0.173931893655548,-0.236867026102123
"792",-0.16862243754902,1.00741526912977,-0.109451207442742,-0.0539069352229584
"793",-0.16862243754902,1.01721459988987,-0.0615610331068584,-0.175885705592928
"794",-0.16862243754902,1.01451926567549,-0.0531884620809285,-0.162543310930348
"795",-0.16862243754902,1.01386724228615,-0.148433676440891,-0.0767738801882856
"796",-0.16862243754902,1.03275651552812,-0.212661735567537,-0.146154050888706
"797",-0.16862243754902,1.01980626255943,-0.18155107016032,-0.0839286725683064
"798",-0.16862243754902,1.0013309074354,-0.0338630016221488,0.0389471861185034
"799",-0.16862243754902,1.0293595877342,-0.153870415007019,-0.189486295667744
"800",-0.16862243754902,1.02868109320402,-0.213355499626508,-0.112535426842163
"801",-0.16862243754902,1.02450514976662,-0.219661727463867,0.0368717694980837
"802",-0.16862243754902,1.03803701947252,-0.0900878934573246,-0.263448335063643
"803",-0.16862243754902,1.01831536082091,-0.0448191353696656,-0.186969032699374
"804",-0.16862243754902,1.00586519448588,-0.0499555837529962,-0.0962768358952856
"805",-0.16862243754902,1.02836781035795,-0.104775602448059,-0.21578328598862
"806",-0.16862243754902,1.01739433205706,-0.0993195392694741,-0.158829644654693
"807",-0.16862243754902,1.00332843818119,-0.0781938830926346,-0.0235302254556808
"808",-0.16862243754902,1.00849597567042,-0.0840027622938181,-0.100038337003534
"809",-0.16862243754902,1.01194871912077,-0.141898296047008,-0.0624906689764831
"810",-0.16862243754902,1.00896247736345,-0.0924535267117139,-0.0972503271252214
"811",-0.16862243754902,1.05334980717851,-0.18377733776285,-0.275266609685604
"812",-0.16862243754902,1.02514738343645,-0.0593713828755169,-0.217720455313778
"813",-0.16862243754902,1.0010833484544,-0.0451324336515619,0.0114426389159955
"814",-0.16862243754902,1.04042839358438,-0.214798354451598,-0.19066438865572
"815",-0.16862243754902,1.02729089356506,-0.232805987092571,-0.0335850022413498
"816",-0.16862243754902,1.02700605955133,-0.0534860344517136,-0.2277733313489
"817",-0.16862243754902,1.01790636771812,-0.120527291948446,-0.14699165056787
"818",-0.16862243754902,1.0415744464835,-0.195813051629013,-0.215718743689891
"819",-0.16862243754902,1.02103004626891,-0.177308017153709,-0.105186607688059
"820",-0.16862243754902,1.00095155388964,-0.0174603854953829,-0.039989350737917
"821",-0.16862243754902,1.00989237056995,-0.0538782584554886,-0.130306306068455
"822",-0.16862243754902,1.02670395128709,-0.123333327006049,-0.197255910020815
"823",-0.16862243754902,1.01571024319839,-0.0869004278701182,-0.15529202740042
"824",-0.16862243754902,1.00855297438745,-0.0609010124606029,-0.116061056461873
"825",-0.16862243754902,1.04327871953522,-0.247300835540007,-0.165144734630764
"826",-0.16862243754902,1.01518219718543,-0.174783943098126,-0.00674290125328846
"827",-0.16862243754902,1.00299339747307,-0.0176689868639338,-0.0753894042805837
"828",-0.16862243754902,1.00474553890944,-0.0966953363416893,-0.0127910080989912
"829",-0.16862243754902,1.01459968786431,-0.121799046794498,-0.120737396088806
"830",-0.16862243754902,1.03255239790238,-0.155731426980359,-0.204724637170533
"831",-0.16862243754902,1.00300110724336,-0.0611602467262646,-0.0476512890883377
"832",-0.16862243754902,1.03171928385643,-0.166202920696477,-0.191888691259226
"833",-0.16862243754902,1.02636639961233,-0.120220490001348,-0.197420920970956
"834",-0.16862243754902,1.03026622100876,-0.186507940312966,-0.163288929054897
"835",-0.16862243754902,1.04244145002505,-0.0705160853475283,-0.28585251168669
"836",-0.16862243754902,1.01880533388885,-0.0739575139757826,-0.180262570953851
"837",-0.16862243754902,1.01314104788454,-0.147705770710066,-0.068101308412807
"838",-0.16862243754902,1.02844639852367,-0.171757023441296,-0.1679330805258
"839",-0.16862243754902,1.01309825190653,-0.0684444969345299,-0.147252907799653
"840",-0.16862243754902,1.00837931405347,-0.0859727242597467,-0.0971469592643373
"841",-0.16862243754902,1.01664341166925,-0.0242601513941747,-0.181590945657584
"842",-0.16862243754902,1.0062576601583,-0.0878195541711419,-0.0695859506828541
"843",-0.16862243754902,1.00172367002598,-0.0509282582770363,0.0292681328269561
"844",-0.16862243754902,1.02813331569816,-0.204675939067808,-0.123149806395318
"845",-0.16862243754902,1.01214461050071,-0.0907345860632929,-0.127294726746877
"846",-0.16862243754902,1.0078164836845,-0.111815234890777,-0.0564926369760911
"847",-0.16862243754902,1.02424081863812,0.0561067578261987,-0.214292525046319
"848",-0.16862243754902,1.0381274297333,-0.270965417238566,-0.0654698634899409
"849",-0.16862243754902,1.01320894395147,-0.0422745248507701,-0.157496757591661
"850",-0.16862243754902,1.03438773013163,-0.128010784040742,-0.231454564474619
"851",-0.16862243754902,1.01829544165721,-0.185720427812131,-0.0493308138301173
"852",-0.16862243754902,1.03087310530038,-0.216963606702811,-0.125004610307639
"853",-0.16862243754902,1.02106259120339,-0.137933032437606,-0.153438240727484
"854",-0.16862243754902,1.03795787690287,-0.258302649750437,-0.103132416613902
"855",-0.16862243754902,1.00940179146604,-0.122636933593372,-0.0620657645861233
"856",-0.16862243754902,1.01192396215839,-0.146560782969771,-0.0501003202148191
"857",-0.16862243754902,1.01490690875724,-0.149822841753929,-0.0871157249407251
"858",-0.16862243754902,1.01586491223695,-0.0989811192392894,-0.14894380802277
"859",-0.16862243754902,1.02798592619269,-0.222765927183371,-0.0844417321966592
"860",-0.16862243754902,1.02492187048544,-0.194655947696712,-0.112133414402961
"861",-0.16862243754902,1.01074000655764,-0.0389167986454915,-0.141706893407898
"862",-0.16862243754902,1.00219855781834,0.0284003939888112,-0.0599613785235408
"863",-0.16862243754902,1.00562556242955,-0.097982120809575,-0.0410155557490717
"864",-0.16862243754902,1.03620305318371,-0.203439336148626,-0.179803236719049
"865",-0.16862243754902,1.02198372453234,-0.20699453137983,0.0400499336808587
"866",-0.16862243754902,1.03335927703609,-0.217540772262291,-0.143204077595826
"867",-0.16862243754902,1.01588629029539,-0.131975428241484,-0.120861247513855
"868",-0.16862243754902,1.01420530299836,-0.121404876429132,-0.117784772399614
"869",-0.16862243754902,1.01263384309711,0.0665176269648908,-0.144923101983712
"870",-0.16862243754902,1.00711434929663,-0.054229897601474,-0.106482067811029
"871",-0.16862243754902,1.00259456179476,-0.0251322696752018,0.0675590435204218
"872",-0.16862243754902,1.05839387732241,-0.115062312744149,-0.327044742718067
"873",-0.16862243754902,1.0229187705992,-0.148857452786535,-0.155577215536496
"874",-0.16862243754902,1.03408249846007,-0.191900252495875,-0.180280078526253
"875",-0.16862243754902,1.01294773913602,-0.113698135316944,-0.114611763123306
"876",-0.16862243754902,1.01713264144028,-0.0847024322641968,-0.165482048125508
"877",-0.16862243754902,1.01024278749223,-0.12320541859572,-0.0735589186211696
"878",-0.16862243754902,1.00800607040201,-0.123432127587345,-0.0289956522009479
"879",-0.16862243754902,1.00211475703496,-0.0477505928226843,-0.044202569521749
"880",-0.16862243754902,1.02486620359458,-0.200705222269909,-0.100340166553369
"881",-0.16862243754902,1.00792923284344,-0.0849207215159697,-0.0933263600360368
"882",-0.16862243754902,1.01559198858903,-0.106746594800088,-0.141535337583235
"883",-0.16862243754902,1.0296917712726,-0.177684788445087,-0.169390849167644
"884",-0.16862243754902,1.03515551146044,-0.0438520180266869,-0.263863474967465
"885",-0.16862243754902,1.01068927538772,0.0141991709515639,-0.145915026395646
"886",-0.16862243754902,1.01341940730965,-0.0807615728820316,-0.143165859957793
"887",-0.16862243754902,1.01088387142208,-0.119744677412488,-0.0868758524141148
"888",-0.16862243754902,1.02287570313473,-0.155580705908213,-0.148557557910946
"889",-0.16862243754902,1.01678819911816,-0.179636407225641,0.0398623013011025
"890",-0.16862243754902,1.00508445125549,0.0161978879475494,-0.0996613394531078
"891",-0.16862243754902,1.01129968144735,-0.119847409357742,-0.0914529614924861
"892",-0.16862243754902,1.01323410790207,-0.112646984821907,-0.118127110464229
"893",-0.16862243754902,1.00745037420277,-0.0854601447551587,-0.0874803986029849
"894",-0.16862243754902,1.00989131305667,-0.0575488665332558,-0.128719043455395
"895",-0.16862243754902,1.01008909861687,-0.13146797846298,-0.0547371700354654
"896",-0.16862243754902,1.01947557722102,-0.0738977622696632,-0.184036880221493
"897",-0.16862243754902,1.01440594919984,-0.120741514670768,-0.120170364096306
"898",-0.16862243754902,1.00244289379925,-0.0662532292033358,-0.0224112683429547
"899",-0.16862243754902,1.01746283955757,-0.171032718703787,-0.0773203660968553
"900",-0.16862243754902,1.00718060997628,-0.0574564241036275,-0.105411291811704
"901",-0.16862243754902,1.009403344069,0.00844734373266392,-0.137199684407618
"902",-0.16862243754902,1.01301432087697,-0.087116613757538,-0.136413745309067
"903",-0.16862243754902,1.00820592828503,-0.12677656799971,-0.0201716542526354
"904",-0.16862243754902,1.00809735305529,-0.112830355491906,-0.0594103031187335
"905",-0.16862243754902,1.02784554663022,-0.0916680241734264,-0.219233758969088
"906",-0.16862243754902,1.00738470597136,-0.0921007623756376,-0.0796328788556475
"907",-0.16862243754902,1.02512488106785,-0.225563589086013,0.00144535912576757
"908",-0.16862243754902,1.04763968718259,-0.206952560468764,-0.233922106427444
"909",-0.16862243754902,1.04061731746804,-0.257897780701666,-0.127957555945416
"910",-0.16862243754902,1.05877974911435,-0.202937598016165,-0.282543604503922
"911",-0.16862243754902,1.01998052741847,-0.160445384999097,-0.120903079966393
"912",-0.16862243754902,1.02101561126194,-0.202214558384744,-0.039776259475374
"913",-0.16862243754902,1.0120742440895,-0.0674543295207744,-0.140514017016907
"914",-0.16862243754902,1.04145337453276,-0.137550597731192,-0.256329796140575
"915",-0.16862243754902,1.02112114328096,-0.164820907240764,-0.124589155995763
"916",-0.16862243754902,1.00491287282066,-0.0985421752097312,-0.0118034598994731
"917",-0.16862243754902,1.02244773443307,-0.108551638216897,-0.183346424802214
"918",-0.16862243754902,1.04480625597101,-0.144570786849766,-0.26593119430746
"919",-0.16862243754902,1.00964370223994,-0.111782326052884,-0.0829766054679063
"920",-0.16862243754902,1.01873635749012,-0.0935498590775509,-0.170505688875226
"921",-0.16862243754902,1.04401367151702,-0.265763611871283,-0.139047649816843
"922",-0.16862243754902,1.01486899795071,-0.152904244639396,-0.0811133464525276
"923",-0.16862243754902,1.01877749729134,-0.00296078656852297,-0.194676199701196
"924",-0.16862243754902,1.0212039010283,-0.162690049127816,-0.128020917783803
"925",-0.16862243754902,1.0274542685853,-0.169762412579874,-0.163838326740798
"926",-0.16862243754902,1.01908076433737,-0.116962217729611,-0.157624375863055
"927",-0.16862243754902,1.02702632211965,-0.140443277637456,-0.187239825072204
"928",-0.16862243754902,1.04006695972244,-0.130483601420982,-0.254388109915706
"929",-0.16862243754902,1.01101798854327,-0.135848072295226,-0.0608496048611319
"930",-0.16862243754902,1.00688288471805,-0.106958153793603,-0.0487144421625652
"931",-0.16862243754902,1.02400277833396,-0.0807789185848677,-0.205076708448172
"932",-0.16862243754902,1.01192104743503,-0.135130241546463,-0.0756572802947137
"933",-0.16862243754902,1.006676442943,-0.0583872670584626,-0.0999419222439027
"934",-0.16862243754902,1.02068027263459,-0.129475122736718,-0.158191060233316
"935",-0.16862243754902,1.01864648888942,-0.107367447723044,-0.161594865315051
"936",-0.16862243754902,1.00473271413387,-0.0474428806913108,-0.0850705584942044
"937",-0.16862243754902,1.01217083158974,-0.134810436782992,-0.0794728787413701
"938",-0.16862243754902,1.01695989964724,-0.160107241084845,-0.0925910840346752
"939",-0.16862243754902,1.01571347216746,-0.154979424609108,-0.0874942026097327
"940",-0.16862243754902,1.00347102417709,-0.069646474163393,-0.045863547612815
"941",-0.16862243754902,1.0286616060832,-0.201586276977484,-0.13231656269728
"942",-0.16862243754902,1.05893437192809,-0.251018930028566,-0.241519152072982
"943",-0.16862243754902,1.01433059145659,-0.122902626249059,-0.117309391038236
"944",-0.16862243754902,1.01926174279321,-0.176007444926855,-0.0889712293506562
"945",-0.16862243754902,1.03397544337882,-0.202574888645162,-0.167536957119401
"946",-0.16862243754902,1.0385662212735,-0.206506584183315,-0.189670310431704
"947",-0.16862243754902,1.04391760797179,-0.277596298535531,-0.112713208067736
"948",-0.16862243754902,1.02216671617742,-0.0618052897641259,-0.202496671128465
"949",-0.16862243754902,1.01062143260378,0.00572001399609005,-0.146023838731936
"950",-0.16862243754902,1.0085220240901,-0.108121123113237,-0.0736647528437459
"951",-0.16862243754902,1.01238079145029,-0.144800725564886,-0.0628300626563176
"952",-0.16862243754902,1.00311123013932,-0.0781556721853189,0.0111279349783723
"953",-0.16862243754902,1.01240782812043,-0.0675049016821588,-0.142873015956176
"954",-0.16862243754902,1.02670467444592,-0.187662802722833,-0.137496039955046
"955",-0.16862243754902,1.00706412808394,-0.0658349487987223,-0.0992165187362369
"956",-0.16862243754902,1.01046576985687,-0.114286182879083,-0.0893293930090032
"957",-0.16862243754902,1.01777730885591,-0.13119513297394,-0.136596074269851
"958",-0.16862243754902,1.02691715292004,-0.154981611295317,-0.174755655478494
"959",-0.16862243754902,1.00789043972102,-0.117326974697234,-0.0455798144953909
"960",-0.16862243754902,1.01884971394981,-0.172956356563818,-0.0902265944152238
"961",-0.16862243754902,1.02685397309811,-0.209836106342671,-0.101970047280152
"962",-0.16862243754902,1.00597136354087,-0.104201328796691,-0.0334733825788962
"963",-0.16862243754902,1.00531627012554,-0.0705407686256012,-0.0753976321964996
"964",-0.16862243754902,1.00182980571779,-0.0514753441553672,0.0318315656013278
"965",-0.16862243754902,1.01190853870342,-0.0757762797921718,-0.134969797072361
"966",-0.16862243754902,1.00852970963371,-0.0697041374964637,-0.110785867463946
"967",-0.16862243754902,1.01097286295874,-0.146411478924367,-0.0250959852997837
"968",-0.16862243754902,1.01744921992716,-0.111921850693097,-0.150586900053812
"969",-0.16862243754902,1.02640480579349,-0.192145911323453,-0.128789650662055
"970",-0.16862243754902,1.00160147801812,0.026710841190084,-0.0499204540344722
"971",-0.16862243754902,1.02572558822745,-0.16625004585171,-0.156441377515172
"972",-0.16862243754902,1.00936560659415,-0.122635618163905,-0.0614770927478694
"973",-0.16862243754902,1.02304574134964,-0.104579754938508,-0.188906494728566
"974",-0.16862243754902,1.01938225883258,-0.0956189034895152,-0.173197040731302
"975",-0.16862243754902,1.0128827550093,-0.15068370818848,-0.0567969671883811
"976",-0.16862243754902,1.03897855783816,-0.167797858149899,-0.226539891515324
"977",-0.16862243754902,1.02511547783095,-0.181650722443244,-0.133659110891927
"978",-0.16862243754902,1.01918602650616,-0.107267103727927,-0.16502704349056
"979",-0.16862243754902,1.00931123735585,-0.125440745434549,0.0545324970784626
"980",-0.16862243754902,1.01358189259929,-0.159802835004124,-0.0425594517093731
"981",-0.16862243754902,1.00611024556805,-0.101254791597601,-0.0447805026269629
"982",-0.16862243754902,1.02709693124313,-0.233305565698907,-0.0222849541837094
"983",-0.16862243754902,1.0272845947368,-0.0709477719373904,-0.224232139178755
"984",-0.16862243754902,1.01507308206601,-0.158957312226187,-0.0714558242889996
"985",-0.16862243754902,1.02658919375664,-0.102919422661265,-0.208069616179255
"986",-0.16862243754902,1.04432936143155,-0.213256186412575,-0.212474972890444
"987",-0.16862243754902,1.01489511168644,-0.0944554846719464,-0.145224822741879
"988",-0.16862243754902,1.02242078988736,-0.163512343258763,-0.13641108897709
"989",-0.16862243754902,1.01067055487425,-0.0838956456639952,-0.120068693373646
"990",-0.16862243754902,1.01721422489866,-0.118821687717603,-0.143548548805339
"991",-0.16862243754902,1.02771024383883,-0.19460831375677,-0.135336430823374
"992",-0.16862243754902,1.01470026942571,-0.138719624275385,-0.101850393290856
"993",-0.16862243754902,1.01637835901404,-0.0940165217372138,-0.155518044973946
"994",-0.16862243754902,1.0019617847335,-0.000804378444582039,-0.0626639532878419
"995",-0.16862243754902,1.03163116824532,-0.247710608110528,0.0538732022875171
"996",-0.16862243754902,1.01617003721455,-0.148261849108632,-0.103053232028401
"997",-0.16862243754902,1.01291209779584,-0.118169690665575,-0.109666959788154
"998",-0.16862243754902,1.03307873984425,-0.217277071094695,-0.141571031975812
"999",-0.16862243754902,1.02545594192475,-0.189781751917204,-0.124670668033891
"1000",-0.16862243754902,1.02317823231481,-0.201228219147279,-0.0800056179382249
