"","t","","",""
"1",-0.579043279724569,1.15363962637524,-0.357266723587795,-0.450826880032725
"2",0.0843394848049647,1.00045418572608,0.0301226535452218,0.00109703246041612
"3",0.00203303010003376,1.00715951797022,-0.00888652585946218,0.119546326987282
"4",-0.130855576232826,1.01183178389777,0.0965014965888809,-0.120378652849453
"5",0.404864648161497,1.0987353140926,0.369725354454674,0.265560638475523
"6",0.404405389799644,1.00861913959579,0.0763958562656716,0.10712722298461
"7",0.0368634426644419,1.00142832849326,0.00390080914742788,0.0533242983713661
"8",0.212034578998861,1.06588601313998,0.246235018126496,0.27473861915588
"9",0.172680695675398,1.04476089940276,0.139403981804239,0.268499286364038
"10",0.277397431676601,1.04291773061462,0.252116826595209,0.155288436716683
"11",0.24918165663118,1.03882312709988,0.240014190080778,0.146787867201069
"12",0.06923610593201,1.01181070035559,0.0922819780513631,0.12347036033394
"13",-0.200219978171542,1.02628103489577,-0.209276858449028,-0.09724175597155
"14",-0.330992891245697,1.03803899074531,-0.207763009644407,-0.185363098083276
"15",-0.298702714575224,1.08908687246261,-0.343379129213648,-0.261153191423841
"16",0.336636736422834,1.06843363952081,0.226681513197991,0.300276428701874
"17",-0.0070533448653479,1.00843700489623,-0.0959381983158555,-0.0879832651587448
"18",-0.169153277704119,1.03343822313723,-0.0739031225677861,-0.250065770380041
"19",0.105464037425994,1.00927716327411,0.122922211727779,0.0594181973017563
"20",0.0560544187391989,1.00713346060671,-0.0479791732729924,0.109616633800234
"21",0.0857316834695906,1.02580198827443,0.173042518242589,0.149418894481347
"22",-0.347279070528692,1.07985821212888,-0.28560974525706,-0.290724666508316
"23",0.0388378044675762,1.00537064641535,-0.00104132149281805,-0.103774044554298
"24",-0.345353015180788,1.04257062856547,-0.219698096546541,-0.196688235340178
"25",0.433458532466027,1.06926503287112,0.185737572307759,0.329892807975713
"26",-0.151107079624694,1.00755813815089,-0.0697386468733076,-0.101537790434757
"27",0.21059174107569,1.01048062952285,-0.0292398353752816,0.142183454269881
"28",0.502360424261132,1.21541638849054,0.44385841228213,0.529364437092052
"29",0.27445198505204,1.08609859578821,0.348701833215453,0.240867580394926
"30",0.243395949487582,1.06032414004077,0.217937278598098,0.277111213325
"31",0.0892252501166761,1.00170871736292,0.0399931792978977,0.0426720054662828
"32",0.00094983266532685,1.00311061489716,-0.037279886118871,-0.0695781273844782
"33",0.00040524630649179,1.0000588028548,-0.00661768050773412,0.00859159310484517
"34",0.090700770129221,1.01778364989501,0.112522477054251,0.152388484312895
"35",-0.266556465399891,1.07173019752932,-0.223326638989207,-0.314214621897237
"36",-0.0962656097938564,1.00041576361506,-0.0224419797348322,0.0181123613887555
"37",-0.437391127751692,1.11691766411768,-0.342682674939021,-0.360657251021985
"38",0.0224517886975174,1.00584385391248,0.105572168667692,0.024007824897475
"39",-0.301928707215898,1.03309601975306,-0.221149691651365,-0.135573595925299
"40",-0.408437911840452,1.08824027991286,-0.357000632892593,-0.238364122592131
"41",0.0401161795210245,1.00772269821682,0.117120777152888,-0.0422819117411739
"42",-0.0478814093232537,1.00578923118072,-0.0409879849402191,-0.0996592326362591
"43",0.276379994559226,1.0212236232216,0.125542792076186,0.164732194739096
"44",0.0102788578563212,1.01023766190425,0.143154029601141,-0.00933045222544691
"45",0.12104435681477,1.01639967816763,-0.00642118680372202,0.181733525083565
"46",-0.0852099152904833,1.00106317237703,-0.0328396700660619,-0.0323887505085978
"47",0.0830409147507427,1.00046353117509,0.0267337393581834,0.0145802740460494
"48",0.427389503259777,1.13080309366379,0.410159530917201,0.332392532764174
"49",-0.0158044736444653,1.00288833403845,-0.0645791096779977,0.0401814527316308
"50",0.376117631860762,1.05235765869248,0.237428633354607,0.226018330832005
"51",0.099331225880919,1.01124530657273,-0.0653866994620712,0.135431346441033
"52",0.284310731753462,1.02932778999863,0.183828556938132,0.160383169059287
"53",0.0675266678100726,1.00915138678229,-0.0588345172025641,0.122168003299367
"54",0.29143087642708,1.0480364215394,0.287534317805049,0.125317025808529
"55",-0.0601099643356253,1.0098230627375,-0.117715065219988,-0.0767188468161651
"56",-0.0519481163284487,1.00827739609949,-0.079665665069029,0.101374006995242
"57",-0.0192865617947538,1.00207388268684,-0.063422933268671,-0.0113841072853825
"58",-0.110806441861521,1.00303189853602,-0.077821839430461,-0.00409277270785037
"59",0.283460361595543,1.04136679128331,0.209464468220695,0.201418545672226
"60",0.157854321493686,1.01452884163479,0.170316205776139,0.0161604628293402
"61",0.152753236200682,1.01538462647383,0.12285792608769,0.126142259678636
"62",0.0798396289151669,1.00426733107236,0.0383468369456833,0.0841569507257835
"63",-0.64809227964843,1.17610701978496,-0.40927506580561,-0.464458440010807
"64",-0.0361091451751823,1.01182416956872,-0.0797997866846931,-0.131985393769575
"65",-0.0739031214800885,1.00826794328971,-0.112721479737622,-0.0624348738400772
"66",0.130773798385903,1.02114385501779,0.189733928817656,0.0820719738766082
"67",0.25186315664904,1.03148952521769,0.140798456636131,0.21011053101334
"68",-0.26156790568852,1.09125104784453,-0.355699197678603,-0.253588111299753
"69",0.212962340572838,1.03822008825198,0.190613665765826,0.203880803591864
"70",0.307012839639642,1.07378995768182,0.295594920762094,0.25621966364426
"71",-0.372562237874985,1.0239495549223,-0.205645898495721,-0.0786285918572812
"72",-0.0656375003372742,1.0127647311482,0.0308468447010524,-0.157292316499157
"73",-0.436812901705959,1.10548422286231,-0.220021984933993,-0.416756155495252
"74",-0.372537910584755,1.1242372402942,-0.404292291403896,-0.316949705120076
"75",0.0878096999922323,1.01225834758008,0.144167949050983,0.0623102295934016
"76",-0.134406048490896,1.00686671398162,-0.116990395430722,-0.00968643903159049
"77",0.338978325765655,1.06932015112786,0.301720306074046,0.22893327086882
"78",-0.333804831140862,1.09115832696095,-0.339400456545825,-0.274652188399625
"79",0.0582380382980185,1.00229440335218,0.0677223466092225,-0.00278473712324628
"80",-0.0604900012407607,1.00180094725888,-0.0258148417975582,0.054210071681928
"81",0.111128434613456,1.00951738835047,0.0510755896643827,0.12851708649978
"82",-0.272581623161323,1.02083670266664,-0.0238808085675014,-0.203806968706792
"83",-0.554871619467345,1.21609268803184,-0.438852398982989,-0.535060742151189
"84",-0.325619113711634,1.0276147569665,-0.194438056159314,-0.134855222562235
"85",0.140305569094029,1.00153807391532,-0.0535846319180366,-0.0143944685287227
"86",0.0573115693905688,1.00296391502633,-0.0101165123997675,-0.0763823999479474
"87",0.0879323353530492,1.00229742480946,-0.0620078297994904,-0.0274801168707058
"88",0.0903932764504553,1.00177556710997,-0.0466131804946353,0.0371685117090879
"89",-0.11523922172793,1.01976991498221,-0.140435539309301,-0.142156740261372
"90",-0.0621745134247969,1.00141144062743,0.0371032367206534,0.0380555284334449
"91",-0.300643180903261,1.01754583776006,-0.185883576589148,-0.029100307511084
"92",-0.148982636902447,1.01622780796733,-0.125919847670559,-0.129858190533765
"93",-0.427176111105645,1.07151265702415,-0.255810798988026,-0.287576440766729
"94",0.313104760864989,1.09721035554745,0.292460057973017,0.344002440123588
"95",0.521711909791344,1.12846198221003,0.421095207165774,0.310008502779214
"96",0.0206274573879441,1.0011558114723,0.00145616280644838,-0.0480711809158541
"97",-0.219832677462555,1.02254339249408,-0.155801073895915,-0.146017173326244
"98",-0.158805995772333,1.01678827250795,-0.152317864042879,-0.10323594046222
"99",0.119522420135421,1.01420295279026,0.167575296845352,-0.0229379453239019
"100",0.349214281736318,1.07184310871137,0.255570013148384,0.289018369781907
"101",0.372406004245268,1.03799044819131,0.255175835120262,0.110948022546893
"102",-0.0229992924440321,1.00289945271907,-0.0761417957185076,0.00312077057355265
"103",-0.238063357518455,1.02653533722976,-0.14770443578215,-0.17876856052365
"104",0.377513996825888,1.05236555712903,0.268999560237312,0.18738330348146
"105",0.170845918711482,1.01092933035269,0.0906322936004841,0.11731964168059
"106",-0.0441129638956858,1.00408651258887,-0.0449292610357562,-0.0785562617851701
"107",0.0748964331005112,1.0147170347088,0.123048653507614,-0.120456172105009
"108",-0.0137709064938864,1.00412828573054,0.0552958539890997,0.0722217608188081
"109",0.274998218598257,1.05909687053932,0.174196200153062,0.302228167182365
"110",0.0421585559428514,1.0059344299237,0.0864336592612015,-0.0665830297646809
"111",0.0121396165646729,1.00627152093774,-0.112021119761494,0.00580022221346189
"112",-0.292609030225653,1.02302310939177,-0.128463070030427,-0.173417190577979
"113",0.176388180085442,1.00589072110979,0.0966733970833809,0.0497030895530912
"114",0.204530863687565,1.04844729302972,0.241812072147032,0.201912476150702
"115",0.0561611501818946,1.00124287156074,0.047992290738792,-0.0135656876289616
"116",0.0243520627927726,1.00659142191718,0.00112134981542328,0.115000144573096
"117",0.0823582140701069,1.00282828652783,-0.0751067973139157,0.00485193338745359
"118",-0.00200550163545274,1.00309497651638,0.0463762272055039,-0.0636300044206682
"119",-0.0570838363281024,1.00164861482206,-0.00174774662864071,-0.0574185767558283
"120",-0.367081367323605,1.07579937945311,-0.242880209748912,-0.313613629397725
"121",0.0420811358799391,1.00573426389803,0.0654957665029612,0.0849218119725414
"122",-0.224460226387762,1.02699169593133,-0.0832832375231161,-0.218576864877268
"123",-0.32304121571813,1.06084946876431,-0.321538418689516,-0.14837331526986
"124",0.049171545164848,1.02684619564563,0.205902883011963,-0.109622590186832
"125",-0.133267814217908,1.01693582200936,-0.0849781005246999,-0.16412552670767
"126",0.0584560934847121,1.00051961440653,0.00225606752806779,0.03216222895727
"127",-0.13090299104025,1.00797066131896,-0.0886848735084576,-0.0902211022465218
"128",0.320707494203979,1.07917244721852,0.215812053433001,0.34356706540157
"129",0.555299989747668,1.1377551072058,0.383309609875447,0.384135948526046
"130",0.0425892997817267,1.0187887289423,-0.0765997663025008,0.179061302414184
"131",0.0350003881708358,1.00831630486802,0.00422482323471687,0.129166255389489
"132",-0.147672238477548,1.00160579319155,-0.00482582952979222,-0.0564878422691325
"133",0.110326900466032,1.00471674313388,0.0789302005650497,0.0567957513579409
"134",-0.186492721349776,1.00980830408054,-0.0541256576578147,-0.129550083647715
"135",-0.0694675257220835,1.00750471816823,-0.120547568972391,-0.0231093216276939
"136",-0.32356373440884,1.06186965484658,-0.212587285066087,-0.287008379864107
"137",0.311803300281329,1.04084276613271,0.238532941724074,0.162652081213997
"138",-0.370473513069903,1.06391410612282,-0.326181349282427,-0.159746526057397
"139",-0.199354519138977,1.03227401104111,-0.200998910160901,-0.15871065491968
"140",0.0254638465507023,1.00516054231997,0.0756837538098653,-0.0679682664647713
"141",-0.431080728654511,1.15119951609851,-0.452744502295763,-0.346818023618158
"142",0.0615531742427865,1.00423250326705,-0.0152444133863098,0.0908324197547764
"143",0.227931886890367,1.00903782984753,0.107547914258979,0.0811836695521851
"144",0.183193863047539,1.01051574008544,0.10679438706276,0.0986763388675706
"145",0.152638976345751,1.00284535310805,0.00388505780403273,0.0753903745598045
"146",0.0434320608577726,1.00120346241469,0.0210870767992251,-0.044313748918722
"147",-0.54357511555666,1.17266814985528,-0.434551222475805,-0.431643168288094
"148",0.0703940143581606,1.00131902008392,0.0513569438922222,-0.00149809741880645
"149",-0.0435255421748058,1.00659547583761,-0.00848415336764212,-0.114727813185705
"150",0.32854626988725,1.09084957460546,0.330486465272529,0.284132875057748
"151",0.00754774394196263,1.00328447583008,0.0771376747918864,-0.0250902086348515
"152",0.360465472131143,1.11055769362478,0.245568324827379,0.415974264481177
"153",-0.133199537959995,1.00186268793531,-0.0347106466783447,0.0502395908038656
"154",0.132145457048077,1.00467967534228,0.0719359712910256,0.0648572746905793
"155",0.203631276721119,1.06799271963062,0.334932527513988,0.168607980822686
"156",0.44773708799017,1.07443745041848,0.272958381544086,0.282682784772246
"157",-0.347461822901581,1.08135750569491,-0.233936385428576,-0.338537771445557
"158",-0.365749025268732,1.12827990226774,-0.364175164192578,-0.374689188056719
"159",-0.165172851353361,1.01470557659777,-0.171849190690448,-0.00976026831904557
"160",-0.314982666172472,1.03882328960833,-0.0778473956710297,-0.270358299336115
"161",0.072306338945897,1.00640388263852,0.0431951752305534,-0.104799579324925
"162",-0.321631560266796,1.07306163580412,-0.289638798654181,-0.259943533385193
"163",0.33637796306068,1.09934786262688,0.274927306417154,0.364665187875817
"164",0.066694935558221,1.02449522637058,0.152245235565156,0.162517251711389
"165",0.326851080408207,1.08913949649066,0.350207846344877,0.252149374725408
"166",0.0318827011771001,1.0162616781453,-0.0127021575449444,0.180627942634593
"167",0.162692046871854,1.00395338082888,0.0820216218267446,0.0345665218187957
"168",0.107664667349251,1.01803367519196,0.181319324607162,0.0592947413254476
"169",0.237682485422906,1.06181548292863,0.177454310331619,0.309777480672322
"170",0.0185286268668818,1.0028007634316,-0.036108495013678,0.065616672628543
"171",-0.0502564245544871,1.00047046792456,0.0227841421024674,0.0205436135535557
"172",-0.158805992536183,1.00732716656748,-0.062923732375808,-0.103675572864443
"173",0.173115238717782,1.02970119928962,0.136087066018958,0.204364552407804
"174",0.173752854445355,1.02781201012959,0.129229418796702,0.199241776452854
"175",0.0660952319706756,1.0017519367647,-0.0585517258981132,0.00886781856958296
"176",-0.341602787944382,1.03822889365213,-0.187829936033645,-0.206492495611144
"177",-0.202938899073732,1.02595555151938,-0.222571222705274,-0.0551982292915015
"178",-0.230515437003185,1.00884428783551,-0.0222306188660495,-0.13142525131486
"179",-0.196298213704064,1.02169453772741,-0.192983508377244,-0.0813455217970609
"180",0.00200730081031146,1.00242223962788,-0.0615690383463409,0.0325514979328777
"181",-0.0640865850616133,1.0216479381734,-0.192849405080872,-0.0810778424349337
"182",-0.210272977976286,1.00892564037185,-0.0695996600705495,-0.114397705911493
"183",0.296756641735433,1.06414835594979,0.271459603168865,0.242325003493321
"184",-0.0738189299222381,1.00068367273655,-0.0271879238467864,-0.0250724884765188
"185",-0.144339232737294,1.0079010351867,-0.125794447629813,0.00634457846757038
"186",0.659752997958896,1.31919829597186,0.665591077227482,0.545227165510145
"187",0.0378286642040793,1.00251585339183,-0.0344641662153729,-0.0620504435845046
"188",-0.137231465534835,1.00979170122634,-0.134736421997022,-0.0390560680691452
"189",0.363750130895417,1.07199345421081,0.195483523101846,0.333100822674628
"190",0.0551476197991419,1.01153078824459,0.0404875656877938,0.146817208090197
"191",0.179146591042657,1.00990712451045,0.140661215434453,0.0112615544870869
"192",-0.285054557809134,1.0470887981516,-0.274953552931862,-0.144206431703688
"193",-0.0116002406618197,1.00718583553026,0.0224014828587159,-0.117989325188849
"194",0.460015210939151,1.15543274162103,0.362748015654688,0.451041791354711
"195",0.0274644299891384,1.00450515157188,-0.07162132526049,0.0624578682182889
"196",0.332098369192446,1.00257552655411,0.0677595853029713,0.0237975848525248
"197",-0.236772463825991,1.03142920438501,-0.102246903643014,-0.231066601553998
"198",-0.120522959439869,1.02883284066556,-0.219157931822916,-0.102307453057289
"199",0.268056612998588,1.03734898012379,0.0192570573539821,0.275176438500701
"200",-0.132214061951048,1.01543111326354,-0.0928355078458599,-0.149939702102675
"201",-0.359862279493741,1.09090600582002,-0.327846371551531,-0.287389405153846
"202",0.00519266778393957,1.00498135485512,0.0658890220066063,0.0751409368150458
"203",0.0696646907615493,1.01184218907284,0.094815653408145,0.121797403324106
"204",-0.0347423527464249,1.00225712176384,-0.0664156806305964,0.0104065120341229
"205",-0.154188700806225,1.04095045566154,-0.193573963637197,-0.214725340245971
"206",0.410325263712131,1.07568284125222,0.358808584037556,0.168374508122286
"207",0.149708632754257,1.0105195777302,0.128995517080093,0.0671563366278224
"208",-0.316931321445821,1.0487027782296,-0.160974440054509,-0.271780695995182
"209",-0.516459813304686,1.0245229728827,-0.132949003794858,-0.178806835312211
"210",-0.0729777842915504,1.00807420139616,-0.0774420551630989,-0.101075831001354
"211",0.102370083346181,1.02560607326491,0.0996415133637743,0.204791079718916
"212",0.0217194718434793,1.02265595008679,0.158363654905927,0.144035221570112
"213",-0.330534494791425,1.11646046857143,-0.366449664950417,-0.334960625955433
"214",-0.103491374545834,1.00577588543468,-0.0495218808986709,-0.0955652396751355
"215",-0.154169414242083,1.02632357098595,-0.084851855604462,-0.214802781550484
"216",0.00685471061201631,1.00377181104845,0.0381781858072718,-0.0781042558632715
"217",-0.162700782853855,1.018201156234,-0.110615082469832,-0.156518043964396
"218",-0.491443287233274,1.14227163419378,-0.361655970482424,-0.417120420619932
"219",0.452094100151183,1.11343115305551,0.206964657958925,0.443728028132616
"220",0.205085107970793,1.01685111002415,0.0521251147342264,0.176830858085616
"221",0.0227363022835776,1.00669560591552,0.1158411800661,-0.00410657649508692
"222",0.203922223200722,1.02064906689245,0.156655613078987,0.131085989485034
"223",0.218557363604613,1.03915142902571,0.242772750323172,0.144558237906748
"224",-0.355608522659448,1.03436748644512,-0.0796990622824113,-0.252119329854149
"225",0.00432217546708562,1.00310251881665,-0.0765917524508694,0.0186645844533695
"226",-0.357131594442895,1.12260202706898,-0.453183636293064,-0.234221909683039
"227",-0.159526889562541,1.01928276016793,-0.139625008892231,-0.139435297064246
"228",0.0195730613094493,1.00682496993115,-0.0821152924770918,0.0833882414868291
"229",0.226751558704288,1.00885470632611,0.0999481795027813,0.0883073037207557
"230",-0.34721786036771,1.05179704666171,-0.235789841962044,-0.22512258392664
"231",-0.464354523895745,1.07408995308115,-0.284910015389829,-0.269249903324857
"232",0.274215261641592,1.02921330592447,0.184537760008137,0.158826459455454
"233",0.0184203940121877,1.00300031895717,0.061042535364346,0.0477854444833538
"234",-0.446131199976618,1.06473610501574,-0.279068079520176,-0.236186325423419
"235",0.00889558929318022,1.01092104510198,-0.0219266891490946,-0.146562545464549
"236",0.50402569385665,1.17818973197907,0.460523531739102,0.419582079283015
"237",0.346269847012795,1.03750242228811,0.212771443264397,0.176464130023326
"238",0.0954899174870736,1.00560581647997,0.0287099186166097,0.102072516924819
"239",0.127772758792657,1.00252047403325,0.0282676231664012,-0.0651785419932815
"240",0.110346886559585,1.01658008289863,0.0953790113030849,0.156006118947432
"241",0.416131091008947,1.08158912664596,0.21386716877377,0.352272441441926
"242",0.147983183075619,1.01477159147532,0.0363435462455697,0.168643201794952
"243",-0.0678341758296372,1.00410591387888,-0.0425894216901283,-0.0800926179284932
"244",-0.188071611204413,1.01781253964487,-0.113962878979626,-0.151508508252901
"245",0.191776678017243,1.01836100241773,0.0821611451678565,0.174093875452165
"246",0.176176781944349,1.01929471957875,0.172344417679342,0.0962243579136701
"247",0.185800988432089,1.02022569175757,0.195865011500682,0.0499735869439212
"248",0.108838115611508,1.00860276359174,0.119492629747578,0.0547818050168506
"249",0.0335927075498968,1.00089102395543,0.0414731104849864,0.00792609243197716
"250",0.0808199024588084,1.00516004678831,0.0537533008548722,0.0863556732743992
"251",0.309567220102224,1.04980716188065,0.196108308858671,0.252262974557284
"252",0.475938548360768,1.09973220852487,0.232326970578481,0.394252595690655
"253",-0.300618811368258,1.02927610591189,-0.103745365781,-0.220558838589873
"254",-0.267466778436745,1.08580734882402,-0.237261575800025,-0.35026353422692
"255",-0.245551800053765,1.05863175472329,-0.312522366857557,-0.151759554303066
"256",0.047509174857814,1.0056992275795,-0.0878406434920927,-0.0609504528686829
"257",0.370370005146048,1.05569622665478,0.277770488679238,0.193230635749174
"258",-0.0451352322441795,1.00332967800568,0.0175559559628527,-0.0797635955634384
"259",0.442148831769179,1.08568744357411,0.257233423407983,0.335482027858859
"260",0.461605872195939,1.18973848134958,0.371491902061457,0.526755560679495
"261",0.0780661088556129,1.00097556861481,-0.0177532225649109,-0.0404587697823316
"262",0.107382170321354,1.00292345722064,0.0460648378173049,-0.0611023056869916
"263",0.249081286119435,1.04265222495344,0.187161197490509,0.228241863719765
"264",-0.807959943980099,1.38833211939013,-0.58064184244068,-0.768323580620422
"265",-0.180135371695568,1.02360237756788,-0.149968675915732,-0.158969253652056
"266",-0.39450156249507,1.07636913114373,-0.33893686012539,-0.209027058840369
"267",-0.292749327664755,1.07136056598574,-0.28235880158427,-0.260934799360265
"268",-0.117068484283102,1.00346395428034,-0.0424012404394351,-0.0717080354572079
"269",0.642931124354511,1.22082807658724,0.582427870560064,0.388843115123
"270",0.27077263154702,1.05007574337782,0.278651701351836,0.158152762113745
"271",-0.109210452496716,1.01307230251031,-0.143901974655236,-0.0748846566651826
"272",0.032313354972861,1.00308169682312,-0.0696842743731669,-0.0362903900037706
"273",-0.116227256068361,1.02584952607338,-0.177162578964663,-0.144847059892754
"274",0.569819540974412,1.24347442840139,0.477607359643908,0.564021155722146
"275",-0.0197405575684997,1.00138612778134,-0.0304657586892662,-0.0429652703981531
"276",-0.026039360225615,1.00489692757398,-0.00590831094290543,-0.0989086796465779
"277",0.327066490759716,1.05078747490799,0.254864155494038,0.197986311819347
"278",0.402648105902459,1.08949330624525,0.315915142947617,0.295285094120232
"279",-0.0517238930107113,1.00319425799179,-0.0635900996927025,-0.0485285327284447
"280",-0.393638842851402,1.08050675564726,-0.253741209513176,-0.321107844180357
"281",0.163964155394838,1.00455911781474,0.0685547108618997,0.0666278680686694
"282",-0.00718090446188194,1.0145061874903,0.170458141883385,-0.0129161264228455
"283",-0.547759076524167,1.15554434504884,-0.353531265041421,-0.458583011037869
"284",0.188909638452901,1.01829091667645,0.167493643023869,0.094139633164529
"285",-0.316032328592437,1.04480888017115,-0.263793396637942,-0.148454167926377
"286",0.384500948523794,1.05431792654751,0.231369239806569,0.240945149589622
"287",-0.32325472711072,1.03099624278249,-0.2356701770927,-0.0860977366758149
"288",-0.501171142856824,1.19359057640309,-0.44613123110883,-0.475000409165708
"289",0.0533856757823908,1.00916203977866,0.0407052659642005,0.129426055541411
"290",-0.121057778845882,1.00620660869331,-0.106617507946547,0.0329309334419757
"291",-0.26848601241459,1.03149928329617,-0.122384970255566,-0.221388099264733
"292",0.0795330477747289,1.00193966183804,-0.0616951606101885,0.00876316845709734
"293",0.361774152543531,1.07009712920777,0.259351753850716,0.279006332747626
"294",-0.195412361810593,1.03465675660521,-0.210360210974277,-0.162059204081906
"295",0.0549481577497953,1.00310354431769,-0.0494768523155623,0.0613902411434501
"296",-0.343546421669135,1.09305725921056,-0.188367182620264,-0.399113989261974
"297",0.00127077782617083,1.00095867955661,-0.0405296265697849,-0.0166020345089275
"298",0.285557158748016,1.06935016986473,0.296205864187601,0.236160690654926
"299",-0.411127606697381,1.06334566417131,-0.275179415857933,-0.234478763643987
"300",0.0270331296509745,1.00258807638442,0.0476254754816264,-0.0539876374123264
"301",0.0147578065560566,1.00081989584335,-0.0272041249762986,-0.0300066575972817
"302",-0.208857763645043,1.03101395026547,-0.082980127941656,-0.236862964620454
"303",-0.178930146901119,1.03947962941062,-0.27072414811332,-0.0850078560367558
"304",-0.148305795232414,1.05160671188543,-0.14016610554133,-0.293649688131738
"305",-0.0550578741406631,1.0018212908118,-0.0297134706102185,-0.0525643261928819
"306",-0.035892722902542,1.00205986176036,-0.0641802351143492,-0.00220544141856499
"307",-0.154164076107544,1.01453329782526,-0.115484041636474,-0.126258657221979
"308",0.332300921411,1.03703513268285,0.202000589244631,0.186111870560061
"309",-0.0453605573847061,1.00185558486018,0.0491638019856021,-0.0360212921734496
"310",0.187366258629418,1.02668996477221,0.17029605053862,0.158403090042204
"311",0.183842229858718,1.00354525404078,-0.0381560352758878,0.0751478135397049
"312",0.259814355382027,1.01527699762522,0.11987591218091,0.128129417331352
"313",0.274477189085965,1.03231659950757,0.0946964759271269,0.238138907081247
"314",0.0853627556373611,1.01007297564424,0.0160329648335947,0.141387270167609
"315",0.0526021531642834,1.00152622238226,-0.0514716165037272,0.0201357099146719
"316",-0.347089313057638,1.05984672191596,-0.218299570420907,-0.274991584434984
"317",0.280033698119842,1.05101072488758,0.304407700170523,0.10935948018165
"318",-0.11700582345257,1.00786385320424,-0.115260410931721,-0.050045821679321
"319",-0.0727387955193906,1.00746269391093,-0.118883956640211,0.0291150214809331
"320",0.0237974587162544,1.00400204409949,-0.0783041721289126,0.0434575791221257
"321",-0.413828371175315,1.08647296975807,-0.377346783329309,-0.195020304394031
"322",-0.116238890076761,1.02059682445334,-0.126491677100772,-0.160055408244981
"323",0.119366977968612,1.01970965152535,0.157512362569954,0.122464807400282
"324",0.0914622747864058,1.00183131496535,-0.0106517719342528,0.0596030485786751
"325",-0.50484194354115,1.14706612625263,-0.418176310983801,-0.375352195848378
"326",-0.0533829552327142,1.00222872207301,-0.0590018556615976,-0.0313239904319206
"327",0.113989563027476,1.00110502448366,0.00728390941721543,0.0464565895220614
"328",0.336001495141208,1.04067116694769,0.200893992024472,0.206489906980327
"329",0.219357541467529,1.04458511708188,0.219057168580629,0.207778785544631
"330",0.0963829025591992,1.00617836807427,0.100891056275619,0.0470733804203352
"331",-0.116698294830896,1.01291321030286,-0.114351185099764,-0.113652884135535
"332",0.0730538505724797,1.00012981952965,-0.0127117455122544,0.00990290050675599
"333",-0.158628724249588,1.02337400459926,-0.15055357846576,-0.156933021702506
"334",-0.203876141258263,1.02199165293599,-0.107577215928867,-0.181367255269072
"335",0.049388290801707,1.00475419248249,-0.0022905837919184,0.097599900292131
"336",-0.354860834682125,1.0298312566236,-0.222426117239925,-0.10525701633861
"337",-0.310159958799692,1.03412182225296,-0.159433824586899,-0.209735068210763
"338",0.328500278836918,1.10108887594861,0.34226334189952,0.308630065822394
"339",-0.151332212918802,1.02420268992857,-0.198064413470656,-0.0988010028969813
"340",-0.198747906162202,1.02589163392847,-0.174903238571243,-0.147859736580711
"341",0.0986226279351099,1.01098043795724,0.143801895168819,0.0374494442958025
"342",0.206406191584664,1.03254346678396,0.207220017366124,0.152334747188592
"343",0.269565829012282,1.01306198152512,0.142932416741257,0.0765826524488727
"344",0.253475753426177,1.02884651633334,0.178482569717675,0.163306847615858
"345",-0.0556819657282599,1.00278423580742,-0.0746724336617012,0.000501233384777426
"346",0.154269885050803,1.00149091313924,0.0331048191911634,0.043452503343193
"347",-0.0835057959646341,1.00936792818713,-0.0903320398751647,-0.103265371857024
"348",-0.180268818652963,1.02293254804325,-0.148200960929146,-0.156292907791517
"349",0.30206227988981,1.06187857236734,0.1327362237181,0.331613023516807
"350",-0.0624888840790169,1.00679649227448,-0.0891695719401548,-0.0754185938360605
"351",0.140682734043405,1.00563539111315,0.0967859968967692,0.0439887561088536
"352",-0.149512068471413,1.02556393320472,-0.158277839134978,-0.163491610577096
"353",-0.0491174398640028,1.00086468140648,-0.0097394283605536,-0.0404382742225109
"354",0.0918672144853895,1.00672692896501,-0.048788295360666,0.105445776298119
"355",-0.252848394574651,1.00755690309977,-0.0497311621700487,-0.112684180314792
"356",0.167108667548303,1.01703320576595,-0.034424054677994,0.182130519381284
"357",0.298244237687796,1.06079561783784,0.250136333783903,0.250437931122887
"358",0.114528588518944,1.00978929190845,0.115335258335196,0.0798260122874258
"359",0.512655888617761,1.1956566682417,0.466072981449567,0.460837112517585
"360",-0.159021145079898,1.00564317454753,-0.100493821969896,-0.034916847794719
"361",0.0837313410051218,1.0059903288066,0.109536382136532,-0.00428049539777805
"362",0.162330813864031,1.02586960762984,0.184755898787673,0.135180285995299
"363",0.405274121992237,1.16566270252288,0.426261875814571,0.420797278128065
"364",-0.405414398194642,1.14782594040681,-0.44020360816855,-0.35174589240839
"365",-0.183948290917048,1.03303652245688,-0.220023120278686,-0.136946278783484
"366",0.0757568610366767,1.02768406571392,0.137218593777324,0.193146567259351
"367",-0.0745005151362455,1.01617483177685,-0.172050664314892,-0.0548621695298402
"368",0.336167806249793,1.0776564506642,0.293732965510088,0.273978777701486
"369",-0.0251479627325137,1.00564449262557,-0.102327519444203,-0.0291534614162051
"370",-0.424805282225608,1.11090448840873,-0.377964453004244,-0.302078888093603
"371",-0.507161972502975,1.11189424169451,-0.357599166085377,-0.329289600698906
"372",0.0811448854564673,1.01446360451114,0.168647161216022,0.0263541247531746
"373",-0.0493788219996091,1.00072868822638,-0.00689712751548184,-0.037554454746662
"374",0.0302067659237937,1.00015754411555,-0.000600298026827917,-0.0177412709104421
"375",-0.173790820407822,1.01312464553133,-0.0395414959663346,-0.157664255555044
"376",0.105357109797849,1.00055258039036,0.00055612823809766,0.0332438993981864
"377",-0.135957993731654,1.00806384604796,-0.12581825744399,0.0190390073994675
"378",0.149899286875242,1.01961127222244,0.14565709622569,0.135613999137862
"379",-0.0241124492790264,1.00253625225762,-0.0315305698168049,-0.0639121291915002
"380",-0.260218591165995,1.04642122472591,-0.134086917409725,-0.27752131113923
"381",-0.202816180426604,1.02306873838729,-0.0722999039442711,-0.203573984966165
"382",0.158155142845998,1.04185782319414,0.155774350667718,0.247390532205414
"383",0.376262911962331,1.07320543615017,0.290622285273157,0.259439001472204
"384",0.297317880226904,1.03484460122528,0.114940000032632,0.240191892197919
"385",-0.105096966691128,1.01431540509935,-0.0439955795230128,-0.164012590993147
"386",-0.0441373271081576,1.00680634926432,-0.0569641102540902,-0.102049571590984
"387",-0.277886086492311,1.03523333478063,-0.192678282263869,-0.185965418787671
"388",0.14598495021099,1.03449643003494,0.115664213597752,0.238337268273039
"389",0.101454602853924,1.00829420556948,0.034851233729816,0.124268244103258
"390",-0.0316608288492154,1.0025168834844,0.0397833968147292,-0.0587995153819388
"391",0.0547394315987409,1.0096939651351,-0.0424045236548185,0.132980297803247
"392",-0.479330867685399,1.13047751873364,-0.374657586483339,-0.370959719178042
"393",-0.307212288587003,1.06076332560613,-0.205104837214429,-0.288358871377708
"394",0.0397197535122218,1.00354348124067,0.0423656543665286,-0.0728331660078632
"395",0.576434934615434,1.18142816786836,0.480491908288377,0.406078861678603
"396",0.343735506673103,1.04929634015827,0.247698383299124,0.199169074859863
"397",0.426215404737381,1.09395801770701,0.390709576619885,0.209976596893457
"398",-0.0746271730025713,1.00123018763199,-0.00815918719942913,-0.0489419685937934
"399",-0.00438939117305434,1.00496185428594,-0.0372624005806255,0.0925194145722626
"400",0.0552784957584281,1.00477755814225,0.082873210080583,-0.0520573952214339
"401",0.207024448009752,1.0288504043415,0.201362366750019,0.134113205056383
"402",0.0184902646543696,1.01551428009722,0.100588458372902,0.145434573343254
"403",-0.021461178089734,1.00047261081563,-0.017328246448805,0.0254003320305494
"404",-0.227185818015469,1.00408909059905,-0.0893675743061683,-0.0144339364917989
"405",-0.468146353635669,1.14042322654358,-0.33682872612451,-0.43256392001345
"406",0.259903032303841,1.02984161975017,0.220215253547436,0.109904521629854
"407",0.422288126688015,1.10650660938876,0.216031587568379,0.421529630979466
"408",-0.00325817955555057,1.00363310004602,-0.0842783075932507,0.0132878281596631
"409",0.396783842051389,1.07604127697083,0.370530672882136,0.143428902939832
"410",-0.248649702391768,1.0055129570777,-0.0876472340303976,-0.0580884602823161
"411",0.17391666581791,1.04260053672167,0.276915996870677,0.101653380905071
"412",-0.122989220824183,1.00758556968834,-0.091522213908137,-0.0827790106581069
"413",-0.278059426134426,1.03238184468403,-0.146550257387637,-0.210559481602755
"414",-0.249829666856813,1.0203765243045,-0.12490270990033,-0.159898606658365
"415",0.392347818525135,1.05428429600971,0.183598516029369,0.278938992836256
"416",-0.300684447175845,1.04964391012865,-0.131242920961148,-0.290736364715111
"417",-0.261624957446749,1.03957860665133,-0.138860378027111,-0.24787390911769
"418",-0.235676925874995,1.05140158071431,-0.178485506278916,-0.271271465467545
"419",-0.384270766310161,1.08813333164997,-0.344264893526571,-0.255960603477976
"420",-0.198371494001826,1.03901855841905,-0.192109889364151,-0.206526887227048
"421",-0.0623017144168527,1.00988233332471,-0.0750176565236779,-0.119309171361904
"422",0.258568102504534,1.0390289368599,0.171324677730398,0.224118242079444
"423",0.187039173986973,1.02523337931003,0.152435915019397,0.166933441418012
"424",0.309134091563118,1.04962706176298,0.310744968632362,0.0717950782078342
"425",-0.344794142864261,1.07717889108,-0.337391689539685,-0.215595016681498
"426",0.0102122067806081,1.0064320515026,-0.0143905631394677,-0.112687115431412
"427",0.345863626769132,1.09355316530611,0.367326015965078,0.246840279019122
"428",0.25090622337292,1.04479386935725,0.177326849745142,0.245253782449846
"429",-0.512132729635693,1.13477543880814,-0.341470156297304,-0.4136585897579
"430",0.0218510750090282,1.00060001505465,-0.00349870724055607,-0.0344695398141689
"431",-0.260542692099557,1.04029141534322,-0.204439672326519,-0.201024001591389
"432",0.332104350722694,1.0639050129377,0.161513317649223,0.325280378713364
"433",0.0250613174223415,1.00316420497138,0.0663946458526322,-0.0439337357615215
"434",-0.172347649683916,1.02790186191443,-0.225037089314279,-0.0770749385995016
"435",0.00706009119773249,1.0003463286398,0.00958625611791093,-0.0245128724708659
"436",-0.228144019647492,1.02394566229645,-0.180968511313408,-0.125359950736805
"437",-0.244112264899854,1.0368990800566,-0.20605504187539,-0.180834238848579
"438",-0.258908707463891,1.01075154762027,-0.144316249363456,0.0281338086017886
"439",0.123870254899261,1.00321750284921,0.0789688680849385,-0.0144663712240444
"440",0.0785620849248419,1.01608782491701,0.170189833851513,0.0589057586164001
"441",0.309540107494255,1.03585256640956,0.179133921346564,0.202241384390723
"442",-0.279475796708022,1.04891968227103,-0.195409962083247,-0.249093248752711
"443",0.0954598473869312,1.00672430609473,0.0862448527155959,0.077818081844697
"444",-0.200968813739768,1.02884801661337,-0.192464442036213,-0.146579943515326
"445",0.0362135188749652,1.0046461131449,0.0333832580983,0.0905503767849336
"446",-0.241847657517378,1.0102521662658,-0.1416964816139,-0.0230552931661338
"447",-0.130732988674877,1.00489039888438,-0.0378943636616505,-0.0914807683214409
"448",-0.0428017179233875,1.00128707000418,-0.0505497097160491,0.00453027650145919
"449",0.205438205393002,1.05588641640321,0.285303498237781,0.183024692973621
"450",0.111355495451905,1.00701958585753,0.104167054480791,0.0569005365657726
"451",0.00834863884407862,1.01127698811091,0.0997692337048947,0.112815099559436
"452",0.248486624429614,1.02759637486006,0.233940381830974,0.0350172439566652
"453",-0.0208014488728619,1.00209002352329,-0.0271806804968432,0.0586994535974353
"454",-0.208944887816445,1.03444141390882,-0.240334138734501,-0.110943862238606
"455",-0.120882884792614,1.00570129265887,-0.0595675397663643,-0.0888076475417631
"456",0.401648877042287,1.11668302729254,0.370387436789704,0.331351973151798
"457",0.307924861154942,1.0314798609576,0.140371585287334,0.210348571673366
"458",0.12091711595116,1.00561731918965,0.0927055686730954,0.0516901363044559
"459",-0.0197939008003005,1.00422364205704,-0.0212507260512189,0.0895183216364047
"460",-0.0403465773303219,1.00170200166861,-0.0511571151486032,0.0281042650955807
"461",-0.114903281088687,1.02201765262804,-0.167196385482738,-0.128706841173388
"462",-0.165652144493479,1.00935700898437,-0.0473741905690638,-0.128675007883457
"463",-0.144372954155241,1.01166008333629,-0.0339106284126269,-0.149352581151606
"464",0.00920779069116836,1.00287560873035,0.0480983396101195,-0.0587029497812824
"465",0.405307725694997,1.11000878751999,0.269556909193039,0.399322652848401
"466",-0.0441247282786594,1.00987361903878,0.137548003301884,0.0304183039983962
"467",-0.512637028607322,1.0896955005455,-0.296446593986862,-0.315524485298217
"468",0.258392872090271,1.04802890188344,0.223174669606288,0.220357995155899
"469",0.603745159110198,1.16905102472432,0.478800910980971,0.370715505546727
"470",-0.285745765858992,1.04588146849062,-0.15566183227963,-0.26388906779826
"471",-0.0300465720812372,1.00367482978606,-0.0515381656650422,0.0686074443916499
"472",0.307361634616681,1.0196325308199,0.0876601509093592,0.178790927758514
"473",-0.0986288128548391,1.01506097453593,-0.154823670582237,-0.0798649676220551
"474",-0.103455424784169,1.0127571890215,-0.114950485946966,-0.111640090000362
"475",-0.0391987048634607,1.01265836130658,0.0226771795371354,-0.157995893150331
"476",-0.0519996169094145,1.00243991741495,-0.0474087868221876,0.0513633620291148
"477",0.128586948183137,1.01314644778968,-0.0260317149869585,0.160586657240533
"478",-0.340070948434491,1.04170643743846,-0.106967533792447,-0.271496313999076
"479",0.0754013425423787,1.00245876661664,0.0617614773029596,0.0333031333047361
"480",-0.212459144123041,1.01390514533271,-0.150328280276065,-0.0735190579467433
"481",0.121362909897426,1.01063726016832,0.102617272544233,0.104198690088258
"482",-0.513854962400626,1.16426317654344,-0.328844418086086,-0.497363139917547
"483",-0.00342696376183689,1.00312082926314,-0.0705103556506908,0.0357727249112078
"484",-0.389281022587721,1.05684591420613,-0.187175351786187,-0.286161971718654
"485",-0.0199915282258809,1.01704581342308,0.100310238272954,-0.155948846417808
"486",-0.021915306091459,1.00034222441972,-0.0251498214375476,-0.00721473760126381
"487",0.165508472082442,1.00747408050829,0.0563726283473005,0.108748101911007
"488",-0.031771524592042,1.00811058073745,-0.101430641098354,-0.0774517142558226
"489",0.148235763359282,1.01541073918482,0.109168036263595,0.138352120006222
"490",0.147297795068666,1.01552057437941,0.00831997146336608,0.176671489105447
"491",-0.138091965475019,1.01717085976014,-0.151177975054855,-0.108543898048231
"492",0.222859566922331,1.04324263393757,0.185851367943881,0.231979443697897
"493",-0.319489248494553,1.0573017714125,-0.249868305171843,-0.235484321988883
"494",0.0733992636551987,1.00469932253694,-0.00939883452427349,0.0966042991578367
"495",-0.17844801547435,1.01578584890762,-0.176585396816783,-0.0252683294268734
"496",0.202990806790701,1.03628372954428,0.0992090214073302,0.253064296552472
"497",-0.147508924382635,1.00812475319627,-0.0803754359820614,-0.0992739003853688
"498",0.211424655991693,1.01238317485603,0.135264422971694,0.0813832206889779
"499",-0.235995544042602,1.0230570295075,-0.173550820113504,-0.128552706944076
"500",0.0210121352347915,1.00328673588897,-0.047157313499455,0.0660337958492665
